Spectral Irradiance, W m-2 nm-1
values at z =      3.216 km
Columns: wavelength (nm), solar zenith angles (deg.)
    wc, nm     49.000     50.000     51.000     52.000     53.000     54.000     55.000     56.000     57.000     58.000     59.000     60.000     61.000     62.000     63.000     64.000     65.000     66.000     67.000     68.000     69.000     70.000     71.000     72.000     73.000     74.000     75.000     76.000     77.000     78.000     79.000     80.000     81.000     82.000     83.000     84.000     85.000     86.000     87.000     88.000     89.000     90.000
  280.0000  0.000E+00  0.000E+00  0.000E+00  0.000E+00  0.000E+00  0.000E+00  0.000E+00  0.000E+00  0.000E+00  0.000E+00  0.000E+00  0.000E+00  0.000E+00  0.000E+00  0.000E+00  0.000E+00  0.000E+00  0.000E+00  0.000E+00  0.000E+00  0.000E+00  0.000E+00  0.000E+00  0.000E+00  0.000E+00  0.000E+00  0.000E+00  0.000E+00  0.000E+00  0.000E+00  0.000E+00  0.000E+00  0.000E+00  0.000E+00  0.000E+00  0.000E+00  0.000E+00  0.000E+00  0.000E+00  0.000E+00  0.000E+00  0.000E+00
  281.0000  0.000E+00  0.000E+00  0.000E+00  0.000E+00  0.000E+00  0.000E+00  0.000E+00  0.000E+00  0.000E+00  0.000E+00  0.000E+00  0.000E+00  0.000E+00  0.000E+00  0.000E+00  0.000E+00  0.000E+00  0.000E+00  0.000E+00  0.000E+00  0.000E+00  0.000E+00  0.000E+00  0.000E+00  0.000E+00  0.000E+00  0.000E+00  0.000E+00  0.000E+00  0.000E+00  0.000E+00  0.000E+00  0.000E+00  0.000E+00  0.000E+00  0.000E+00  0.000E+00  0.000E+00  0.000E+00  0.000E+00  0.000E+00  0.000E+00
  282.0000  0.000E+00  0.000E+00  0.000E+00  0.000E+00  0.000E+00  0.000E+00  0.000E+00  0.000E+00  0.000E+00  0.000E+00  0.000E+00  0.000E+00  0.000E+00  0.000E+00  0.000E+00  0.000E+00  0.000E+00  0.000E+00  0.000E+00  0.000E+00  0.000E+00  0.000E+00  0.000E+00  0.000E+00  0.000E+00  0.000E+00  0.000E+00  0.000E+00  0.000E+00  0.000E+00  0.000E+00  0.000E+00  0.000E+00  0.000E+00  0.000E+00  0.000E+00  0.000E+00  0.000E+00  0.000E+00  0.000E+00  0.000E+00  0.000E+00
  283.0000  0.000E+00  0.000E+00  0.000E+00  0.000E+00  0.000E+00  0.000E+00  0.000E+00  0.000E+00  0.000E+00  0.000E+00  0.000E+00  0.000E+00  0.000E+00  0.000E+00  0.000E+00  0.000E+00  0.000E+00  0.000E+00  0.000E+00  0.000E+00  0.000E+00  0.000E+00  0.000E+00  0.000E+00  0.000E+00  0.000E+00  0.000E+00  0.000E+00  0.000E+00  0.000E+00  0.000E+00  0.000E+00  0.000E+00  0.000E+00  0.000E+00  0.000E+00  0.000E+00  0.000E+00  0.000E+00  0.000E+00  0.000E+00  0.000E+00
  284.0000  0.000E+00  0.000E+00  0.000E+00  0.000E+00  0.000E+00  0.000E+00  0.000E+00  0.000E+00  0.000E+00  0.000E+00  0.000E+00  0.000E+00  0.000E+00  0.000E+00  0.000E+00  0.000E+00  0.000E+00  0.000E+00  0.000E+00  0.000E+00  0.000E+00  0.000E+00  0.000E+00  0.000E+00  0.000E+00  0.000E+00  0.000E+00  0.000E+00  0.000E+00  0.000E+00  0.000E+00  0.000E+00  0.000E+00  0.000E+00  0.000E+00  0.000E+00  0.000E+00  0.000E+00  0.000E+00  0.000E+00  0.000E+00  0.000E+00
  285.0000  0.000E+00  0.000E+00  0.000E+00  0.000E+00  0.000E+00  0.000E+00  0.000E+00  0.000E+00  0.000E+00  0.000E+00  0.000E+00  0.000E+00  0.000E+00  0.000E+00  0.000E+00  0.000E+00  0.000E+00  0.000E+00  0.000E+00  0.000E+00  0.000E+00  0.000E+00  0.000E+00  0.000E+00  0.000E+00  0.000E+00  0.000E+00  0.000E+00  0.000E+00  0.000E+00  0.000E+00  0.000E+00  0.000E+00  0.000E+00  0.000E+00  0.000E+00  0.000E+00  0.000E+00  0.000E+00  0.000E+00  0.000E+00  0.000E+00
  286.0000  0.000E+00  0.000E+00  0.000E+00  0.000E+00  0.000E+00  0.000E+00  0.000E+00  0.000E+00  0.000E+00  0.000E+00  0.000E+00  0.000E+00  0.000E+00  0.000E+00  0.000E+00  0.000E+00  0.000E+00  0.000E+00  0.000E+00  0.000E+00  0.000E+00  0.000E+00  0.000E+00  0.000E+00  0.000E+00  0.000E+00  0.000E+00  0.000E+00  0.000E+00  0.000E+00  0.000E+00  0.000E+00  0.000E+00  0.000E+00  0.000E+00  0.000E+00  0.000E+00  0.000E+00  0.000E+00  0.000E+00  0.000E+00  0.000E+00
  287.0000  0.000E+00  0.000E+00  0.000E+00  0.000E+00  0.000E+00  0.000E+00  0.000E+00  0.000E+00  0.000E+00  0.000E+00  0.000E+00  0.000E+00  0.000E+00  0.000E+00  0.000E+00  0.000E+00  0.000E+00  0.000E+00  0.000E+00  0.000E+00  0.000E+00  0.000E+00  0.000E+00  0.000E+00  0.000E+00  0.000E+00  0.000E+00  0.000E+00  0.000E+00  0.000E+00  0.000E+00  0.000E+00  0.000E+00  0.000E+00  0.000E+00  0.000E+00  0.000E+00  0.000E+00  0.000E+00  0.000E+00  0.000E+00  0.000E+00
  288.0000  0.000E+00  0.000E+00  0.000E+00  0.000E+00  0.000E+00  0.000E+00  0.000E+00  0.000E+00  0.000E+00  0.000E+00  0.000E+00  0.000E+00  0.000E+00  0.000E+00  0.000E+00  0.000E+00  0.000E+00  0.000E+00  0.000E+00  0.000E+00  0.000E+00  0.000E+00  0.000E+00  0.000E+00  0.000E+00  0.000E+00  0.000E+00  0.000E+00  0.000E+00  0.000E+00  0.000E+00  0.000E+00  0.000E+00  0.000E+00  0.000E+00  0.000E+00  0.000E+00  0.000E+00  0.000E+00  0.000E+00  0.000E+00  0.000E+00
  289.0000  0.000E+00  0.000E+00  0.000E+00  0.000E+00  0.000E+00  0.000E+00  0.000E+00  0.000E+00  0.000E+00  0.000E+00  0.000E+00  0.000E+00  0.000E+00  0.000E+00  0.000E+00  0.000E+00  0.000E+00  0.000E+00  0.000E+00  0.000E+00  0.000E+00  0.000E+00  0.000E+00  0.000E+00  0.000E+00  0.000E+00  0.000E+00  0.000E+00  0.000E+00  0.000E+00  0.000E+00  0.000E+00  0.000E+00  0.000E+00  0.000E+00  0.000E+00  0.000E+00  0.000E+00  0.000E+00  0.000E+00  0.000E+00  0.000E+00
  290.0000  5.618E-08  3.984E-08  2.771E-08  1.889E-08  1.259E-08  8.193E-09  5.196E-09  3.205E-09  1.918E-09  1.110E-09  6.199E-10  3.328E-10  1.711E-10  8.386E-11  3.900E-11  1.711E-11  7.038E-12  2.692E-12  9.498E-13  3.059E-13  8.884E-14  2.295E-14  5.185E-15  1.004E-15  1.628E-16  2.145E-17  2.216E-18  1.719E-19  9.476E-21  3.466E-22  7.716E-24  9.357E-26  5.367E-28  1.213E-30  8.560E-34  1.404E-37  3.744E-42  0.000E+00  0.000E+00  0.000E+00  0.000E+00  0.000E+00
  291.0000  2.436E-07  1.778E-07  1.275E-07  8.971E-08  6.186E-08  4.174E-08  2.750E-08  1.767E-08  1.104E-08  6.691E-09  3.925E-09  2.221E-09  1.208E-09  6.289E-10  3.121E-10  1.469E-10  6.513E-11  2.704E-11  1.042E-11  3.697E-12  1.193E-12  3.460E-13  8.878E-14  1.979E-14  3.748E-15  5.874E-16  7.374E-17  7.121E-18  5.031E-19  2.443E-20  7.530E-22  1.331E-23  1.185E-25  4.489E-28  5.837E-31  1.981E-34  1.255E-38  1.009E-43  0.000E+00  0.000E+00  0.000E+00  0.000E+00
  292.0000  1.258E-06  9.513E-07  7.085E-07  5.189E-07  3.734E-07  2.635E-07  1.821E-07  1.231E-07  8.115E-08  5.210E-08  3.250E-08  1.963E-08  1.145E-08  6.430E-09  3.460E-09  1.777E-09  8.658E-10  3.980E-10  1.714E-10  6.858E-11  2.525E-11  8.457E-12  2.543E-12  6.753E-13  1.553E-13  3.023E-14  4.837E-15  6.138E-16  5.912E-17  4.087E-18  1.890E-19  5.345E-21  8.229E-23  5.937E-25  1.654E-27  1.389E-30  2.586E-34  7.448E-39  2.242E-44  0.000E+00  0.000E+00  0.000E+00
  293.0000  3.613E-06  2.794E-06  2.130E-06  1.599E-06  1.181E-06  8.572E-07  6.102E-07  4.255E-07  2.901E-07  1.930E-07  1.250E-07  7.866E-08  4.793E-08  2.819E-08  1.595E-08  8.644E-09  4.465E-09  2.186E-09  1.008E-09  4.346E-10  1.736E-10  6.357E-11  2.108E-11  6.240E-12  1.619E-12  3.602E-13  6.696E-14  1.006E-14  1.174E-15  1.010E-16  6.006E-18  2.272E-19  4.910E-21  5.279E-23  2.358E-25  3.475E-28  1.263E-31  8.029E-36  6.150E-41  0.000E+00  0.000E+00  0.000E+00
  294.0000  1.310E-05  1.041E-05  8.164E-06  6.318E-06  4.818E-06  3.616E-06  2.669E-06  1.933E-06  1.373E-06  9.537E-07  6.470E-07  4.277E-07  2.747E-07  1.710E-07  1.029E-07  5.952E-08  3.301E-08  1.745E-08  8.748E-09  4.130E-09  1.821E-09  7.436E-10  2.779E-10  9.386E-11  2.819E-11  7.385E-12  1.648E-12  3.043E-13  4.484E-14  5.034E-15  4.065E-16  2.191E-17  7.156E-19  1.250E-20  9.923E-23  2.897E-25  2.377E-28  3.950E-32  9.164E-37  1.983E-42  0.000E+00  0.000E+00
  295.0000  3.283E-05  2.658E-05  2.128E-05  1.682E-05  1.312E-05  1.008E-05  7.633E-06  5.681E-06  4.151E-06  2.973E-06  2.084E-06  1.426E-06  9.512E-07  6.164E-07  3.870E-07  2.346E-07  1.368E-07  7.635E-08  4.059E-08  2.043E-08  9.663E-09  4.259E-09  1.732E-09  6.421E-10  2.139E-10  6.287E-11  1.596E-11  3.409E-12  5.922E-13  8.026E-14  8.043E-15  5.567E-16  2.435E-17  5.996E-19  7.146E-21  3.384E-23  4.941E-26  1.624E-29  8.294E-34  4.266E-39  1.401E-45  0.000E+00
  296.0000  1.146E-04  9.485E-05  7.769E-05  6.294E-05  5.038E-05  3.982E-05  3.103E-05  2.382E-05  1.799E-05  1.335E-05  9.715E-06  6.922E-06  4.819E-06  3.270E-06  2.157E-06  1.379E-06  8.520E-07  5.062E-07  2.880E-07  1.561E-07  8.001E-08  3.853E-08  1.727E-08  7.126E-09  2.673E-09  8.973E-10  2.643E-10  6.674E-11  1.402E-11  2.359E-12  3.032E-13  2.798E-14  1.713E-15  6.261E-17  1.191E-18  9.836E-21  2.786E-23  2.005E-26  2.529E-30  3.500E-35  2.292E-41  0.000E+00
  297.0000  1.536E-04  1.291E-04  1.074E-04  8.848E-05  7.210E-05  5.806E-05  4.616E-05  3.620E-05  2.796E-05  2.125E-05  1.587E-05  1.162E-05  8.331E-06  5.834E-06  3.982E-06  2.641E-06  1.697E-06  1.052E-06  6.269E-07  3.573E-07  1.935E-07  9.900E-08  4.741E-08  2.106E-08  8.568E-09  3.149E-09  1.027E-09  2.907E-10  6.951E-11  1.356E-11  2.067E-12  2.323E-13  1.789E-14  8.570E-16  2.245E-17  2.715E-19  1.212E-21  1.495E-24  3.522E-28  9.709E-33  1.272E-38  0.000E+00
  298.0000  4.842E-04  4.136E-04  3.502E-04  2.939E-04  2.442E-04  2.008E-04  1.632E-04  1.310E-04  1.037E-04  8.095E-05  6.217E-05  4.693E-05  3.475E-05  2.519E-05  1.785E-05  1.232E-05  8.268E-06  5.373E-06  3.370E-06  2.030E-06  1.168E-06  6.387E-07  3.291E-07  1.584E-07  7.051E-08  2.863E-08  1.044E-08  3.353E-09  9.249E-10  2.124E-10  3.903E-11  5.449E-12  5.405E-13  3.486E-14  1.299E-15  2.390E-17  1.759E-19  3.922E-22  1.833E-25  1.074E-29  2.979E-35  0.000E+00
  299.0000  7.563E-04  6.535E-04  5.602E-04  4.762E-04  4.011E-04  3.345E-04  2.761E-04  2.252E-04  1.815E-04  1.443E-04  1.130E-04  8.712E-05  6.598E-05  4.901E-05  3.563E-05  2.530E-05  1.750E-05  1.175E-05  7.635E-06  4.781E-06  2.871E-06  1.644E-06  8.912E-07  4.539E-07  2.150E-07  9.361E-08  3.691E-08  1.294E-08  3.943E-09  1.015E-09  2.124E-10  3.450E-11  4.084E-12  3.242E-13  1.546E-14  3.813E-16  3.984E-18  1.346E-20  1.020E-23  1.021E-27  4.886E-33 -1.401E-45
  300.0000  1.130E-03  9.890E-04  8.592E-04  7.407E-04  6.333E-04  5.367E-04  4.504E-04  3.741E-04  3.073E-04  2.493E-04  1.995E-04  1.574E-04  1.222E-04  9.322E-05  6.974E-05  5.107E-05  3.651E-05  2.542E-05  1.718E-05  1.122E-05  7.059E-06  4.253E-06  2.439E-06  1.321E-06  6.705E-07  3.151E-07  1.354E-07  5.227E-08  1.777E-08  5.181E-09  1.252E-09  2.402E-10  3.452E-11  3.443E-12  2.151E-13  7.326E-15  1.124E-16  5.992E-19  7.707E-22  1.384E-25  1.195E-30 -3.671E-43
  301.0000  2.219E-03  1.961E-03  1.721E-03  1.500E-03  1.297E-03  1.113E-03  9.459E-04  7.965E-04  6.638E-04  5.470E-04  4.452E-04  3.575E-04  2.829E-04  2.202E-04  1.684E-04  1.263E-04  9.261E-05  6.628E-05  4.615E-05  3.115E-05  2.031E-05  1.272E-05  7.616E-06  4.327E-06  2.314E-06  1.154E-06  5.292E-07  2.201E-07  8.139E-08  2.612E-08  7.049E-09  1.536E-09  2.563E-10  3.047E-11  2.344E-12  1.023E-13  2.111E-15  1.600E-17  3.101E-20  8.793E-24  1.213E-28 -5.752E-41
  302.0000  2.889E-03  2.574E-03  2.279E-03  2.005E-03  1.752E-03  1.518E-03  1.306E-03  1.113E-03  9.389E-04  7.842E-04  6.475E-04  5.280E-04  4.248E-04  3.366E-04  2.623E-04  2.008E-04  1.505E-04  1.103E-04  7.886E-05  5.476E-05  3.682E-05  2.386E-05  1.483E-05  8.779E-06  4.914E-06  2.577E-06  1.252E-06  5.552E-07  2.208E-07  7.701E-08  2.287E-08  5.569E-09  1.057E-09  1.464E-10  1.349E-11  7.301E-13  1.950E-14  2.007E-16  5.565E-19  2.356E-22  4.924E-27 -3.470E-39
  303.0000  6.305E-03  5.666E-03  5.063E-03  4.497E-03  3.969E-03  3.478E-03  3.024E-03  2.609E-03  2.230E-03  1.888E-03  1.582E-03  1.311E-03  1.072E-03  8.652E-04  6.876E-04  5.373E-04  4.121E-04  3.095E-04  2.271E-04  1.624E-04  1.127E-04  7.558E-05  4.878E-05  3.012E-05  1.767E-05  9.760E-06  5.024E-06  2.379E-06  1.019E-06  3.870E-07  1.267E-07  3.455E-08  7.485E-09  1.210E-09  1.341E-10  9.043E-12  3.140E-13  4.418E-15  1.763E-17  1.121E-20  3.559E-25 -3.708E-37
  304.0000  7.629E-03  6.894E-03  6.197E-03  5.539E-03  4.920E-03  4.341E-03  3.804E-03  3.307E-03  2.851E-03  2.436E-03  2.060E-03  1.724E-03  1.426E-03  1.164E-03  9.369E-04  7.421E-04  5.775E-04  4.407E-04  3.290E-04  2.396E-04  1.697E-04  1.164E-04  7.703E-05  4.888E-05  2.955E-05  1.688E-05  9.026E-06  4.460E-06  2.005E-06  8.045E-07  2.807E-07  8.235E-08  1.944E-08  3.478E-09  4.346E-10  3.383E-11  1.396E-12  2.413E-14  1.227E-16  1.028E-19  4.392E-24 -6.202E-36
  305.0000  1.181E-02  1.075E-02  9.731E-03  8.765E-03  7.850E-03  6.987E-03  6.178E-03  5.424E-03  4.725E-03  4.082E-03  3.495E-03  2.962E-03  2.483E-03  2.057E-03  1.681E-03  1.354E-03  1.073E-03  8.355E-04  6.372E-04  4.751E-04  3.451E-04  2.435E-04  1.661E-04  1.090E-04  6.845E-05  4.078E-05  2.285E-05  1.191E-05  5.686E-06  2.443E-06  9.222E-07  2.965E-07  7.787E-08  1.580E-08  2.291E-09  2.131E-10  1.088E-11  2.424E-13  1.659E-15  1.940E-18  1.174E-22 -2.320E-34
  306.0000  1.206E-02  1.103E-02  1.003E-02  9.084E-03  8.180E-03  7.322E-03  6.514E-03  5.756E-03  5.049E-03  4.393E-03  3.790E-03  3.239E-03  2.740E-03  2.291E-03  1.892E-03  1.541E-03  1.236E-03  9.748E-04  7.540E-04  5.708E-04  4.216E-04  3.030E-04  2.109E-04  1.415E-04  9.107E-05  5.578E-05  3.224E-05  1.739E-05  8.638E-06  3.883E-06  1.544E-06  5.270E-07  1.485E-07  3.273E-08  5.239E-09  5.482E-10  3.224E-11  8.513E-13  7.122E-15  1.048E-17  8.150E-22 -2.096E-33
  307.0000  1.693E-02  1.555E-02  1.422E-02  1.294E-02  1.172E-02  1.055E-02  9.449E-03  8.406E-03  7.426E-03  6.512E-03  5.664E-03  4.883E-03  4.169E-03  3.522E-03  2.940E-03  2.423E-03  1.968E-03  1.573E-03  1.234E-03  9.496E-04  7.139E-04  5.229E-04  3.718E-04  2.554E-04  1.687E-04  1.063E-04  6.348E-05  3.552E-05  1.839E-05  8.666E-06  3.638E-06  1.323E-06  4.014E-07  9.650E-08  1.713E-08  2.028E-09  1.384E-10  4.364E-12  4.503E-14  8.415E-17  8.459E-21 -2.832E-32
  308.0000  2.146E-02  1.980E-02  1.819E-02  1.664E-02  1.514E-02  1.371E-02  1.235E-02  1.105E-02  9.828E-03  8.678E-03  7.605E-03  6.609E-03  5.691E-03  4.851E-03  4.090E-03  3.406E-03  2.799E-03  2.265E-03  1.802E-03  1.406E-03  1.074E-03  8.010E-04  5.806E-04  4.075E-04  2.755E-04  1.784E-04  1.097E-04  6.345E-05  3.412E-05  1.679E-05  7.408E-06  2.854E-06  9.263E-07  2.412E-07  4.704E-08  6.239E-09  4.877E-10  1.810E-11  2.265E-13  5.280E-16  6.747E-20 -2.904E-31
  309.0000  2.338E-02  2.162E-02  1.992E-02  1.827E-02  1.668E-02  1.515E-02  1.369E-02  1.230E-02  1.098E-02  9.735E-03  8.568E-03  7.481E-03  6.474E-03  5.549E-03  4.706E-03  3.943E-03  3.262E-03  2.659E-03  2.132E-03  1.679E-03  1.295E-03  9.753E-04  7.150E-04  5.082E-04  3.485E-04  2.291E-04  1.434E-04  8.460E-05  4.652E-05  2.349E-05  1.067E-05  4.255E-06  1.437E-06  3.924E-07  8.100E-08  1.150E-08  9.759E-10  4.003E-11  5.650E-13  1.519E-15  2.289E-19 -1.197E-30
  310.0000  2.485E-02  2.309E-02  2.137E-02  1.969E-02  1.807E-02  1.651E-02  1.500E-02  1.356E-02  1.219E-02  1.089E-02  9.654E-03  8.497E-03  7.417E-03  6.417E-03  5.496E-03  4.656E-03  3.896E-03  3.216E-03  2.615E-03  2.090E-03  1.638E-03  1.256E-03  9.390E-04  6.820E-04  4.790E-04  3.235E-04  2.086E-04  1.273E-04  7.276E-05  3.838E-05  1.834E-05  7.753E-06  2.805E-06  8.300E-07  1.886E-07  3.002E-08  2.924E-09  1.415E-10  2.426E-12  8.141E-15  1.559E-18 -1.043E-29
  311.0000  4.342E-02  4.042E-02  3.748E-02  3.463E-02  3.185E-02  2.917E-02  2.658E-02  2.410E-02  2.172E-02  1.946E-02  1.731E-02  1.530E-02  1.340E-02  1.164E-02  1.002E-02  8.528E-03  7.174E-03  5.956E-03  4.872E-03  3.920E-03  3.095E-03  2.392E-03  1.804E-03  1.323E-03  9.397E-04  6.423E-04  4.199E-04  2.602E-04  1.513E-04  8.142E-05  3.982E-05  1.729E-05  6.452E-06  1.981E-06  4.705E-07  7.901E-08  8.213E-09  4.301E-10  8.124E-12  3.064E-14  6.750E-18 -5.368E-29
  312.0000  4.067E-02  3.796E-02  3.530E-02  3.271E-02  3.018E-02  2.773E-02  2.536E-02  2.308E-02  2.089E-02  1.879E-02  1.680E-02  1.491E-02  1.314E-02  1.148E-02  9.933E-03  8.511E-03  7.210E-03  6.031E-03  4.974E-03  4.038E-03  3.220E-03  2.516E-03  1.920E-03  1.427E-03  1.028E-03  7.142E-04  4.754E-04  3.008E-04  1.790E-04  9.891E-05  4.988E-05  2.244E-05  8.731E-06  2.816E-06  7.092E-07  1.278E-07  1.446E-08  8.397E-10  1.795E-11  7.829E-14  2.036E-17 -1.958E-28
  313.0000  4.761E-02  4.455E-02  4.155E-02  3.861E-02  3.574E-02  3.294E-02  3.023E-02  2.761E-02  2.508E-02  2.266E-02  2.035E-02  1.815E-02  1.607E-02  1.411E-02  1.229E-02  1.059E-02  9.035E-03  7.614E-03  6.330E-03  5.184E-03  4.173E-03  3.295E-03  2.544E-03  1.915E-03  1.399E-03  9.871E-04  6.687E-04  4.316E-04  2.627E-04  1.489E-04  7.737E-05  3.602E-05  1.459E-05  4.937E-06  1.316E-06  2.539E-07  3.120E-08  2.002E-09  4.824E-11  2.423E-13  7.409E-17 -8.584E-28
  314.0000  5.330E-02  4.993E-02  4.662E-02  4.338E-02  4.021E-02  3.712E-02  3.411E-02  3.121E-02  2.840E-02  2.571E-02  2.313E-02  2.068E-02  1.835E-02  1.616E-02  1.411E-02  1.220E-02  1.044E-02  8.823E-03  7.363E-03  6.054E-03  4.895E-03  3.883E-03  3.014E-03  2.282E-03  1.678E-03  1.193E-03  8.146E-04  5.306E-04  3.264E-04  1.873E-04  9.864E-05  4.668E-05  1.927E-05  6.669E-06  1.826E-06  3.642E-07  4.663E-08  3.147E-09  8.081E-11  4.400E-13  1.492E-16 -1.993E-27
  315.0000  5.681E-02  5.337E-02  4.998E-02  4.664E-02  4.338E-02  4.018E-02  3.707E-02  3.404E-02  3.111E-02  2.829E-02  2.557E-02  2.297E-02  2.050E-02  1.815E-02  1.595E-02  1.388E-02  1.196E-02  1.019E-02  8.580E-03  7.120E-03  5.815E-03  4.665E-03  3.665E-03  2.812E-03  2.099E-03  1.518E-03  1.056E-03  7.026E-04  4.427E-04  2.611E-04  1.419E-04  6.966E-05  3.002E-05  1.093E-05  3.180E-06  6.817E-07  9.525E-08  7.144E-09  2.082E-10  1.314E-12  5.265E-16 -8.481E-27
  316.0000  4.696E-02  4.414E-02  4.136E-02  3.862E-02  3.594E-02  3.332E-02  3.076E-02  2.827E-02  2.586E-02  2.353E-02  2.129E-02  1.915E-02  1.710E-02  1.516E-02  1.334E-02  1.163E-02  1.003E-02  8.565E-03  7.221E-03  6.004E-03  4.914E-03  3.951E-03  3.112E-03  2.395E-03  1.793E-03  1.301E-03  9.088E-04  6.072E-04  3.846E-04  2.281E-04  1.249E-04  6.177E-05  2.688E-05  9.895E-06  2.919E-06  6.367E-07  9.092E-08  7.015E-09  2.123E-10  1.412E-12  6.111E-16 -1.111E-26
  317.0000  7.300E-02  6.875E-02  6.456E-02  6.043E-02  5.637E-02  5.239E-02  4.849E-02  4.470E-02  4.101E-02  3.744E-02  3.400E-02  3.069E-02  2.752E-02  2.451E-02  2.166E-02  1.897E-02  1.646E-02  1.413E-02  1.199E-02  1.004E-02  8.279E-03  6.711E-03  5.335E-03  4.147E-03  3.140E-03  2.306E-03  1.634E-03  1.109E-03  7.149E-04  4.328E-04  2.425E-04  1.233E-04  5.540E-05  2.118E-05  6.538E-06  1.506E-06  2.297E-07  1.921E-08  6.406E-10  4.785E-12  2.371E-15 -5.067E-26
  318.0000  6.515E-02  6.139E-02  5.768E-02  5.402E-02  5.042E-02  4.689E-02  4.343E-02  4.006E-02  3.678E-02  3.361E-02  3.054E-02  2.759E-02  2.477E-02  2.208E-02  1.953E-02  1.713E-02  1.489E-02  1.280E-02  1.088E-02  9.120E-03  7.534E-03  6.120E-03  4.876E-03  3.799E-03  2.884E-03  2.125E-03  1.511E-03  1.029E-03  6.666E-04  4.057E-04  2.287E-04  1.171E-04  5.304E-05  2.049E-05  6.402E-06  1.497E-06  2.330E-07  1.999E-08  6.900E-10  5.411E-12  2.882E-15 -6.908E-26
  319.0000  7.606E-02  7.184E-02  6.766E-02  6.352E-02  5.945E-02  5.544E-02  5.151E-02  4.767E-02  4.392E-02  4.028E-02  3.674E-02  3.334E-02  3.006E-02  2.693E-02  2.394E-02  2.112E-02  1.846E-02  1.597E-02  1.367E-02  1.155E-02  9.624E-03  7.889E-03  6.349E-03  5.003E-03  3.846E-03  2.873E-03  2.074E-03  1.439E-03  9.504E-04  5.917E-04  3.424E-04  1.807E-04  8.485E-05  3.419E-05  1.123E-05  2.791E-06  4.672E-07  4.379E-08  1.681E-09  1.495E-11  9.190E-15 -2.598E-25
  320.0000  8.608E-02  8.126E-02  7.649E-02  7.178E-02  6.713E-02  6.257E-02  5.810E-02  5.373E-02  4.946E-02  4.532E-02  4.132E-02  3.745E-02  3.374E-02  3.019E-02  2.681E-02  2.362E-02  2.062E-02  1.782E-02  1.523E-02  1.285E-02  1.068E-02  8.742E-03  7.021E-03  5.519E-03  4.232E-03  3.152E-03  2.269E-03  1.568E-03  1.032E-03  6.394E-04  3.681E-04  1.932E-04  9.009E-05  3.602E-05  1.174E-05  2.889E-06  4.788E-07  4.447E-08  1.699E-09  1.518E-11  9.625E-15 -2.956E-25
  321.0000  9.243E-02  8.746E-02  8.253E-02  7.764E-02  7.282E-02  6.807E-02  6.341E-02  5.883E-02  5.435E-02  4.999E-02  4.575E-02  4.165E-02  3.769E-02  3.390E-02  3.027E-02  2.682E-02  2.355E-02  2.049E-02  1.764E-02  1.500E-02  1.258E-02  1.039E-02  8.433E-03  6.706E-03  5.208E-03  3.935E-03  2.878E-03  2.025E-03  1.360E-03  8.627E-04  5.102E-04  2.762E-04  1.336E-04  5.579E-05  1.914E-05  5.012E-06  8.952E-07  9.101E-08  3.874E-09  3.931E-11  2.878E-14 -1.040E-24
  322.0000  9.362E-02  8.858E-02  8.359E-02  7.864E-02  7.375E-02  6.894E-02  6.421E-02  5.957E-02  5.504E-02  5.062E-02  4.632E-02  4.217E-02  3.816E-02  3.431E-02  3.064E-02  2.714E-02  2.384E-02  2.074E-02  1.785E-02  1.517E-02  1.273E-02  1.051E-02  8.530E-03  6.782E-03  5.267E-03  3.979E-03  2.910E-03  2.047E-03  1.374E-03  8.720E-04  5.157E-04  2.793E-04  1.351E-04  5.646E-05  1.939E-05  5.087E-06  9.119E-07  9.333E-08  4.024E-09  4.183E-11  3.213E-14 -1.275E-24
  323.0000  8.339E-02  7.894E-02  7.453E-02  7.016E-02  6.585E-02  6.159E-02  5.740E-02  5.330E-02  4.928E-02  4.536E-02  4.155E-02  3.786E-02  3.430E-02  3.088E-02  2.760E-02  2.448E-02  2.153E-02  1.876E-02  1.617E-02  1.378E-02  1.158E-02  9.584E-03  7.795E-03  6.214E-03  4.840E-03  3.669E-03  2.693E-03  1.902E-03  1.284E-03  8.189E-04  4.874E-04  2.660E-04  1.299E-04  5.484E-05  1.908E-05  5.088E-06  9.312E-07  9.786E-08  4.370E-09  4.767E-11  3.922E-14 -1.730E-24
  324.0000  1.002E-01  9.502E-02  8.988E-02  8.478E-02  7.974E-02  7.476E-02  6.985E-02  6.502E-02  6.028E-02  5.565E-02  5.114E-02  4.675E-02  4.250E-02  3.841E-02  3.448E-02  3.072E-02  2.715E-02  2.378E-02  2.061E-02  1.767E-02  1.495E-02  1.247E-02  1.022E-02  8.223E-03  6.469E-03  4.958E-03  3.685E-03  2.640E-03  1.810E-03  1.176E-03  7.150E-04  3.998E-04  2.009E-04  8.775E-05  3.179E-05  8.903E-06  1.729E-06  1.952E-07  9.510E-09  1.151E-10  1.069E-13 -5.449E-24
  325.0000  1.065E-01  1.009E-01  9.540E-02  8.993E-02  8.452E-02  7.918E-02  7.392E-02  6.875E-02  6.369E-02  5.874E-02  5.392E-02  4.924E-02  4.471E-02  4.035E-02  3.617E-02  3.218E-02  2.840E-02  2.483E-02  2.149E-02  1.838E-02  1.552E-02  1.291E-02  1.056E-02  8.467E-03  6.639E-03  5.070E-03  3.753E-03  2.677E-03  1.827E-03  1.180E-03  7.127E-04  3.956E-04  1.971E-04  8.527E-05  3.055E-05  8.450E-06  1.618E-06  1.803E-07  8.686E-09  1.049E-10  9.963E-14 -5.454E-24
  326.0000  1.439E-01  1.365E-01  1.292E-01  1.219E-01  1.148E-01  1.077E-01  1.006E-01  9.375E-02  8.699E-02  8.037E-02  7.392E-02  6.764E-02  6.156E-02  5.568E-02  5.004E-02  4.464E-02  3.951E-02  3.465E-02  3.009E-02  2.583E-02  2.190E-02  1.830E-02  1.504E-02  1.213E-02  9.568E-03  7.356E-03  5.487E-03  3.948E-03  2.720E-03  1.777E-03  1.087E-03  6.124E-04  3.105E-04  1.372E-04  5.041E-05  1.437E-05  2.858E-06  3.334E-07  1.701E-08  2.208E-10  2.293E-13 -1.413E-23
  327.0000  1.427E-01  1.355E-01  1.284E-01  1.213E-01  1.142E-01  1.073E-01  1.004E-01  9.365E-02  8.701E-02  8.050E-02  7.414E-02  6.795E-02  6.195E-02  5.614E-02  5.055E-02  4.519E-02  4.008E-02  3.524E-02  3.068E-02  2.642E-02  2.247E-02  1.884E-02  1.554E-02  1.259E-02  9.978E-03  7.713E-03  5.787E-03  4.192E-03  2.910E-03  1.918E-03  1.185E-03  6.757E-04  3.474E-04  1.560E-04  5.849E-05  1.709E-05  3.501E-06  4.241E-07  2.270E-08  3.130E-10  3.522E-13 -2.428E-23
  328.0000  1.372E-01  1.302E-01  1.233E-01  1.164E-01  1.096E-01  1.029E-01  9.624E-02  8.971E-02  8.329E-02  7.701E-02  7.088E-02  6.491E-02  5.912E-02  5.353E-02  4.816E-02  4.301E-02  3.811E-02  3.346E-02  2.910E-02  2.502E-02  2.125E-02  1.778E-02  1.465E-02  1.184E-02  9.363E-03  7.219E-03  5.402E-03  3.901E-03  2.699E-03  1.772E-03  1.090E-03  6.184E-04  3.161E-04  1.411E-04  5.250E-05  1.522E-05  3.092E-06  3.717E-07  1.981E-08  2.745E-10  3.174E-13 -2.351E-23
  329.0000  1.475E-01  1.402E-01  1.329E-01  1.257E-01  1.185E-01  1.114E-01  1.044E-01  9.750E-02  9.070E-02  8.403E-02  7.751E-02  7.115E-02  6.497E-02  5.899E-02  5.321E-02  4.767E-02  4.238E-02  3.736E-02  3.261E-02  2.816E-02  2.403E-02  2.022E-02  1.675E-02  1.362E-02  1.085E-02  8.430E-03  6.363E-03  4.641E-03  3.247E-03  2.159E-03  1.348E-03  7.782E-04  4.060E-04  1.856E-04  7.108E-05  2.133E-05  4.522E-06  5.728E-07  3.254E-08  4.875E-10  6.196E-13 -5.172E-23
  330.0000  1.729E-01  1.644E-01  1.559E-01  1.475E-01  1.391E-01  1.309E-01  1.227E-01  1.146E-01  1.067E-01  9.891E-02  9.129E-02  8.386E-02  7.663E-02  6.963E-02  6.287E-02  5.638E-02  5.017E-02  4.426E-02  3.869E-02  3.345E-02  2.858E-02  2.408E-02  1.998E-02  1.628E-02  1.300E-02  1.012E-02  7.661E-03  5.604E-03  3.934E-03  2.626E-03  1.648E-03  9.560E-04  5.019E-04  2.312E-04  8.941E-05  2.715E-05  5.845E-06  7.552E-07  4.408E-08  6.866E-10  9.251E-13 -8.484E-23
  331.0000  1.479E-01  1.406E-01  1.333E-01  1.261E-01  1.189E-01  1.118E-01  1.048E-01  9.789E-02  9.108E-02  8.441E-02  7.788E-02  7.151E-02  6.532E-02  5.932E-02  5.354E-02  4.798E-02  4.268E-02  3.763E-02  3.287E-02  2.840E-02  2.424E-02  2.041E-02  1.692E-02  1.378E-02  1.098E-02  8.544E-03  6.458E-03  4.716E-03  3.305E-03  2.202E-03  1.379E-03  7.983E-04  4.181E-04  1.921E-04  7.404E-05  2.242E-05  4.815E-06  6.217E-07  3.642E-08  5.745E-10  8.001E-13 -7.896E-23
  332.0000  1.510E-01  1.436E-01  1.363E-01  1.291E-01  1.219E-01  1.147E-01  1.076E-01  1.007E-01  9.378E-02  8.703E-02  8.041E-02  7.395E-02  6.766E-02  6.156E-02  5.567E-02  5.000E-02  4.457E-02  3.939E-02  3.450E-02  2.990E-02  2.560E-02  2.163E-02  1.800E-02  1.472E-02  1.179E-02  9.218E-03  7.008E-03  5.153E-03  3.638E-03  2.446E-03  1.547E-03  9.058E-04  4.810E-04  2.246E-04  8.831E-05  2.739E-05  6.058E-06  8.117E-07  4.980E-08  8.332E-10  1.252E-12 -1.371E-22
  333.0000  1.616E-01  1.538E-01  1.460E-01  1.383E-01  1.307E-01  1.231E-01  1.155E-01  1.081E-01  1.008E-01  9.361E-02  8.656E-02  7.967E-02  7.296E-02  6.645E-02  6.015E-02  5.408E-02  4.826E-02  4.272E-02  3.746E-02  3.251E-02  2.789E-02  2.361E-02  1.969E-02  1.613E-02  1.295E-02  1.016E-02  7.747E-03  5.716E-03  4.053E-03  2.737E-03  1.740E-03  1.026E-03  5.489E-04  2.587E-04  1.028E-04  3.234E-05  7.279E-06  9.975E-07  6.306E-08  1.099E-09  1.752E-12 -2.104E-22
  334.0000  1.461E-01  1.391E-01  1.320E-01  1.250E-01  1.181E-01  1.112E-01  1.044E-01  9.766E-02  9.104E-02  8.452E-02  7.814E-02  7.191E-02  6.583E-02  5.994E-02  5.424E-02  4.875E-02  4.349E-02  3.848E-02  3.373E-02  2.926E-02  2.509E-02  2.123E-02  1.769E-02  1.449E-02  1.162E-02  9.110E-03  6.942E-03  5.118E-03  3.625E-03  2.445E-03  1.553E-03  9.143E-04  4.885E-04  2.299E-04  9.128E-05  2.868E-05  6.454E-06  8.860E-07  5.636E-08  9.976E-10  1.646E-12 -2.124E-22
  335.0000  1.675E-01  1.595E-01  1.516E-01  1.437E-01  1.358E-01  1.280E-01  1.203E-01  1.126E-01  1.051E-01  9.769E-02  9.042E-02  8.331E-02  7.638E-02  6.965E-02  6.313E-02  5.684E-02  5.080E-02  4.504E-02  3.957E-02  3.441E-02  2.958E-02  2.510E-02  2.098E-02  1.724E-02  1.389E-02  1.093E-02  8.374E-03  6.208E-03  4.425E-03  3.007E-03  1.926E-03  1.145E-03  6.187E-04  2.952E-04  1.192E-04  3.821E-05  8.818E-06  1.249E-06  8.271E-08  1.542E-09  2.724E-12 -3.873E-22
  336.0000  1.438E-01  1.370E-01  1.302E-01  1.235E-01  1.168E-01  1.101E-01  1.035E-01  9.698E-02  9.055E-02  8.421E-02  7.799E-02  7.191E-02  6.597E-02  6.019E-02  5.460E-02  4.920E-02  4.402E-02  3.906E-02  3.435E-02  2.991E-02  2.575E-02  2.188E-02  1.832E-02  1.508E-02  1.217E-02  9.599E-03  7.369E-03  5.477E-03  3.916E-03  2.671E-03  1.718E-03  1.026E-03  5.578E-04  2.680E-04  1.091E-04  3.537E-05  8.278E-06  1.195E-06  8.108E-08  1.565E-09  2.915E-12 -4.511E-22
  337.0000  1.388E-01  1.323E-01  1.257E-01  1.192E-01  1.127E-01  1.063E-01  9.989E-02  9.359E-02  8.737E-02  8.125E-02  7.525E-02  6.938E-02  6.364E-02  5.807E-02  5.267E-02  4.746E-02  4.245E-02  3.767E-02  3.313E-02  2.884E-02  2.482E-02  2.109E-02  1.766E-02  1.453E-02  1.173E-02  9.250E-03  7.100E-03  5.277E-03  3.773E-03  2.573E-03  1.654E-03  9.885E-04  5.375E-04  2.584E-04  1.053E-04  3.418E-05  8.021E-06  1.164E-06  7.975E-08  1.569E-09  3.033E-12 -5.044E-22
  338.0000  1.571E-01  1.497E-01  1.423E-01  1.350E-01  1.277E-01  1.205E-01  1.133E-01  1.062E-01  9.920E-02  9.231E-02  8.554E-02  7.892E-02  7.245E-02  6.615E-02  6.005E-02  5.416E-02  4.849E-02  4.308E-02  3.792E-02  3.306E-02  2.849E-02  2.424E-02  2.033E-02  1.676E-02  1.355E-02  1.071E-02  8.245E-03  6.145E-03  4.408E-03  3.017E-03  1.949E-03  1.170E-03  6.404E-04  3.101E-04  1.275E-04  4.187E-05  9.970E-06  1.474E-06  1.036E-07  2.113E-09  4.302E-12 -7.774E-22
  339.0000  1.680E-01  1.601E-01  1.523E-01  1.446E-01  1.368E-01  1.291E-01  1.215E-01  1.140E-01  1.065E-01  9.921E-02  9.201E-02  8.495E-02  7.805E-02  7.134E-02  6.482E-02  5.852E-02  5.246E-02  4.666E-02  4.114E-02  3.591E-02  3.100E-02  2.642E-02  2.220E-02  1.835E-02  1.487E-02  1.179E-02  9.099E-03  6.806E-03  4.901E-03  3.370E-03  2.188E-03  1.322E-03  7.288E-04  3.561E-04  1.480E-04  4.925E-05  1.192E-05  1.801E-06  1.303E-07  2.761E-09  5.940E-12 -1.167E-21
  340.0000  1.916E-01  1.827E-01  1.738E-01  1.650E-01  1.562E-01  1.474E-01  1.387E-01  1.302E-01  1.217E-01  1.133E-01  1.051E-01  9.708E-02  8.922E-02  8.156E-02  7.413E-02  6.695E-02  6.004E-02  5.342E-02  4.711E-02  4.114E-02  3.553E-02  3.031E-02  2.548E-02  2.107E-02  1.709E-02  1.356E-02  1.047E-02  7.843E-03  5.655E-03  3.894E-03  2.533E-03  1.534E-03  8.474E-04  4.153E-04  1.734E-04  5.798E-05  1.414E-05  2.158E-06  1.586E-07  3.444E-09  7.724E-12 -1.634E-21
  341.0000  1.700E-01  1.622E-01  1.544E-01  1.466E-01  1.388E-01  1.311E-01  1.234E-01  1.158E-01  1.083E-01  1.009E-01  9.367E-02  8.655E-02  7.959E-02  7.281E-02  6.622E-02  5.985E-02  5.371E-02  4.783E-02  4.222E-02  3.691E-02  3.191E-02  2.725E-02  2.294E-02  1.900E-02  1.544E-02  1.227E-02  9.498E-03  7.129E-03  5.154E-03  3.560E-03  2.324E-03  1.414E-03  7.850E-04  3.871E-04  1.628E-04  5.499E-05  1.358E-05  2.106E-06  1.583E-07  3.549E-09  8.353E-12 -1.911E-21
  342.0000  1.752E-01  1.672E-01  1.592E-01  1.512E-01  1.432E-01  1.353E-01  1.274E-01  1.197E-01  1.120E-01  1.044E-01  9.693E-02  8.961E-02  8.245E-02  7.548E-02  6.869E-02  6.213E-02  5.581E-02  4.974E-02  4.395E-02  3.846E-02  3.329E-02  2.847E-02  2.400E-02  1.990E-02  1.620E-02  1.290E-02  1.001E-02  7.532E-03  5.461E-03  3.785E-03  2.480E-03  1.515E-03  8.460E-04  4.199E-04  1.780E-04  6.072E-05  1.519E-05  2.396E-06  1.842E-07  4.265E-09  1.054E-11 -2.604E-21
  343.0000  1.862E-01  1.777E-01  1.692E-01  1.608E-01  1.523E-01  1.439E-01  1.356E-01  1.274E-01  1.192E-01  1.112E-01  1.033E-01  9.552E-02  8.792E-02  8.052E-02  7.332E-02  6.635E-02  5.963E-02  5.318E-02  4.702E-02  4.118E-02  3.567E-02  3.052E-02  2.576E-02  2.139E-02  1.743E-02  1.390E-02  1.080E-02  8.139E-03  5.913E-03  4.107E-03  2.698E-03  1.654E-03  9.268E-04  4.621E-04  1.971E-04  6.770E-05  1.710E-05  2.732E-06  2.139E-07  5.093E-09  1.314E-11 -3.493E-21
  344.0000  1.529E-01  1.460E-01  1.390E-01  1.321E-01  1.252E-01  1.183E-01  1.115E-01  1.047E-01  9.802E-02  9.142E-02  8.494E-02  7.857E-02  7.234E-02  6.626E-02  6.035E-02  5.463E-02  4.910E-02  4.381E-02  3.875E-02  3.394E-02  2.942E-02  2.518E-02  2.126E-02  1.766E-02  1.440E-02  1.149E-02  8.936E-03  6.741E-03  4.902E-03  3.409E-03  2.243E-03  1.377E-03  7.734E-04  3.867E-04  1.655E-04  5.711E-05  1.451E-05  2.341E-06  1.859E-07  4.527E-09  1.214E-11 -3.460E-21
  345.0000  1.724E-01  1.646E-01  1.568E-01  1.490E-01  1.413E-01  1.336E-01  1.259E-01  1.183E-01  1.108E-01  1.034E-01  9.613E-02  8.898E-02  8.197E-02  7.514E-02  6.848E-02  6.204E-02  5.581E-02  4.984E-02  4.412E-02  3.870E-02  3.358E-02  2.878E-02  2.433E-02  2.025E-02  1.654E-02  1.322E-02  1.031E-02  7.794E-03  5.685E-03  3.967E-03  2.620E-03  1.616E-03  9.125E-04  4.593E-04  1.981E-04  6.907E-05  1.778E-05  2.917E-06  2.369E-07  5.956E-09  1.674E-11 -5.141E-21
  346.0000  1.775E-01  1.695E-01  1.615E-01  1.535E-01  1.456E-01  1.377E-01  1.298E-01  1.220E-01  1.143E-01  1.067E-01  9.920E-02  9.184E-02  8.463E-02  7.760E-02  7.075E-02  6.411E-02  5.770E-02  5.155E-02  4.566E-02  4.006E-02  3.478E-02  2.983E-02  2.524E-02  2.101E-02  1.718E-02  1.375E-02  1.073E-02  8.123E-03  5.933E-03  4.146E-03  2.744E-03  1.696E-03  9.606E-04  4.851E-04  2.102E-04  7.370E-05  1.912E-05  3.169E-06  2.615E-07  6.733E-09  1.969E-11 -6.479E-21
  347.0000  1.929E-01  1.842E-01  1.756E-01  1.669E-01  1.583E-01  1.498E-01  1.412E-01  1.328E-01  1.245E-01  1.162E-01  1.081E-01  1.001E-01  9.231E-02  8.468E-02  7.725E-02  7.004E-02  6.308E-02  5.639E-02  4.998E-02  4.389E-02  3.814E-02  3.274E-02  2.773E-02  2.312E-02  1.892E-02  1.517E-02  1.185E-02  8.993E-03  6.582E-03  4.612E-03  3.061E-03  1.899E-03  1.080E-03  5.480E-04  2.389E-04  8.443E-05  2.213E-05  3.719E-06  3.127E-07  8.277E-09  2.526E-11 -8.917E-21
  348.0000  1.697E-01  1.621E-01  1.545E-01  1.470E-01  1.394E-01  1.319E-01  1.245E-01  1.171E-01  1.097E-01  1.025E-01  9.539E-02  8.839E-02  8.153E-02  7.482E-02  6.829E-02  6.195E-02  5.583E-02  4.994E-02  4.430E-02  3.893E-02  3.386E-02  2.909E-02  2.467E-02  2.059E-02  1.687E-02  1.354E-02  1.060E-02  8.058E-03  5.910E-03  4.151E-03  2.763E-03  1.720E-03  9.818E-04  5.008E-04  2.197E-04  7.823E-05  2.071E-05  3.527E-06  3.022E-07  8.218E-09  2.615E-11 -9.894E-21
  349.0000  1.759E-01  1.681E-01  1.602E-01  1.524E-01  1.446E-01  1.369E-01  1.292E-01  1.216E-01  1.140E-01  1.065E-01  9.915E-02  9.191E-02  8.481E-02  7.787E-02  7.111E-02  6.455E-02  5.820E-02  5.209E-02  4.624E-02  4.067E-02  3.539E-02  3.044E-02  2.583E-02  2.158E-02  1.771E-02  1.424E-02  1.116E-02  8.498E-03  6.246E-03  4.397E-03  2.935E-03  1.832E-03  1.050E-03  5.382E-04  2.374E-04  8.519E-05  2.277E-05  3.928E-06  3.426E-07  9.567E-09  3.171E-11 -1.285E-20
  350.0000  2.052E-01  1.962E-01  1.871E-01  1.780E-01  1.689E-01  1.599E-01  1.510E-01  1.421E-01  1.333E-01  1.246E-01  1.160E-01  1.076E-01  9.928E-02  9.120E-02  8.331E-02  7.566E-02  6.825E-02  6.112E-02  5.428E-02  4.777E-02  4.161E-02  3.582E-02  3.042E-02  2.544E-02  2.090E-02  1.682E-02  1.320E-02  1.007E-02  7.412E-03  5.229E-03  3.498E-03  2.190E-03  1.260E-03  6.482E-04  2.874E-04  1.038E-04  2.798E-05  4.885E-06  4.332E-07  1.240E-08  4.275E-11 -1.850E-20
------------------------------------------------------------
