Spectral Irradiance, W m-2 nm-1
values at z =      3.216 km
Columns: wavelength (nm), solar zenith angles (deg.)
    wc, nm     49.000     50.000     51.000     52.000     53.000     54.000     55.000     56.000     57.000     58.000     59.000     60.000     61.000     62.000     63.000     64.000     65.000     66.000     67.000     68.000     69.000     70.000     71.000     72.000     73.000     74.000     75.000     76.000     77.000     78.000     79.000     80.000     81.000     82.000     83.000     84.000     85.000     86.000     87.000     88.000     89.000     90.000
  280.0000  0.000E+00  0.000E+00  0.000E+00  0.000E+00  0.000E+00  0.000E+00  0.000E+00  0.000E+00  0.000E+00  0.000E+00  0.000E+00  0.000E+00  0.000E+00  0.000E+00  0.000E+00  0.000E+00  0.000E+00  0.000E+00  0.000E+00  0.000E+00  0.000E+00  0.000E+00  0.000E+00  0.000E+00  0.000E+00  0.000E+00  0.000E+00  0.000E+00  0.000E+00  0.000E+00  0.000E+00  0.000E+00  0.000E+00  0.000E+00  0.000E+00  0.000E+00  0.000E+00  0.000E+00  0.000E+00  0.000E+00  0.000E+00  0.000E+00
  281.0000  0.000E+00  0.000E+00  0.000E+00  0.000E+00  0.000E+00  0.000E+00  0.000E+00  0.000E+00  0.000E+00  0.000E+00  0.000E+00  0.000E+00  0.000E+00  0.000E+00  0.000E+00  0.000E+00  0.000E+00  0.000E+00  0.000E+00  0.000E+00  0.000E+00  0.000E+00  0.000E+00  0.000E+00  0.000E+00  0.000E+00  0.000E+00  0.000E+00  0.000E+00  0.000E+00  0.000E+00  0.000E+00  0.000E+00  0.000E+00  0.000E+00  0.000E+00  0.000E+00  0.000E+00  0.000E+00  0.000E+00  0.000E+00  0.000E+00
  282.0000  0.000E+00  0.000E+00  0.000E+00  0.000E+00  0.000E+00  0.000E+00  0.000E+00  0.000E+00  0.000E+00  0.000E+00  0.000E+00  0.000E+00  0.000E+00  0.000E+00  0.000E+00  0.000E+00  0.000E+00  0.000E+00  0.000E+00  0.000E+00  0.000E+00  0.000E+00  0.000E+00  0.000E+00  0.000E+00  0.000E+00  0.000E+00  0.000E+00  0.000E+00  0.000E+00  0.000E+00  0.000E+00  0.000E+00  0.000E+00  0.000E+00  0.000E+00  0.000E+00  0.000E+00  0.000E+00  0.000E+00  0.000E+00  0.000E+00
  283.0000  0.000E+00  0.000E+00  0.000E+00  0.000E+00  0.000E+00  0.000E+00  0.000E+00  0.000E+00  0.000E+00  0.000E+00  0.000E+00  0.000E+00  0.000E+00  0.000E+00  0.000E+00  0.000E+00  0.000E+00  0.000E+00  0.000E+00  0.000E+00  0.000E+00  0.000E+00  0.000E+00  0.000E+00  0.000E+00  0.000E+00  0.000E+00  0.000E+00  0.000E+00  0.000E+00  0.000E+00  0.000E+00  0.000E+00  0.000E+00  0.000E+00  0.000E+00  0.000E+00  0.000E+00  0.000E+00  0.000E+00  0.000E+00  0.000E+00
  284.0000  0.000E+00  0.000E+00  0.000E+00  0.000E+00  0.000E+00  0.000E+00  0.000E+00  0.000E+00  0.000E+00  0.000E+00  0.000E+00  0.000E+00  0.000E+00  0.000E+00  0.000E+00  0.000E+00  0.000E+00  0.000E+00  0.000E+00  0.000E+00  0.000E+00  0.000E+00  0.000E+00  0.000E+00  0.000E+00  0.000E+00  0.000E+00  0.000E+00  0.000E+00  0.000E+00  0.000E+00  0.000E+00  0.000E+00  0.000E+00  0.000E+00  0.000E+00  0.000E+00  0.000E+00  0.000E+00  0.000E+00  0.000E+00  0.000E+00
  285.0000  0.000E+00  0.000E+00  0.000E+00  0.000E+00  0.000E+00  0.000E+00  0.000E+00  0.000E+00  0.000E+00  0.000E+00  0.000E+00  0.000E+00  0.000E+00  0.000E+00  0.000E+00  0.000E+00  0.000E+00  0.000E+00  0.000E+00  0.000E+00  0.000E+00  0.000E+00  0.000E+00  0.000E+00  0.000E+00  0.000E+00  0.000E+00  0.000E+00  0.000E+00  0.000E+00  0.000E+00  0.000E+00  0.000E+00  0.000E+00  0.000E+00  0.000E+00  0.000E+00  0.000E+00  0.000E+00  0.000E+00  0.000E+00  0.000E+00
  286.0000  0.000E+00  0.000E+00  0.000E+00  0.000E+00  0.000E+00  0.000E+00  0.000E+00  0.000E+00  0.000E+00  0.000E+00  0.000E+00  0.000E+00  0.000E+00  0.000E+00  0.000E+00  0.000E+00  0.000E+00  0.000E+00  0.000E+00  0.000E+00  0.000E+00  0.000E+00  0.000E+00  0.000E+00  0.000E+00  0.000E+00  0.000E+00  0.000E+00  0.000E+00  0.000E+00  0.000E+00  0.000E+00  0.000E+00  0.000E+00  0.000E+00  0.000E+00  0.000E+00  0.000E+00  0.000E+00  0.000E+00  0.000E+00  0.000E+00
  287.0000  0.000E+00  0.000E+00  0.000E+00  0.000E+00  0.000E+00  0.000E+00  0.000E+00  0.000E+00  0.000E+00  0.000E+00  0.000E+00  0.000E+00  0.000E+00  0.000E+00  0.000E+00  0.000E+00  0.000E+00  0.000E+00  0.000E+00  0.000E+00  0.000E+00  0.000E+00  0.000E+00  0.000E+00  0.000E+00  0.000E+00  0.000E+00  0.000E+00  0.000E+00  0.000E+00  0.000E+00  0.000E+00  0.000E+00  0.000E+00  0.000E+00  0.000E+00  0.000E+00  0.000E+00  0.000E+00  0.000E+00  0.000E+00  0.000E+00
  288.0000  0.000E+00  0.000E+00  0.000E+00  0.000E+00  0.000E+00  0.000E+00  0.000E+00  0.000E+00  0.000E+00  0.000E+00  0.000E+00  0.000E+00  0.000E+00  0.000E+00  0.000E+00  0.000E+00  0.000E+00  0.000E+00  0.000E+00  0.000E+00  0.000E+00  0.000E+00  0.000E+00  0.000E+00  0.000E+00  0.000E+00  0.000E+00  0.000E+00  0.000E+00  0.000E+00  0.000E+00  0.000E+00  0.000E+00  0.000E+00  0.000E+00  0.000E+00  0.000E+00  0.000E+00  0.000E+00  0.000E+00  0.000E+00  0.000E+00
  289.0000  0.000E+00  0.000E+00  0.000E+00  0.000E+00  0.000E+00  0.000E+00  0.000E+00  0.000E+00  0.000E+00  0.000E+00  0.000E+00  0.000E+00  0.000E+00  0.000E+00  0.000E+00  0.000E+00  0.000E+00  0.000E+00  0.000E+00  0.000E+00  0.000E+00  0.000E+00  0.000E+00  0.000E+00  0.000E+00  0.000E+00  0.000E+00  0.000E+00  0.000E+00  0.000E+00  0.000E+00  0.000E+00  0.000E+00  0.000E+00  0.000E+00  0.000E+00  0.000E+00  0.000E+00  0.000E+00  0.000E+00  0.000E+00  0.000E+00
  290.0000  0.000E+00  0.000E+00  0.000E+00  0.000E+00  0.000E+00  0.000E+00  0.000E+00  0.000E+00  0.000E+00  0.000E+00  0.000E+00  0.000E+00  0.000E+00  0.000E+00  0.000E+00  0.000E+00  0.000E+00  0.000E+00  0.000E+00  0.000E+00  0.000E+00  0.000E+00  0.000E+00  0.000E+00  0.000E+00  0.000E+00  0.000E+00  0.000E+00  0.000E+00  0.000E+00  0.000E+00  0.000E+00  0.000E+00  0.000E+00  0.000E+00  0.000E+00  0.000E+00  0.000E+00  0.000E+00  0.000E+00  0.000E+00  0.000E+00
  291.0000  0.000E+00  0.000E+00  0.000E+00  0.000E+00  0.000E+00  0.000E+00  0.000E+00  0.000E+00  0.000E+00  0.000E+00  0.000E+00  0.000E+00  0.000E+00  0.000E+00  0.000E+00  0.000E+00  0.000E+00  0.000E+00  0.000E+00  0.000E+00  0.000E+00  0.000E+00  0.000E+00  0.000E+00  0.000E+00  0.000E+00  0.000E+00  0.000E+00  0.000E+00  0.000E+00  0.000E+00  0.000E+00  0.000E+00  0.000E+00  0.000E+00  0.000E+00  0.000E+00  0.000E+00  0.000E+00  0.000E+00  0.000E+00  0.000E+00
  292.0000  0.000E+00  0.000E+00  0.000E+00  0.000E+00  0.000E+00  0.000E+00  0.000E+00  0.000E+00  0.000E+00  0.000E+00  0.000E+00  0.000E+00  0.000E+00  0.000E+00  0.000E+00  0.000E+00  0.000E+00  0.000E+00  0.000E+00  0.000E+00  0.000E+00  0.000E+00  0.000E+00  0.000E+00  0.000E+00  0.000E+00  0.000E+00  0.000E+00  0.000E+00  0.000E+00  0.000E+00  0.000E+00  0.000E+00  0.000E+00  0.000E+00  0.000E+00  0.000E+00  0.000E+00  0.000E+00  0.000E+00  0.000E+00  0.000E+00
  293.0000  0.000E+00  0.000E+00  0.000E+00  0.000E+00  0.000E+00  0.000E+00  0.000E+00  0.000E+00  0.000E+00  0.000E+00  0.000E+00  0.000E+00  0.000E+00  0.000E+00  0.000E+00  0.000E+00  0.000E+00  0.000E+00  0.000E+00  0.000E+00  0.000E+00  0.000E+00  0.000E+00  0.000E+00  0.000E+00  0.000E+00  0.000E+00  0.000E+00  0.000E+00  0.000E+00  0.000E+00  0.000E+00  0.000E+00  0.000E+00  0.000E+00  0.000E+00  0.000E+00  0.000E+00  0.000E+00  0.000E+00  0.000E+00  0.000E+00
  294.0000  1.774E-08  1.232E-08  8.385E-09  5.583E-09  3.631E-09  2.303E-09  1.421E-09  8.511E-10  4.936E-10  2.765E-10  1.490E-10  7.702E-11  3.803E-11  1.785E-11  7.923E-12  3.306E-12  1.288E-12  4.645E-13  1.538E-13  4.620E-14  1.244E-14  2.958E-15  6.100E-16  1.068E-16  1.549E-17  1.803E-18  1.621E-19  1.075E-20  4.967E-22  1.486E-23  2.625E-25  2.439E-27  1.027E-29  1.616E-32  7.455E-36  7.416E-40  1.121E-44  0.000E+00  0.000E+00  0.000E+00  0.000E+00  0.000E+00
  295.0000  9.232E-08  6.634E-08  4.680E-08  3.237E-08  2.191E-08  1.450E-08  9.361E-09  5.883E-09  3.591E-09  2.124E-09  1.213E-09  6.672E-10  3.520E-10  1.774E-10  8.504E-11  3.854E-11  1.641E-11  6.521E-12  2.397E-12  8.072E-13  2.462E-13  6.711E-14  1.608E-14  3.325E-15  5.795E-16  8.278E-17  9.366E-18  8.049E-19  4.984E-20  2.083E-21  5.405E-23  7.836E-25  5.540E-27  1.605E-29  1.523E-32  3.573E-36  1.471E-40  1.401E-45  0.000E+00  0.000E+00  0.000E+00  0.000E+00
  296.0000  7.502E-07  5.605E-07  4.121E-07  2.978E-07  2.112E-07  1.468E-07  9.982E-08  6.630E-08  4.293E-08  2.703E-08  1.651E-08  9.755E-09  5.557E-09  3.041E-09  1.592E-09  7.937E-10  3.747E-10  1.664E-10  6.902E-11  2.651E-11  9.336E-12  2.979E-12  8.489E-13  2.125E-13  4.579E-14  8.286E-15  1.222E-15  1.415E-16  1.229E-17  7.553E-19  3.053E-20  7.392E-22  9.506E-24  5.561E-26  1.212E-28  7.645E-32  1.021E-35  2.017E-40  0.000E+00  0.000E+00  0.000E+00  0.000E+00
  297.0000  1.782E-06  1.367E-06  1.034E-06  7.697E-07  5.633E-07  4.048E-07  2.853E-07  1.967E-07  1.326E-07  8.713E-08  5.571E-08  3.456E-08  2.074E-08  1.201E-08  6.675E-09  3.550E-09  1.797E-09  8.611E-10  3.878E-10  1.629E-10  6.327E-11  2.247E-11  7.205E-12  2.054E-12  5.115E-13  1.087E-13  1.920E-14  2.724E-15  2.978E-16  2.380E-17  1.301E-18  4.466E-20  8.631E-22  8.150E-24  3.131E-26  3.874E-29  1.153E-32  5.880E-37  3.601E-42  0.000E+00  0.000E+00  0.000E+00
  298.0000  1.056E-05  8.348E-06  6.512E-06  5.009E-06  3.796E-06  2.830E-06  2.074E-06  1.491E-06  1.050E-06  7.234E-07  4.863E-07  3.183E-07  2.024E-07  1.246E-07  7.403E-08  4.229E-08  2.313E-08  1.205E-08  5.940E-09  2.755E-09  1.192E-09  4.762E-10  1.739E-10  5.724E-11  1.671E-11  4.241E-12  9.138E-13  1.622E-13  2.285E-14  2.440E-15  1.860E-16  9.383E-18  2.841E-19  4.548E-21  3.263E-23  8.486E-26  6.118E-29  8.857E-33  1.806E-37  3.615E-43  0.000E+00  0.000E+00
  299.0000  2.551E-05  2.057E-05  1.639E-05  1.290E-05  1.001E-05  7.660E-06  5.767E-06  4.268E-06  3.100E-06  2.206E-06  1.536E-06  1.043E-06  6.904E-07  4.436E-07  2.760E-07  1.657E-07  9.559E-08  5.276E-08  2.770E-08  1.376E-08  6.413E-09  2.782E-09  1.112E-09  4.043E-10  1.318E-10  3.784E-11  9.358E-12  1.940E-12  3.260E-13  4.255E-14  4.085E-15  2.692E-16  1.113E-17  2.571E-19  2.846E-21  1.240E-23  1.653E-26  4.951E-30  2.338E-34  1.173E-39  0.000E+00  0.000E+00
  300.0000  6.164E-05  5.084E-05  4.149E-05  3.348E-05  2.669E-05  2.100E-05  1.629E-05  1.244E-05  9.347E-06  6.896E-06  4.988E-06  3.531E-06  2.441E-06  1.645E-06  1.076E-06  6.824E-07  4.176E-07  2.457E-07  1.383E-07  7.405E-08  3.748E-08  1.780E-08  7.855E-09  3.187E-09  1.173E-09  3.858E-10  1.111E-10  2.732E-11  5.574E-12  9.075E-13  1.124E-13  9.939E-15  5.793E-16  2.003E-17  3.575E-19  2.749E-21  7.210E-24  4.804E-27  5.706E-31  7.853E-36  5.846E-42  0.000E+00
  301.0000  1.744E-04  1.463E-04  1.216E-04  1.000E-04  8.135E-05  6.540E-05  5.190E-05  4.061E-05  3.131E-05  2.374E-05  1.769E-05  1.292E-05  9.237E-06  6.450E-06  4.388E-06  2.901E-06  1.857E-06  1.147E-06  6.807E-07  3.861E-07  2.082E-07  1.059E-07  5.042E-08  2.225E-08  8.989E-09  3.278E-09  1.060E-09  2.971E-10  7.030E-11  1.355E-11  2.038E-12  2.257E-13  1.711E-14  8.051E-16  2.071E-17  2.461E-19  1.083E-21  1.332E-24  3.216E-28  9.645E-33  1.559E-38  0.000E+00
  302.0000  3.110E-04  2.648E-04  2.235E-04  1.869E-04  1.548E-04  1.267E-04  1.026E-04  8.198E-05  6.462E-05  5.019E-05  3.834E-05  2.878E-05  2.118E-05  1.526E-05  1.074E-05  7.357E-06  4.897E-06  3.155E-06  1.960E-06  1.169E-06  6.652E-07  3.592E-07  1.826E-07  8.664E-08  3.794E-08  1.513E-08  5.408E-09  1.698E-09  4.566E-10  1.019E-10  1.812E-11  2.439E-12  2.319E-13  1.425E-14  5.029E-16  8.704E-18  6.002E-20  1.256E-22  5.611E-26  3.318E-30  1.061E-35  0.000E+00
  303.0000  9.362E-04  8.094E-04  6.942E-04  5.904E-04  4.976E-04  4.153E-04  3.430E-04  2.801E-04  2.259E-04  1.797E-04  1.409E-04  1.087E-04  8.243E-05  6.130E-05  4.462E-05  3.173E-05  2.197E-05  1.478E-05  9.621E-06  6.036E-06  3.632E-06  2.085E-06  1.133E-06  5.789E-07  2.752E-07  1.203E-07  4.762E-08  1.678E-08  5.143E-09  1.333E-09  2.814E-10  4.618E-11  5.537E-12  4.470E-13  2.178E-14  5.537E-16  6.036E-18  2.172E-20  1.818E-23  2.143E-27  1.363E-32 -4.204E-45
  304.0000  1.388E-03  1.212E-03  1.050E-03  9.029E-04  7.697E-04  6.503E-04  5.440E-04  4.503E-04  3.685E-04  2.978E-04  2.374E-04  1.865E-04  1.441E-04  1.094E-04  8.137E-05  5.924E-05  4.209E-05  2.910E-05  1.952E-05  1.265E-05  7.890E-06  4.708E-06  2.672E-06  1.431E-06  7.170E-07  3.323E-07  1.405E-07  5.332E-08  1.778E-08  5.069E-09  1.195E-09  2.228E-10  3.100E-11  2.981E-12  1.788E-13  5.821E-15  8.528E-17  4.360E-19  5.492E-22  1.022E-25  1.039E-30 -4.877E-43
  305.0000  2.779E-03  2.456E-03  2.156E-03  1.879E-03  1.625E-03  1.394E-03  1.185E-03  9.981E-04  8.318E-04  6.855E-04  5.579E-04  4.481E-04  3.546E-04  2.761E-04  2.112E-04  1.583E-04  1.162E-04  8.315E-05  5.791E-05  3.910E-05  2.550E-05  1.598E-05  9.571E-06  5.441E-06  2.912E-06  1.452E-06  6.669E-07  2.777E-07  1.029E-07  3.307E-08  8.951E-09  1.958E-09  3.283E-10  3.932E-11  3.058E-12  1.357E-13  2.876E-15  2.277E-17  4.765E-20  1.552E-23  2.772E-28 -2.140E-40
  306.0000  3.344E-03  2.978E-03  2.636E-03  2.317E-03  2.023E-03  1.753E-03  1.506E-03  1.282E-03  1.082E-03  9.026E-04  7.446E-04  6.067E-04  4.876E-04  3.860E-04  3.005E-04  2.297E-04  1.720E-04  1.259E-04  8.985E-05  6.230E-05  4.182E-05  2.705E-05  1.678E-05  9.911E-06  5.536E-06  2.896E-06  1.403E-06  6.202E-07  2.459E-07  8.548E-08  2.530E-08  6.138E-09  1.162E-09  1.604E-10  1.477E-11  8.017E-13  2.162E-14  2.280E-16  6.667E-19  3.158E-22  8.323E-27 -9.309E-39
  307.0000  5.577E-03  5.008E-03  4.472E-03  3.968E-03  3.498E-03  3.062E-03  2.660E-03  2.292E-03  1.957E-03  1.655E-03  1.385E-03  1.146E-03  9.359E-04  7.539E-04  5.980E-04  4.664E-04  3.570E-04  2.676E-04  1.959E-04  1.397E-04  9.663E-05  6.463E-05  4.158E-05  2.558E-05  1.494E-05  8.220E-06  4.212E-06  1.984E-06  8.452E-07  3.189E-07  1.037E-07  2.806E-08  6.032E-09  9.676E-10  1.064E-10  7.142E-12  2.482E-13  3.538E-15  1.470E-17  1.029E-20  4.052E-25 -6.577E-37
  308.0000  8.271E-03  7.483E-03  6.735E-03  6.027E-03  5.361E-03  4.738E-03  4.158E-03  3.621E-03  3.127E-03  2.677E-03  2.269E-03  1.903E-03  1.577E-03  1.291E-03  1.042E-03  8.276E-04  6.461E-04  4.948E-04  3.708E-04  2.711E-04  1.929E-04  1.330E-04  8.847E-05  5.648E-05  3.438E-05  1.979E-05  1.067E-05  5.327E-06  2.423E-06  9.848E-07  3.490E-07  1.043E-07  2.518E-08  4.632E-09  5.992E-10  4.878E-11  2.136E-12  4.010E-14  2.297E-16  2.304E-19  1.316E-23 -3.037E-35
  309.0000  9.823E-03  8.926E-03  8.071E-03  7.258E-03  6.489E-03  5.766E-03  5.089E-03  4.459E-03  3.876E-03  3.341E-03  2.853E-03  2.412E-03  2.016E-03  1.665E-03  1.357E-03  1.089E-03  8.602E-04  6.669E-04  5.065E-04  3.758E-04  2.717E-04  1.906E-04  1.292E-04  8.428E-05  5.252E-05  3.104E-05  1.724E-05  8.893E-06  4.199E-06  1.782E-06  6.634E-07  2.100E-07  5.420E-08  1.079E-08  1.533E-09  1.396E-10  6.997E-12  1.544E-13  1.071E-15  1.337E-18  9.690E-23 -2.875E-34
  310.0000  1.225E-02  1.122E-02  1.022E-02  9.273E-03  8.366E-03  7.505E-03  6.692E-03  5.927E-03  5.213E-03  4.549E-03  3.936E-03  3.374E-03  2.863E-03  2.403E-03  1.993E-03  1.630E-03  1.313E-03  1.041E-03  8.092E-04  6.161E-04  4.581E-04  3.315E-04  2.325E-04  1.574E-04  1.023E-04  6.332E-05  3.704E-05  2.026E-05  1.023E-05  4.682E-06  1.902E-06  6.659E-07  1.934E-07  4.423E-08  7.410E-09  8.215E-10  5.207E-11  1.519E-12  1.459E-14  2.618E-17  2.754E-21 -1.155E-32
  311.0000  2.282E-02  2.097E-02  1.918E-02  1.746E-02  1.581E-02  1.425E-02  1.276E-02  1.135E-02  1.003E-02  8.802E-03  7.659E-03  6.606E-03  5.643E-03  4.769E-03  3.983E-03  3.285E-03  2.670E-03  2.135E-03  1.677E-03  1.292E-03  9.720E-04  7.127E-04  5.074E-04  3.491E-04  2.309E-04  1.458E-04  8.726E-05  4.895E-05  2.543E-05  1.203E-05  5.073E-06  1.856E-06  5.675E-07  1.379E-07  2.482E-08  2.999E-09  2.109E-10  6.975E-12  7.778E-14  1.661E-16  2.123E-20 -1.106E-31
  312.0000  2.342E-02  2.162E-02  1.987E-02  1.818E-02  1.655E-02  1.499E-02  1.351E-02  1.210E-02  1.077E-02  9.513E-03  8.343E-03  7.255E-03  6.252E-03  5.335E-03  4.502E-03  3.753E-03  3.087E-03  2.501E-03  1.993E-03  1.558E-03  1.192E-03  8.901E-04  6.465E-04  4.548E-04  3.083E-04  2.001E-04  1.235E-04  7.172E-05  3.874E-05  1.917E-05  8.514E-06  3.307E-06  1.084E-06  2.861E-07  5.680E-08  7.718E-09  6.248E-10  2.445E-11  3.324E-13  8.899E-16  1.449E-19 -9.675E-31
  313.0000  2.995E-02  2.776E-02  2.563E-02  2.356E-02  2.157E-02  1.965E-02  1.781E-02  1.605E-02  1.437E-02  1.279E-02  1.130E-02  9.905E-03  8.610E-03  7.414E-03  6.319E-03  5.324E-03  4.430E-03  3.634E-03  2.935E-03  2.328E-03  1.810E-03  1.376E-03  1.019E-03  7.324E-04  5.084E-04  3.389E-04  2.154E-04  1.294E-04  7.260E-05  3.751E-05  1.751E-05  7.208E-06  2.529E-06  7.226E-07  1.577E-07  2.401E-08  2.226E-09  1.025E-10  1.689E-12  5.630E-15  1.161E-18 -9.884E-30
  314.0000  3.466E-02  3.219E-02  2.978E-02  2.744E-02  2.517E-02  2.298E-02  2.088E-02  1.886E-02  1.694E-02  1.512E-02  1.340E-02  1.179E-02  1.029E-02  8.892E-03  7.610E-03  6.442E-03  5.386E-03  4.442E-03  3.608E-03  2.880E-03  2.255E-03  1.727E-03  1.290E-03  9.355E-04  6.561E-04  4.423E-04  2.848E-04  1.735E-04  9.896E-05  5.210E-05  2.486E-05  1.049E-05  3.790E-06  1.121E-06  2.552E-07  4.083E-08  4.026E-09  1.997E-10  3.605E-12  1.341E-14  3.158E-18 -3.171E-29
  315.0000  4.064E-02  3.792E-02  3.525E-02  3.265E-02  3.012E-02  2.766E-02  2.529E-02  2.300E-02  2.081E-02  1.871E-02  1.672E-02  1.483E-02  1.306E-02  1.140E-02  9.863E-03  8.444E-03  7.148E-03  5.975E-03  4.924E-03  3.993E-03  3.181E-03  2.483E-03  1.893E-03  1.405E-03  1.011E-03  7.011E-04  4.659E-04  2.943E-04  1.748E-04  9.642E-05  4.853E-05  2.179E-05  8.465E-06  2.728E-06  6.870E-07  1.241E-07  1.415E-08  8.353E-10  1.850E-11  8.677E-14  2.614E-17 -3.363E-28
  316.0000  3.390E-02  3.166E-02  2.946E-02  2.731E-02  2.521E-02  2.318E-02  2.121E-02  1.931E-02  1.749E-02  1.575E-02  1.409E-02  1.252E-02  1.104E-02  9.650E-03  8.361E-03  7.172E-03  6.083E-03  5.095E-03  4.209E-03  3.422E-03  2.734E-03  2.140E-03  1.637E-03  1.220E-03  8.810E-04  6.140E-04  4.102E-04  2.606E-04  1.559E-04  8.662E-05  4.399E-05  1.996E-05  7.848E-06  2.566E-06  6.580E-07  1.215E-07  1.424E-08  8.705E-10  2.017E-11  1.006E-13  3.302E-17 -4.834E-28
  317.0000  5.640E-02  5.284E-02  4.935E-02  4.592E-02  4.257E-02  3.930E-02  3.613E-02  3.305E-02  3.009E-02  2.724E-02  2.451E-02  2.191E-02  1.945E-02  1.713E-02  1.496E-02  1.294E-02  1.107E-02  9.367E-03  7.819E-03  6.432E-03  5.203E-03  4.130E-03  3.207E-03  2.430E-03  1.788E-03  1.272E-03  8.700E-04  5.674E-04  3.496E-04  2.010E-04  1.061E-04  5.039E-05  2.090E-05  7.275E-06  2.009E-06  4.056E-07  5.291E-08  3.679E-09  9.933E-11  5.903E-13  2.348E-16 -4.217E-27
  318.0000  5.069E-02  4.752E-02  4.441E-02  4.135E-02  3.836E-02  3.545E-02  3.261E-02  2.987E-02  2.721E-02  2.466E-02  2.222E-02  1.989E-02  1.767E-02  1.559E-02  1.363E-02  1.181E-02  1.012E-02  8.577E-03  7.174E-03  5.914E-03  4.795E-03  3.816E-03  2.972E-03  2.259E-03  1.668E-03  1.192E-03  8.183E-04  5.364E-04  3.324E-04  1.924E-04  1.024E-04  4.902E-05  2.055E-05  7.243E-06  2.031E-06  4.179E-07  5.584E-08  4.003E-09  1.125E-10  7.066E-13  3.041E-16 -6.167E-27
  319.0000  6.396E-02  6.019E-02  5.648E-02  5.282E-02  4.922E-02  4.570E-02  4.226E-02  3.892E-02  3.567E-02  3.252E-02  2.949E-02  2.658E-02  2.381E-02  2.117E-02  1.867E-02  1.633E-02  1.414E-02  1.211E-02  1.025E-02  8.564E-03  7.043E-03  5.692E-03  4.510E-03  3.493E-03  2.635E-03  1.926E-03  1.358E-03  9.170E-04  5.876E-04  3.534E-04  1.965E-04  9.906E-05  4.407E-05  1.667E-05  5.084E-06  1.156E-06  1.742E-07  1.442E-08  4.805E-10  3.662E-12  1.941E-15 -4.871E-26
  320.0000  7.016E-02  6.596E-02  6.181E-02  5.773E-02  5.373E-02  4.982E-02  4.600E-02  4.229E-02  3.869E-02  3.522E-02  3.188E-02  2.868E-02  2.562E-02  2.273E-02  2.000E-02  1.744E-02  1.506E-02  1.286E-02  1.085E-02  9.026E-03  7.393E-03  5.948E-03  4.690E-03  3.613E-03  2.708E-03  1.967E-03  1.377E-03  9.217E-04  5.850E-04  3.481E-04  1.912E-04  9.502E-05  4.159E-05  1.544E-05  4.605E-06  1.021E-06  1.495E-07  1.199E-08  3.874E-10  2.889E-12  1.540E-15 -4.130E-26
  321.0000  8.163E-02  7.705E-02  7.251E-02  6.803E-02  6.361E-02  5.928E-02  5.503E-02  5.087E-02  4.682E-02  4.289E-02  3.909E-02  3.542E-02  3.189E-02  2.853E-02  2.533E-02  2.230E-02  1.946E-02  1.681E-02  1.436E-02  1.210E-02  1.006E-02  8.225E-03  6.601E-03  5.184E-03  3.972E-03  2.955E-03  2.125E-03  1.466E-03  9.636E-04  5.963E-04  3.428E-04  1.796E-04  8.358E-05  3.336E-05  1.085E-05  2.666E-06  4.416E-07  4.108E-08  1.580E-09  1.435E-11  9.443E-15 -3.128E-25
  322.0000  8.163E-02  7.702E-02  7.246E-02  6.796E-02  6.353E-02  5.918E-02  5.491E-02  5.075E-02  4.669E-02  4.275E-02  3.893E-02  3.526E-02  3.174E-02  2.837E-02  2.517E-02  2.215E-02  1.931E-02  1.667E-02  1.422E-02  1.198E-02  9.945E-03  8.122E-03  6.510E-03  5.106E-03  3.905E-03  2.901E-03  2.082E-03  1.434E-03  9.399E-04  5.802E-04  3.325E-04  1.736E-04  8.051E-05  3.200E-05  1.036E-05  2.534E-06  4.180E-07  3.879E-08  1.494E-09  1.376E-11  9.406E-15 -3.405E-25
  323.0000  7.341E-02  6.932E-02  6.526E-02  6.126E-02  5.731E-02  5.343E-02  4.963E-02  4.591E-02  4.229E-02  3.876E-02  3.535E-02  3.206E-02  2.889E-02  2.587E-02  2.299E-02  2.027E-02  1.770E-02  1.531E-02  1.309E-02  1.106E-02  9.204E-03  7.539E-03  6.062E-03  4.772E-03  3.665E-03  2.735E-03  1.972E-03  1.366E-03  9.014E-04  5.606E-04  3.241E-04  1.709E-04  8.021E-05  3.234E-05  1.065E-05  2.661E-06  4.508E-07  4.325E-08  1.740E-09  1.695E-11  1.251E-14 -5.063E-25
  324.0000  9.371E-02  8.876E-02  8.384E-02  7.896E-02  7.415E-02  6.939E-02  6.472E-02  6.013E-02  5.564E-02  5.125E-02  4.698E-02  4.285E-02  3.885E-02  3.501E-02  3.133E-02  2.782E-02  2.450E-02  2.138E-02  1.845E-02  1.574E-02  1.326E-02  1.099E-02  8.960E-03  7.160E-03  5.591E-03  4.250E-03  3.130E-03  2.220E-03  1.504E-03  9.643E-04  5.773E-04  3.171E-04  1.561E-04  6.654E-05  2.343E-05  6.341E-06  1.182E-06  1.273E-07  5.870E-09  6.692E-11  5.866E-14 -2.849E-24
  325.0000  9.619E-02  9.098E-02  8.582E-02  8.071E-02  7.567E-02  7.071E-02  6.583E-02  6.104E-02  5.637E-02  5.182E-02  4.740E-02  4.312E-02  3.900E-02  3.505E-02  3.127E-02  2.768E-02  2.429E-02  2.112E-02  1.816E-02  1.542E-02  1.292E-02  1.066E-02  8.639E-03  6.859E-03  5.319E-03  4.012E-03  2.929E-03  2.056E-03  1.378E-03  8.723E-04  5.147E-04  2.781E-04  1.342E-04  5.597E-05  1.920E-05  5.040E-06  9.076E-07  9.402E-08  4.168E-09  4.602E-11  4.008E-14 -2.050E-24
  326.0000  1.343E-01  1.272E-01  1.202E-01  1.133E-01  1.064E-01  9.968E-02  9.301E-02  8.647E-02  8.007E-02  7.381E-02  6.772E-02  6.181E-02  5.609E-02  5.059E-02  4.532E-02  4.030E-02  3.553E-02  3.104E-02  2.683E-02  2.293E-02  1.934E-02  1.607E-02  1.312E-02  1.051E-02  8.229E-03  6.274E-03  4.635E-03  3.299E-03  2.245E-03  1.447E-03  8.713E-04  4.820E-04  2.392E-04  1.031E-04  3.676E-05  1.012E-05  1.929E-06  2.142E-07  1.033E-08  1.261E-10  1.234E-13 -7.247E-24
  327.0000  1.363E-01  1.293E-01  1.224E-01  1.155E-01  1.087E-01  1.019E-01  9.528E-02  8.875E-02  8.234E-02  7.607E-02  6.995E-02  6.400E-02  5.824E-02  5.267E-02  4.733E-02  4.221E-02  3.735E-02  3.275E-02  2.843E-02  2.441E-02  2.069E-02  1.728E-02  1.420E-02  1.145E-02  9.027E-03  6.938E-03  5.173E-03  3.721E-03  2.562E-03  1.673E-03  1.023E-03  5.762E-04  2.921E-04  1.290E-04  4.742E-05  1.353E-05  2.696E-06  3.161E-07  1.629E-08  2.156E-10  2.332E-13 -1.556E-23
  328.0000  1.275E-01  1.209E-01  1.143E-01  1.077E-01  1.012E-01  9.485E-02  8.855E-02  8.236E-02  7.630E-02  7.038E-02  6.461E-02  5.901E-02  5.359E-02  4.838E-02  4.337E-02  3.860E-02  3.406E-02  2.979E-02  2.578E-02  2.206E-02  1.863E-02  1.550E-02  1.268E-02  1.018E-02  7.984E-03  6.101E-03  4.520E-03  3.227E-03  2.204E-03  1.426E-03  8.628E-04  4.800E-04  2.399E-04  1.043E-04  3.760E-05  1.050E-05  2.041E-06  2.328E-07  1.169E-08  1.518E-10  1.650E-13 -1.164E-23
  329.0000  1.427E-01  1.355E-01  1.284E-01  1.213E-01  1.143E-01  1.074E-01  1.005E-01  9.379E-02  8.716E-02  8.067E-02  7.432E-02  6.814E-02  6.214E-02  5.634E-02  5.075E-02  4.539E-02  4.028E-02  3.543E-02  3.087E-02  2.660E-02  2.264E-02  1.900E-02  1.569E-02  1.272E-02  1.009E-02  7.811E-03  5.869E-03  4.259E-03  2.962E-03  1.957E-03  1.213E-03  6.938E-04  3.583E-04  1.618E-04  6.111E-05  1.803E-05  3.747E-06  4.635E-07  2.562E-08  3.727E-10  4.601E-13 -3.746E-23
  330.0000  1.680E-01  1.596E-01  1.513E-01  1.430E-01  1.349E-01  1.267E-01  1.187E-01  1.108E-01  1.031E-01  9.547E-02  8.803E-02  8.078E-02  7.373E-02  6.691E-02  6.033E-02  5.403E-02  4.800E-02  4.228E-02  3.689E-02  3.183E-02  2.714E-02  2.282E-02  1.888E-02  1.534E-02  1.221E-02  9.474E-03  7.143E-03  5.201E-03  3.633E-03  2.411E-03  1.503E-03  8.654E-04  4.504E-04  2.053E-04  7.842E-05  2.347E-05  4.964E-06  6.284E-07  3.583E-08  5.440E-10  7.149E-13 -6.423E-23
  331.0000  1.411E-01  1.340E-01  1.269E-01  1.199E-01  1.130E-01  1.061E-01  9.930E-02  9.262E-02  8.606E-02  7.963E-02  7.335E-02  6.723E-02  6.130E-02  5.556E-02  5.003E-02  4.474E-02  3.969E-02  3.490E-02  3.039E-02  2.618E-02  2.227E-02  1.868E-02  1.542E-02  1.249E-02  9.907E-03  7.662E-03  5.754E-03  4.172E-03  2.900E-03  1.914E-03  1.185E-03  6.776E-04  3.497E-04  1.579E-04  5.966E-05  1.763E-05  3.680E-06  4.594E-07  2.589E-08  3.917E-10  5.239E-13 -5.010E-23
  332.0000  1.475E-01  1.402E-01  1.330E-01  1.259E-01  1.188E-01  1.117E-01  1.048E-01  9.792E-02  9.116E-02  8.454E-02  7.805E-02  7.171E-02  6.555E-02  5.958E-02  5.382E-02  4.828E-02  4.298E-02  3.794E-02  3.318E-02  2.870E-02  2.454E-02  2.069E-02  1.718E-02  1.401E-02  1.120E-02  8.731E-03  6.617E-03  4.847E-03  3.408E-03  2.280E-03  1.434E-03  8.348E-04  4.400E-04  2.037E-04  7.930E-05  2.430E-05  5.299E-06  6.981E-07  4.201E-08  6.883E-10  1.013E-12 -1.091E-22
  333.0000  1.591E-01  1.514E-01  1.437E-01  1.361E-01  1.285E-01  1.209E-01  1.135E-01  1.062E-01  9.893E-02  9.183E-02  8.487E-02  7.807E-02  7.145E-02  6.503E-02  5.882E-02  5.285E-02  4.712E-02  4.167E-02  3.651E-02  3.165E-02  2.712E-02  2.293E-02  1.909E-02  1.562E-02  1.252E-02  9.800E-03  7.459E-03  5.490E-03  3.882E-03  2.613E-03  1.656E-03  9.721E-04  5.176E-04  2.425E-04  9.579E-05  2.989E-05  6.664E-06  9.031E-07  5.637E-08  9.691E-10  1.524E-12 -1.808E-22
  334.0000  1.417E-01  1.348E-01  1.279E-01  1.210E-01  1.142E-01  1.075E-01  1.008E-01  9.424E-02  8.777E-02  8.141E-02  7.518E-02  6.910E-02  6.319E-02  5.745E-02  5.192E-02  4.659E-02  4.150E-02  3.665E-02  3.207E-02  2.776E-02  2.375E-02  2.005E-02  1.666E-02  1.360E-02  1.088E-02  8.491E-03  6.444E-03  4.728E-03  3.331E-03  2.234E-03  1.409E-03  8.226E-04  4.353E-04  2.026E-04  7.940E-05  2.456E-05  5.426E-06  7.288E-07  4.521E-08  7.790E-10  1.252E-12 -1.583E-22
  335.0000  1.655E-01  1.576E-01  1.497E-01  1.418E-01  1.340E-01  1.263E-01  1.186E-01  1.111E-01  1.036E-01  9.625E-02  8.906E-02  8.202E-02  7.516E-02  6.850E-02  6.205E-02  5.584E-02  4.988E-02  4.419E-02  3.879E-02  3.371E-02  2.895E-02  2.454E-02  2.049E-02  1.682E-02  1.353E-02  1.064E-02  8.133E-03  6.018E-03  4.280E-03  2.901E-03  1.853E-03  1.098E-03  5.914E-04  2.809E-04  1.128E-04  3.595E-05  8.237E-06  1.157E-06  7.586E-08  1.399E-09  2.445E-12 -3.445E-22
  336.0000  1.427E-01  1.359E-01  1.292E-01  1.224E-01  1.158E-01  1.091E-01  1.026E-01  9.608E-02  8.968E-02  8.338E-02  7.720E-02  7.116E-02  6.526E-02  5.953E-02  5.398E-02  4.862E-02  4.348E-02  3.857E-02  3.390E-02  2.950E-02  2.538E-02  2.155E-02  1.803E-02  1.483E-02  1.196E-02  9.423E-03  7.226E-03  5.364E-03  3.830E-03  2.608E-03  1.674E-03  9.979E-04  5.412E-04  2.593E-04  1.052E-04  3.396E-05  7.909E-06  1.135E-06  7.651E-08  1.467E-09  2.712E-12 -4.169E-22
  337.0000  1.363E-01  1.298E-01  1.233E-01  1.169E-01  1.105E-01  1.041E-01  9.781E-02  9.159E-02  8.546E-02  7.943E-02  7.351E-02  6.773E-02  6.208E-02  5.660E-02  5.129E-02  4.618E-02  4.127E-02  3.658E-02  3.213E-02  2.794E-02  2.401E-02  2.037E-02  1.703E-02  1.399E-02  1.127E-02  8.865E-03  6.788E-03  5.030E-03  3.585E-03  2.435E-03  1.560E-03  9.272E-04  5.013E-04  2.394E-04  9.678E-05  3.112E-05  7.222E-06  1.034E-06  6.980E-08  1.351E-09  2.570E-12 -4.222E-22
  338.0000  1.550E-01  1.477E-01  1.404E-01  1.331E-01  1.259E-01  1.187E-01  1.116E-01  1.046E-01  9.763E-02  9.080E-02  8.411E-02  7.755E-02  7.116E-02  6.494E-02  5.891E-02  5.310E-02  4.751E-02  4.217E-02  3.709E-02  3.230E-02  2.781E-02  2.364E-02  1.980E-02  1.630E-02  1.316E-02  1.039E-02  7.980E-03  5.936E-03  4.248E-03  2.900E-03  1.867E-03  1.118E-03  6.089E-04  2.935E-04  1.200E-04  3.913E-05  9.241E-06  1.353E-06  9.410E-08  1.896E-09  3.817E-12 -6.833E-22
  339.0000  1.671E-01  1.593E-01  1.515E-01  1.438E-01  1.361E-01  1.284E-01  1.208E-01  1.133E-01  1.059E-01  9.860E-02  9.142E-02  8.439E-02  7.752E-02  7.084E-02  6.435E-02  5.809E-02  5.206E-02  4.629E-02  4.079E-02  3.560E-02  3.072E-02  2.617E-02  2.198E-02  1.816E-02  1.471E-02  1.165E-02  8.988E-03  6.717E-03  4.833E-03  3.320E-03  2.153E-03  1.299E-03  7.151E-04  3.487E-04  1.447E-04  4.800E-05  1.159E-05  1.744E-06  1.256E-07  2.650E-09  5.675E-12 -1.111E-21
  340.0000  1.899E-01  1.810E-01  1.722E-01  1.634E-01  1.546E-01  1.459E-01  1.373E-01  1.288E-01  1.204E-01  1.121E-01  1.039E-01  9.594E-02  8.814E-02  8.055E-02  7.318E-02  6.606E-02  5.921E-02  5.266E-02  4.641E-02  4.051E-02  3.496E-02  2.980E-02  2.503E-02  2.068E-02  1.676E-02  1.328E-02  1.025E-02  7.662E-03  5.516E-03  3.791E-03  2.461E-03  1.487E-03  8.191E-04  4.001E-04  1.664E-04  5.539E-05  1.343E-05  2.037E-06  1.486E-07  3.201E-09  7.123E-12 -1.497E-21
  341.0000  1.690E-01  1.612E-01  1.534E-01  1.456E-01  1.379E-01  1.302E-01  1.225E-01  1.150E-01  1.075E-01  1.002E-01  9.295E-02  8.587E-02  7.894E-02  7.220E-02  6.565E-02  5.931E-02  5.321E-02  4.737E-02  4.180E-02  3.653E-02  3.157E-02  2.694E-02  2.267E-02  1.876E-02  1.523E-02  1.210E-02  9.359E-03  7.018E-03  5.068E-03  3.497E-03  2.280E-03  1.384E-03  7.673E-04  3.776E-04  1.584E-04  5.332E-05  1.312E-05  2.026E-06  1.515E-07  3.379E-09  7.910E-12 -1.801E-21
  342.0000  1.748E-01  1.668E-01  1.588E-01  1.508E-01  1.428E-01  1.349E-01  1.271E-01  1.193E-01  1.116E-01  1.041E-01  9.663E-02  8.933E-02  8.219E-02  7.522E-02  6.846E-02  6.191E-02  5.560E-02  4.955E-02  4.378E-02  3.830E-02  3.315E-02  2.834E-02  2.388E-02  1.980E-02  1.612E-02  1.283E-02  9.952E-03  7.485E-03  5.425E-03  3.758E-03  2.461E-03  1.503E-03  8.383E-04  4.158E-04  1.761E-04  5.999E-05  1.498E-05  2.359E-06  1.810E-07  4.182E-09  1.031E-11 -2.542E-21
  343.0000  1.857E-01  1.772E-01  1.687E-01  1.603E-01  1.519E-01  1.435E-01  1.352E-01  1.270E-01  1.188E-01  1.108E-01  1.029E-01  9.518E-02  8.760E-02  8.021E-02  7.303E-02  6.608E-02  5.938E-02  5.294E-02  4.681E-02  4.098E-02  3.550E-02  3.037E-02  2.562E-02  2.126E-02  1.732E-02  1.381E-02  1.073E-02  8.081E-03  5.868E-03  4.073E-03  2.675E-03  1.638E-03  9.172E-04  4.569E-04  1.946E-04  6.677E-05  1.683E-05  2.685E-06  2.097E-07  4.980E-09  1.281E-11 -3.399E-21
  344.0000  1.519E-01  1.449E-01  1.380E-01  1.311E-01  1.242E-01  1.174E-01  1.106E-01  1.038E-01  9.718E-02  9.063E-02  8.417E-02  7.784E-02  7.165E-02  6.561E-02  5.974E-02  5.405E-02  4.857E-02  4.331E-02  3.829E-02  3.353E-02  2.904E-02  2.485E-02  2.096E-02  1.740E-02  1.418E-02  1.130E-02  8.782E-03  6.618E-03  4.806E-03  3.338E-03  2.193E-03  1.343E-03  7.529E-04  3.754E-04  1.602E-04  5.508E-05  1.394E-05  2.237E-06  1.766E-07  4.273E-09  1.139E-11 -3.230E-21
  345.0000  1.719E-01  1.641E-01  1.563E-01  1.486E-01  1.408E-01  1.331E-01  1.255E-01  1.179E-01  1.105E-01  1.031E-01  9.579E-02  8.866E-02  8.167E-02  7.485E-02  6.821E-02  6.178E-02  5.558E-02  4.962E-02  4.392E-02  3.851E-02  3.341E-02  2.863E-02  2.420E-02  2.013E-02  1.644E-02  1.314E-02  1.024E-02  7.738E-03  5.641E-03  3.934E-03  2.597E-03  1.600E-03  9.030E-04  4.540E-04  1.956E-04  6.810E-05  1.750E-05  2.865E-06  2.322E-07  5.823E-09  1.632E-11 -5.002E-21
  346.0000  1.766E-01  1.686E-01  1.607E-01  1.527E-01  1.448E-01  1.369E-01  1.290E-01  1.213E-01  1.136E-01  1.060E-01  9.855E-02  9.122E-02  8.404E-02  7.704E-02  7.022E-02  6.362E-02  5.724E-02  5.112E-02  4.527E-02  3.970E-02  3.446E-02  2.954E-02  2.498E-02  2.079E-02  1.699E-02  1.358E-02  1.059E-02  8.014E-03  5.848E-03  4.083E-03  2.699E-03  1.666E-03  9.418E-04  4.748E-04  2.052E-04  7.177E-05  1.856E-05  3.065E-06  2.518E-07  6.455E-09  1.879E-11 -6.164E-21
  347.0000  1.921E-01  1.835E-01  1.748E-01  1.662E-01  1.576E-01  1.491E-01  1.406E-01  1.322E-01  1.239E-01  1.156E-01  1.076E-01  9.960E-02  9.182E-02  8.421E-02  7.681E-02  6.963E-02  6.269E-02  5.603E-02  4.965E-02  4.359E-02  3.786E-02  3.250E-02  2.751E-02  2.293E-02  1.876E-02  1.503E-02  1.174E-02  8.899E-03  6.509E-03  4.557E-03  3.022E-03  1.872E-03  1.063E-03  5.390E-04  2.346E-04  8.273E-05  2.163E-05  3.624E-06  3.038E-07  8.012E-09  2.437E-11 -8.581E-21
  348.0000  1.692E-01  1.616E-01  1.541E-01  1.465E-01  1.390E-01  1.315E-01  1.240E-01  1.167E-01  1.094E-01  1.021E-01  9.503E-02  8.805E-02  8.120E-02  7.452E-02  6.800E-02  6.168E-02  5.558E-02  4.970E-02  4.408E-02  3.873E-02  3.368E-02  2.893E-02  2.452E-02  2.046E-02  1.677E-02  1.345E-02  1.053E-02  7.996E-03  5.862E-03  4.115E-03  2.737E-03  1.702E-03  9.709E-04  4.947E-04  2.167E-04  7.706E-05  2.036E-05  3.461E-06  2.958E-07  8.023E-09  2.547E-11 -9.618E-21
  349.0000  1.755E-01  1.677E-01  1.599E-01  1.521E-01  1.443E-01  1.366E-01  1.289E-01  1.212E-01  1.137E-01  1.062E-01  9.887E-02  9.164E-02  8.456E-02  7.763E-02  7.088E-02  6.433E-02  5.800E-02  5.190E-02  4.607E-02  4.051E-02  3.525E-02  3.031E-02  2.572E-02  2.148E-02  1.763E-02  1.416E-02  1.110E-02  8.449E-03  6.207E-03  4.368E-03  2.914E-03  1.818E-03  1.041E-03  5.332E-04  2.350E-04  8.422E-05  2.248E-05  3.872E-06  3.371E-07  9.395E-09  3.108E-11 -1.257E-20
  350.0000  2.047E-01  1.956E-01  1.866E-01  1.775E-01  1.685E-01  1.595E-01  1.505E-01  1.416E-01  1.328E-01  1.242E-01  1.156E-01  1.072E-01  9.893E-02  9.086E-02  8.300E-02  7.536E-02  6.798E-02  6.086E-02  5.405E-02  4.756E-02  4.141E-02  3.564E-02  3.026E-02  2.530E-02  2.078E-02  1.671E-02  1.312E-02  9.999E-03  7.358E-03  5.188E-03  3.469E-03  2.170E-03  1.247E-03  6.411E-04  2.840E-04  1.024E-04  2.756E-05  4.803E-06  4.251E-07  1.214E-08  4.176E-11 -1.804E-20
------------------------------------------------------------
