Spectral Irradiance, W m-2 nm-1
values at z =      3.216 km
Columns: wavelength (nm), solar zenith angles (deg.)
    wc, nm     49.000     50.000     51.000     52.000     53.000     54.000     55.000     56.000     57.000     58.000     59.000     60.000     61.000     62.000     63.000     64.000     65.000     66.000     67.000     68.000     69.000     70.000     71.000     72.000     73.000     74.000     75.000     76.000     77.000     78.000     79.000     80.000     81.000     82.000     83.000     84.000     85.000     86.000     87.000     88.000     89.000     90.000
  280.0000  0.000E+00  0.000E+00  0.000E+00  0.000E+00  0.000E+00  0.000E+00  0.000E+00  0.000E+00  0.000E+00  0.000E+00  0.000E+00  0.000E+00  0.000E+00  0.000E+00  0.000E+00  0.000E+00  0.000E+00  0.000E+00  0.000E+00  0.000E+00  0.000E+00  0.000E+00  0.000E+00  0.000E+00  0.000E+00  0.000E+00  0.000E+00  0.000E+00  0.000E+00  0.000E+00  0.000E+00  0.000E+00  0.000E+00  0.000E+00  0.000E+00  0.000E+00  0.000E+00  0.000E+00  0.000E+00  0.000E+00  0.000E+00  0.000E+00
  281.0000  0.000E+00  0.000E+00  0.000E+00  0.000E+00  0.000E+00  0.000E+00  0.000E+00  0.000E+00  0.000E+00  0.000E+00  0.000E+00  0.000E+00  0.000E+00  0.000E+00  0.000E+00  0.000E+00  0.000E+00  0.000E+00  0.000E+00  0.000E+00  0.000E+00  0.000E+00  0.000E+00  0.000E+00  0.000E+00  0.000E+00  0.000E+00  0.000E+00  0.000E+00  0.000E+00  0.000E+00  0.000E+00  0.000E+00  0.000E+00  0.000E+00  0.000E+00  0.000E+00  0.000E+00  0.000E+00  0.000E+00  0.000E+00  0.000E+00
  282.0000  0.000E+00  0.000E+00  0.000E+00  0.000E+00  0.000E+00  0.000E+00  0.000E+00  0.000E+00  0.000E+00  0.000E+00  0.000E+00  0.000E+00  0.000E+00  0.000E+00  0.000E+00  0.000E+00  0.000E+00  0.000E+00  0.000E+00  0.000E+00  0.000E+00  0.000E+00  0.000E+00  0.000E+00  0.000E+00  0.000E+00  0.000E+00  0.000E+00  0.000E+00  0.000E+00  0.000E+00  0.000E+00  0.000E+00  0.000E+00  0.000E+00  0.000E+00  0.000E+00  0.000E+00  0.000E+00  0.000E+00  0.000E+00  0.000E+00
  283.0000  0.000E+00  0.000E+00  0.000E+00  0.000E+00  0.000E+00  0.000E+00  0.000E+00  0.000E+00  0.000E+00  0.000E+00  0.000E+00  0.000E+00  0.000E+00  0.000E+00  0.000E+00  0.000E+00  0.000E+00  0.000E+00  0.000E+00  0.000E+00  0.000E+00  0.000E+00  0.000E+00  0.000E+00  0.000E+00  0.000E+00  0.000E+00  0.000E+00  0.000E+00  0.000E+00  0.000E+00  0.000E+00  0.000E+00  0.000E+00  0.000E+00  0.000E+00  0.000E+00  0.000E+00  0.000E+00  0.000E+00  0.000E+00  0.000E+00
  284.0000  0.000E+00  0.000E+00  0.000E+00  0.000E+00  0.000E+00  0.000E+00  0.000E+00  0.000E+00  0.000E+00  0.000E+00  0.000E+00  0.000E+00  0.000E+00  0.000E+00  0.000E+00  0.000E+00  0.000E+00  0.000E+00  0.000E+00  0.000E+00  0.000E+00  0.000E+00  0.000E+00  0.000E+00  0.000E+00  0.000E+00  0.000E+00  0.000E+00  0.000E+00  0.000E+00  0.000E+00  0.000E+00  0.000E+00  0.000E+00  0.000E+00  0.000E+00  0.000E+00  0.000E+00  0.000E+00  0.000E+00  0.000E+00  0.000E+00
  285.0000  0.000E+00  0.000E+00  0.000E+00  0.000E+00  0.000E+00  0.000E+00  0.000E+00  0.000E+00  0.000E+00  0.000E+00  0.000E+00  0.000E+00  0.000E+00  0.000E+00  0.000E+00  0.000E+00  0.000E+00  0.000E+00  0.000E+00  0.000E+00  0.000E+00  0.000E+00  0.000E+00  0.000E+00  0.000E+00  0.000E+00  0.000E+00  0.000E+00  0.000E+00  0.000E+00  0.000E+00  0.000E+00  0.000E+00  0.000E+00  0.000E+00  0.000E+00  0.000E+00  0.000E+00  0.000E+00  0.000E+00  0.000E+00  0.000E+00
  286.0000  0.000E+00  0.000E+00  0.000E+00  0.000E+00  0.000E+00  0.000E+00  0.000E+00  0.000E+00  0.000E+00  0.000E+00  0.000E+00  0.000E+00  0.000E+00  0.000E+00  0.000E+00  0.000E+00  0.000E+00  0.000E+00  0.000E+00  0.000E+00  0.000E+00  0.000E+00  0.000E+00  0.000E+00  0.000E+00  0.000E+00  0.000E+00  0.000E+00  0.000E+00  0.000E+00  0.000E+00  0.000E+00  0.000E+00  0.000E+00  0.000E+00  0.000E+00  0.000E+00  0.000E+00  0.000E+00  0.000E+00  0.000E+00  0.000E+00
  287.0000  0.000E+00  0.000E+00  0.000E+00  0.000E+00  0.000E+00  0.000E+00  0.000E+00  0.000E+00  0.000E+00  0.000E+00  0.000E+00  0.000E+00  0.000E+00  0.000E+00  0.000E+00  0.000E+00  0.000E+00  0.000E+00  0.000E+00  0.000E+00  0.000E+00  0.000E+00  0.000E+00  0.000E+00  0.000E+00  0.000E+00  0.000E+00  0.000E+00  0.000E+00  0.000E+00  0.000E+00  0.000E+00  0.000E+00  0.000E+00  0.000E+00  0.000E+00  0.000E+00  0.000E+00  0.000E+00  0.000E+00  0.000E+00  0.000E+00
  288.0000  0.000E+00  0.000E+00  0.000E+00  0.000E+00  0.000E+00  0.000E+00  0.000E+00  0.000E+00  0.000E+00  0.000E+00  0.000E+00  0.000E+00  0.000E+00  0.000E+00  0.000E+00  0.000E+00  0.000E+00  0.000E+00  0.000E+00  0.000E+00  0.000E+00  0.000E+00  0.000E+00  0.000E+00  0.000E+00  0.000E+00  0.000E+00  0.000E+00  0.000E+00  0.000E+00  0.000E+00  0.000E+00  0.000E+00  0.000E+00  0.000E+00  0.000E+00  0.000E+00  0.000E+00  0.000E+00  0.000E+00  0.000E+00  0.000E+00
  289.0000  0.000E+00  0.000E+00  0.000E+00  0.000E+00  0.000E+00  0.000E+00  0.000E+00  0.000E+00  0.000E+00  0.000E+00  0.000E+00  0.000E+00  0.000E+00  0.000E+00  0.000E+00  0.000E+00  0.000E+00  0.000E+00  0.000E+00  0.000E+00  0.000E+00  0.000E+00  0.000E+00  0.000E+00  0.000E+00  0.000E+00  0.000E+00  0.000E+00  0.000E+00  0.000E+00  0.000E+00  0.000E+00  0.000E+00  0.000E+00  0.000E+00  0.000E+00  0.000E+00  0.000E+00  0.000E+00  0.000E+00  0.000E+00  0.000E+00
  290.0000  0.000E+00  0.000E+00  0.000E+00  0.000E+00  0.000E+00  0.000E+00  0.000E+00  0.000E+00  0.000E+00  0.000E+00  0.000E+00  0.000E+00  0.000E+00  0.000E+00  0.000E+00  0.000E+00  0.000E+00  0.000E+00  0.000E+00  0.000E+00  0.000E+00  0.000E+00  0.000E+00  0.000E+00  0.000E+00  0.000E+00  0.000E+00  0.000E+00  0.000E+00  0.000E+00  0.000E+00  0.000E+00  0.000E+00  0.000E+00  0.000E+00  0.000E+00  0.000E+00  0.000E+00  0.000E+00  0.000E+00  0.000E+00  0.000E+00
  291.0000  0.000E+00  0.000E+00  0.000E+00  0.000E+00  0.000E+00  0.000E+00  0.000E+00  0.000E+00  0.000E+00  0.000E+00  0.000E+00  0.000E+00  0.000E+00  0.000E+00  0.000E+00  0.000E+00  0.000E+00  0.000E+00  0.000E+00  0.000E+00  0.000E+00  0.000E+00  0.000E+00  0.000E+00  0.000E+00  0.000E+00  0.000E+00  0.000E+00  0.000E+00  0.000E+00  0.000E+00  0.000E+00  0.000E+00  0.000E+00  0.000E+00  0.000E+00  0.000E+00  0.000E+00  0.000E+00  0.000E+00  0.000E+00  0.000E+00
  292.0000  1.794E-08  1.244E-08  8.458E-09  5.624E-09  3.653E-09  2.313E-09  1.425E-09  8.518E-10  4.931E-10  2.756E-10  1.482E-10  7.645E-11  3.765E-11  1.762E-11  7.801E-12  3.245E-12  1.260E-12  4.529E-13  1.493E-13  4.467E-14  1.197E-14  2.832E-15  5.807E-16  1.011E-16  1.455E-17  1.680E-18  1.498E-19  9.835E-21  4.490E-22  1.325E-23  2.306E-25  2.103E-27  8.660E-30  1.328E-32  5.928E-36  5.659E-40  8.408E-45  0.000E+00  0.000E+00  0.000E+00  0.000E+00  0.000E+00
  293.0000  7.893E-08  5.647E-08  3.965E-08  2.729E-08  1.838E-08  1.210E-08  7.766E-09  4.850E-09  2.941E-09  1.727E-09  9.794E-10  5.344E-10  2.796E-10  1.396E-10  6.627E-11  2.972E-11  1.251E-11  4.910E-12  1.781E-12  5.909E-13  1.774E-13  4.750E-14  1.117E-14  2.259E-15  3.845E-16  5.349E-17  5.875E-18  4.881E-19  2.909E-20  1.164E-21  2.871E-23  3.924E-25  2.590E-27  6.911E-30  5.945E-33  1.238E-36  4.410E-41  0.000E+00  0.000E+00  0.000E+00  0.000E+00  0.000E+00
  294.0000  4.820E-07  3.581E-07  2.616E-07  1.878E-07  1.323E-07  9.126E-08  6.158E-08  4.056E-08  2.603E-08  1.624E-08  9.819E-09  5.739E-09  3.232E-09  1.747E-09  9.027E-10  4.436E-10  2.062E-10  9.004E-11  3.668E-11  1.381E-11  4.760E-12  1.483E-12  4.117E-13  1.001E-13  2.090E-14  3.648E-15  5.169E-16  5.721E-17  4.719E-18  2.735E-19  1.033E-20  2.312E-22  2.710E-24  1.422E-26  2.720E-29  1.466E-32  1.617E-36  2.535E-41  0.000E+00  0.000E+00  0.000E+00  0.000E+00
  295.0000  1.741E-06  1.328E-06  9.978E-07  7.378E-07  5.362E-07  3.824E-07  2.673E-07  1.828E-07  1.221E-07  7.946E-08  5.028E-08  3.085E-08  1.830E-08  1.046E-08  5.737E-09  3.007E-09  1.498E-09  7.056E-10  3.119E-10  1.284E-10  4.878E-11  1.691E-11  5.278E-12  1.461E-12  3.520E-13  7.214E-14  1.223E-14  1.656E-15  1.718E-16  1.293E-17  6.594E-19  2.089E-20  3.673E-22  3.102E-24  1.043E-26  1.099E-29  2.696E-33  1.086E-37  5.003E-43  0.000E+00  0.000E+00  0.000E+00
  296.0000  9.272E-06  7.291E-06  5.659E-06  4.329E-06  3.262E-06  2.417E-06  1.760E-06  1.257E-06  8.788E-07  6.007E-07  4.005E-07  2.598E-07  1.636E-07  9.972E-08  5.861E-08  3.309E-08  1.787E-08  9.178E-09  4.459E-09  2.034E-09  8.643E-10  3.388E-10  1.211E-10  3.891E-11  1.106E-11  2.727E-12  5.683E-13  9.718E-14  1.312E-14  1.335E-15  9.621E-17  4.548E-18  1.276E-19  1.866E-21  1.202E-23  2.742E-26  1.686E-29  2.011E-33  3.236E-38  4.905E-44  0.000E+00  0.000E+00
  297.0000  1.654E-05  1.328E-05  1.054E-05  8.252E-06  6.373E-06  4.848E-06  3.629E-06  2.669E-06  1.925E-06  1.361E-06  9.402E-07  6.337E-07  4.157E-07  2.647E-07  1.630E-07  9.683E-08  5.522E-08  3.010E-08  1.559E-08  7.629E-09  3.499E-09  1.491E-09  5.845E-10  2.080E-10  6.620E-11  1.850E-11  4.440E-12  8.899E-13  1.439E-13  1.797E-14  1.640E-15  1.019E-16  3.930E-18  8.357E-20  8.385E-22  3.243E-24  3.739E-27  9.375E-31  3.561E-35  1.373E-40  0.000E+00  0.000E+00
  298.0000  7.152E-05  5.876E-05  4.776E-05  3.837E-05  3.045E-05  2.384E-05  1.839E-05  1.397E-05  1.044E-05  7.652E-06  5.499E-06  3.865E-06  2.652E-06  1.772E-06  1.149E-06  7.219E-07  4.373E-07  2.544E-07  1.415E-07  7.478E-08  3.731E-08  1.744E-08  7.565E-09  3.011E-09  1.085E-09  3.485E-10  9.768E-11  2.332E-11  4.598E-12  7.199E-13  8.519E-14  7.150E-15  3.919E-16  1.259E-17  2.059E-19  1.424E-21  3.281E-24  1.864E-27  1.820E-31  1.969E-36  1.093E-42  0.000E+00
  299.0000  1.389E-04  1.159E-04  9.583E-05  7.838E-05  6.338E-05  5.062E-05  3.990E-05  3.100E-05  2.372E-05  1.784E-05  1.317E-05  9.534E-06  6.749E-06  4.663E-06  3.136E-06  2.047E-06  1.293E-06  7.873E-07  4.599E-07  2.565E-07  1.357E-07  6.762E-08  3.148E-08  1.355E-08  5.324E-09  1.882E-09  5.877E-10  1.584E-10  3.585E-11  6.570E-12  9.315E-13  9.638E-14  6.743E-15  2.887E-16  6.633E-18  6.877E-20  2.566E-22  2.581E-25  4.883E-29  1.094E-33  1.258E-39  0.000E+00
  300.0000  2.640E-04  2.242E-04  1.888E-04  1.575E-04  1.300E-04  1.062E-04  8.565E-05  6.822E-05  5.359E-05  4.146E-05  3.155E-05  2.358E-05  1.727E-05  1.238E-05  8.664E-06  5.903E-06  3.905E-06  2.499E-06  1.541E-06  9.116E-07  5.144E-07  2.751E-07  1.384E-07  6.490E-08  2.805E-08  1.103E-08  3.877E-09  1.195E-09  3.147E-10  6.857E-11  1.186E-11  1.545E-12  1.414E-13  8.304E-15  2.773E-16  4.488E-18  2.847E-20  5.365E-23  2.097E-26  1.043E-30  2.643E-36  0.000E+00
  301.0000  6.220E-04  5.356E-04  4.574E-04  3.873E-04  3.248E-04  2.697E-04  2.216E-04  1.799E-04  1.442E-04  1.140E-04  8.873E-05  6.796E-05  5.112E-05  3.769E-05  2.719E-05  1.914E-05  1.311E-05  8.719E-06  5.605E-06  3.468E-06  2.056E-06  1.161E-06  6.197E-07  3.103E-07  1.442E-07  6.149E-08  2.368E-08  8.087E-09  2.392E-09  5.950E-10  1.199E-10  1.862E-11  2.094E-12  1.566E-13  6.967E-15  1.586E-16  1.512E-18  4.617E-21  3.158E-24  2.912E-28  1.375E-33  0.000E+00
  302.0000  9.478E-04  8.256E-04  7.138E-04  6.122E-04  5.206E-04  4.387E-04  3.659E-04  3.020E-04  2.463E-04  1.984E-04  1.576E-04  1.233E-04  9.485E-05  7.167E-05  5.307E-05  3.843E-05  2.715E-05  1.866E-05  1.243E-05  8.000E-06  4.949E-06  2.928E-06  1.646E-06  8.721E-07  4.318E-07  1.975E-07  8.228E-08  3.070E-08  1.004E-08  2.801E-09  6.438E-10  1.165E-10  1.566E-11  1.444E-12  8.236E-14  2.521E-15  3.421E-17  1.588E-19  1.767E-22  2.796E-26  2.285E-31 -7.847E-44
  303.0000  2.429E-03  2.141E-03  1.875E-03  1.630E-03  1.405E-03  1.202E-03  1.019E-03  8.547E-04  7.097E-04  5.826E-04  4.722E-04  3.775E-04  2.973E-04  2.303E-04  1.752E-04  1.306E-04  9.516E-05  6.764E-05  4.675E-05  3.131E-05  2.023E-05  1.255E-05  7.436E-06  4.176E-06  2.205E-06  1.083E-06  4.891E-07  1.998E-07  7.241E-08  2.271E-08  5.972E-09  1.263E-09  2.036E-10  2.326E-11  1.709E-12  7.076E-14  1.377E-15  9.797E-18  1.790E-20  4.900E-24  6.965E-29 -3.905E-41
  304.0000  3.254E-03  2.890E-03  2.551E-03  2.236E-03  1.946E-03  1.680E-03  1.438E-03  1.220E-03  1.025E-03  8.517E-04  6.994E-04  5.670E-04  4.533E-04  3.568E-04  2.761E-04  2.097E-04  1.559E-04  1.133E-04  8.014E-05  5.506E-05  3.659E-05  2.341E-05  1.435E-05  8.364E-06  4.603E-06  2.368E-06  1.126E-06  4.877E-07  1.888E-07  6.386E-08  1.831E-08  4.283E-09  7.763E-10  1.018E-10  8.815E-12  4.437E-13  1.091E-14  1.026E-16  2.596E-19  1.025E-22  2.136E-27 -1.738E-39
  305.0000  5.729E-03  5.137E-03  4.580E-03  4.058E-03  3.571E-03  3.121E-03  2.706E-03  2.327E-03  1.983E-03  1.673E-03  1.396E-03  1.152E-03  9.383E-04  7.536E-04  5.958E-04  4.631E-04  3.531E-04  2.636E-04  1.921E-04  1.363E-04  9.381E-05  6.238E-05  3.987E-05  2.436E-05  1.412E-05  7.696E-06  3.904E-06  1.818E-06  7.647E-07  2.842E-07  9.085E-08  2.409E-08  5.056E-09  7.882E-10  8.371E-11  5.377E-12  1.769E-13  2.350E-15  8.892E-18  5.486E-21  1.804E-25 -2.228E-37
  306.0000  6.352E-03  5.731E-03  5.143E-03  4.588E-03  4.068E-03  3.582E-03  3.132E-03  2.717E-03  2.337E-03  1.991E-03  1.680E-03  1.402E-03  1.156E-03  9.404E-04  7.541E-04  5.950E-04  4.612E-04  3.503E-04  2.603E-04  1.886E-04  1.328E-04  9.053E-05  5.948E-05  3.745E-05  2.245E-05  1.271E-05  6.724E-06  3.284E-06  1.458E-06  5.761E-07  1.976E-07  5.688E-08  1.313E-08  2.291E-09  2.782E-10  2.096E-11  8.349E-13  1.393E-14  6.891E-17  5.753E-20  2.604E-24 -4.417E-36
  307.0000  9.717E-03  8.825E-03  7.974E-03  7.167E-03  6.403E-03  5.685E-03  5.014E-03  4.389E-03  3.813E-03  3.283E-03  2.801E-03  2.365E-03  1.975E-03  1.629E-03  1.326E-03  1.063E-03  8.381E-04  6.487E-04  4.917E-04  3.642E-04  2.627E-04  1.838E-04  1.243E-04  8.084E-05  5.021E-05  2.956E-05  1.635E-05  8.395E-06  3.942E-06  1.662E-06  6.142E-07  1.927E-07  4.920E-08  9.663E-09  1.350E-09  1.204E-10  5.860E-12  1.243E-13  8.135E-16  9.307E-19  5.855E-23 -1.365E-34
  308.0000  1.332E-02  1.217E-02  1.107E-02  1.001E-02  9.010E-03  8.060E-03  7.165E-03  6.325E-03  5.544E-03  4.820E-03  4.154E-03  3.546E-03  2.996E-03  2.503E-03  2.064E-03  1.679E-03  1.345E-03  1.059E-03  8.173E-04  6.175E-04  4.553E-04  3.264E-04  2.266E-04  1.517E-04  9.733E-05  5.941E-05  3.421E-05  1.838E-05  9.092E-06  4.066E-06  1.608E-06  5.456E-07  1.527E-07  3.342E-08  5.309E-09  5.517E-10  3.228E-11  8.521E-13  7.214E-15  1.103E-17  9.421E-22 -2.970E-33
  309.0000  1.515E-02  1.389E-02  1.268E-02  1.152E-02  1.040E-02  9.347E-03  8.346E-03  7.405E-03  6.523E-03  5.703E-03  4.944E-03  4.248E-03  3.613E-03  3.040E-03  2.527E-03  2.073E-03  1.675E-03  1.332E-03  1.039E-03  7.943E-04  5.931E-04  4.311E-04  3.040E-04  2.070E-04  1.353E-04  8.433E-05  4.971E-05  2.743E-05  1.398E-05  6.469E-06  2.661E-06  9.452E-07  2.791E-07  6.507E-08  1.114E-08  1.267E-09  8.264E-11  2.486E-12  2.460E-14  4.506E-17  4.710E-21 -1.855E-32
  310.0000  1.745E-02  1.609E-02  1.478E-02  1.351E-02  1.230E-02  1.113E-02  1.002E-02  8.966E-03  7.971E-03  7.037E-03  6.164E-03  5.354E-03  4.609E-03  3.927E-03  3.309E-03  2.755E-03  2.262E-03  1.829E-03  1.455E-03  1.135E-03  8.662E-04  6.452E-04  4.673E-04  3.277E-04  2.213E-04  1.431E-04  8.790E-05  5.079E-05  2.728E-05  1.340E-05  5.906E-06  2.272E-06  7.365E-07  1.916E-07  3.738E-08  4.966E-09  3.902E-10  1.466E-11  1.881E-13  4.617E-16  6.553E-20 -3.470E-31
  311.0000  3.148E-02  2.911E-02  2.681E-02  2.459E-02  2.244E-02  2.038E-02  1.842E-02  1.654E-02  1.476E-02  1.309E-02  1.152E-02  1.005E-02  8.697E-03  7.452E-03  6.317E-03  5.292E-03  4.376E-03  3.566E-03  2.859E-03  2.250E-03  1.734E-03  1.306E-03  9.568E-04  6.797E-04  4.658E-04  3.061E-04  1.914E-04  1.129E-04  6.203E-05  3.129E-05  1.421E-05  5.664E-06  1.913E-06  5.226E-07  1.081E-07  1.539E-08  1.316E-09  5.477E-11  7.949E-13  2.256E-15  3.786E-19 -2.437E-30
  312.0000  3.086E-02  2.864E-02  2.648E-02  2.438E-02  2.235E-02  2.039E-02  1.851E-02  1.671E-02  1.500E-02  1.337E-02  1.184E-02  1.040E-02  9.063E-03  7.824E-03  6.687E-03  5.652E-03  4.718E-03  3.884E-03  3.148E-03  2.508E-03  1.959E-03  1.496E-03  1.114E-03  8.056E-04  5.630E-04  3.781E-04  2.423E-04  1.469E-04  8.328E-05  4.354E-05  2.061E-05  8.614E-06  3.077E-06  8.976E-07  2.007E-07  3.141E-08  3.006E-09  1.433E-10  2.443E-12  8.347E-15  1.718E-18 -1.376E-29
  313.0000  3.776E-02  3.517E-02  3.263E-02  3.016E-02  2.776E-02  2.544E-02  2.320E-02  2.105E-02  1.899E-02  1.702E-02  1.516E-02  1.341E-02  1.176E-02  1.023E-02  8.811E-03  7.510E-03  6.327E-03  5.260E-03  4.310E-03  3.474E-03  2.749E-03  2.129E-03  1.610E-03  1.184E-03  8.433E-04  5.784E-04  3.795E-04  2.363E-04  1.381E-04  7.475E-05  3.681E-05  1.611E-05  6.075E-06  1.889E-06  4.556E-07  7.806E-08  8.335E-09  4.530E-10  9.027E-12  3.694E-14  9.274E-18 -9.211E-29
  314.0000  4.298E-02  4.009E-02  3.726E-02  3.450E-02  3.181E-02  2.921E-02  2.669E-02  2.426E-02  2.194E-02  1.972E-02  1.761E-02  1.561E-02  1.374E-02  1.199E-02  1.036E-02  8.864E-03  7.497E-03  6.261E-03  5.154E-03  4.176E-03  3.322E-03  2.590E-03  1.972E-03  1.461E-03  1.049E-03  7.264E-04  4.816E-04  3.034E-04  1.797E-04  9.878E-05  4.952E-05  2.213E-05  8.546E-06  2.734E-06  6.827E-07  1.219E-07  1.370E-08  7.928E-10  1.707E-11  7.683E-14  2.171E-17 -2.514E-28
  315.0000  4.805E-02  4.499E-02  4.197E-02  3.903E-02  3.615E-02  3.334E-02  3.062E-02  2.798E-02  2.544E-02  2.301E-02  2.068E-02  1.846E-02  1.636E-02  1.439E-02  1.254E-02  1.083E-02  9.247E-03  7.804E-03  6.499E-03  5.332E-03  4.301E-03  3.403E-03  2.634E-03  1.988E-03  1.457E-03  1.031E-03  7.015E-04  4.547E-04  2.782E-04  1.587E-04  8.299E-05  3.896E-05  1.594E-05  5.460E-06  1.478E-06  2.909E-07  3.671E-08  2.443E-09  6.205E-11  3.376E-13  1.173E-16 -1.689E-27
  316.0000  3.990E-02  3.738E-02  3.490E-02  3.247E-02  3.010E-02  2.779E-02  2.554E-02  2.336E-02  2.126E-02  1.925E-02  1.732E-02  1.548E-02  1.374E-02  1.210E-02  1.056E-02  9.131E-03  7.813E-03  6.606E-03  5.513E-03  4.533E-03  3.665E-03  2.908E-03  2.257E-03  1.709E-03  1.257E-03  8.937E-04  6.105E-04  3.978E-04  2.448E-04  1.406E-04  7.411E-05  3.511E-05  1.452E-05  5.039E-06  1.386E-06  2.781E-07  3.598E-08  2.471E-09  6.544E-11  3.769E-13  1.420E-16 -2.317E-27
  317.0000  6.416E-02  6.027E-02  5.644E-02  5.268E-02  4.898E-02  4.537E-02  4.186E-02  3.844E-02  3.513E-02  3.194E-02  2.887E-02  2.593E-02  2.314E-02  2.049E-02  1.800E-02  1.567E-02  1.350E-02  1.151E-02  9.684E-03  8.036E-03  6.563E-03  5.264E-03  4.137E-03  3.174E-03  2.369E-03  1.713E-03  1.192E-03  7.932E-04  4.999E-04  2.950E-04  1.604E-04  7.883E-05  3.403E-05  1.241E-05  3.624E-06  7.816E-07  1.103E-07  8.407E-09  2.523E-10  1.681E-12  7.463E-16 -1.462E-26
  318.0000  5.747E-02  5.402E-02  5.061E-02  4.726E-02  4.398E-02  4.077E-02  3.764E-02  3.459E-02  3.164E-02  2.879E-02  2.605E-02  2.342E-02  2.092E-02  1.855E-02  1.632E-02  1.422E-02  1.227E-02  1.048E-02  8.833E-03  7.344E-03  6.010E-03  4.832E-03  3.807E-03  2.929E-03  2.193E-03  1.591E-03  1.112E-03  7.430E-04  4.707E-04  2.793E-04  1.530E-04  7.577E-05  3.301E-05  1.218E-05  3.606E-06  7.911E-07  1.141E-07  8.945E-09  2.787E-10  1.955E-12  9.362E-16 -2.064E-26
  319.0000  6.975E-02  6.576E-02  6.181E-02  5.792E-02  5.409E-02  5.034E-02  4.666E-02  4.307E-02  3.958E-02  3.619E-02  3.292E-02  2.977E-02  2.675E-02  2.387E-02  2.114E-02  1.857E-02  1.616E-02  1.391E-02  1.184E-02  9.946E-03  8.233E-03  6.701E-03  5.351E-03  4.180E-03  3.183E-03  2.353E-03  1.679E-03  1.149E-03  7.473E-04  4.573E-04  2.594E-04  1.338E-04  6.115E-05  2.387E-05  7.557E-06  1.796E-06  2.853E-07  2.513E-08  8.989E-10  7.398E-12  4.223E-15 -1.125E-25
  320.0000  7.771E-02  7.321E-02  6.876E-02  6.437E-02  6.006E-02  5.583E-02  5.170E-02  4.767E-02  4.375E-02  3.995E-02  3.629E-02  3.277E-02  2.940E-02  2.619E-02  2.316E-02  2.030E-02  1.762E-02  1.514E-02  1.285E-02  1.077E-02  8.887E-03  7.211E-03  5.738E-03  4.465E-03  3.385E-03  2.490E-03  1.767E-03  1.202E-03  7.768E-04  4.717E-04  2.653E-04  1.355E-04  6.121E-05  2.358E-05  7.351E-06  1.717E-06  2.675E-07  2.309E-08  8.112E-10  6.622E-12  3.850E-15 -1.105E-25
  321.0000  8.686E-02  8.209E-02  7.735E-02  7.268E-02  6.806E-02  6.352E-02  5.907E-02  5.470E-02  5.045E-02  4.630E-02  4.229E-02  3.841E-02  3.467E-02  3.110E-02  2.769E-02  2.446E-02  2.141E-02  1.856E-02  1.591E-02  1.347E-02  1.125E-02  9.245E-03  7.461E-03  5.896E-03  4.548E-03  3.410E-03  2.473E-03  1.723E-03  1.145E-03  7.172E-04  4.182E-04  2.227E-04  1.057E-04  4.314E-05  1.441E-05  3.655E-06  6.288E-07  6.115E-08  2.474E-09  2.375E-11  1.649E-14 -5.704E-25
  322.0000  8.742E-02  8.260E-02  7.783E-02  7.311E-02  6.845E-02  6.387E-02  5.938E-02  5.498E-02  5.069E-02  4.652E-02  4.247E-02  3.856E-02  3.480E-02  3.120E-02  2.777E-02  2.452E-02  2.146E-02  1.859E-02  1.593E-02  1.348E-02  1.125E-02  9.240E-03  7.452E-03  5.884E-03  4.535E-03  3.397E-03  2.461E-03  1.713E-03  1.137E-03  7.113E-04  4.141E-04  2.202E-04  1.043E-04  4.250E-05  1.417E-05  3.590E-06  6.174E-07  6.017E-08  2.452E-09  2.399E-11  1.738E-14 -6.589E-25
  323.0000  7.824E-02  7.397E-02  6.974E-02  6.556E-02  6.143E-02  5.737E-02  5.338E-02  4.947E-02  4.565E-02  4.193E-02  3.833E-02  3.484E-02  3.148E-02  2.826E-02  2.519E-02  2.227E-02  1.952E-02  1.695E-02  1.455E-02  1.234E-02  1.032E-02  8.500E-03  6.874E-03  5.446E-03  4.212E-03  3.167E-03  2.305E-03  1.612E-03  1.076E-03  6.775E-04  3.974E-04  2.132E-04  1.021E-04  4.211E-05  1.425E-05  3.680E-06  6.479E-07  6.506E-08  2.757E-09  2.842E-11  2.215E-14 -9.359E-25
  324.0000  9.689E-02  9.183E-02  8.681E-02  8.182E-02  7.689E-02  7.203E-02  6.723E-02  6.252E-02  5.791E-02  5.341E-02  4.902E-02  4.476E-02  4.064E-02  3.667E-02  3.287E-02  2.924E-02  2.579E-02  2.254E-02  1.950E-02  1.668E-02  1.408E-02  1.171E-02  9.571E-03  7.673E-03  6.014E-03  4.590E-03  3.396E-03  2.421E-03  1.650E-03  1.065E-03  6.424E-04  3.561E-04  1.770E-04  7.641E-05  2.729E-05  7.514E-06  1.430E-06  1.576E-07  7.472E-09  8.775E-11  7.918E-14 -3.940E-24
  325.0000  1.012E-01  9.582E-02  9.049E-02  8.520E-02  7.997E-02  7.482E-02  6.976E-02  6.478E-02  5.992E-02  5.517E-02  5.055E-02  4.608E-02  4.176E-02  3.761E-02  3.363E-02  2.985E-02  2.627E-02  2.290E-02  1.975E-02  1.684E-02  1.416E-02  1.173E-02  9.550E-03  7.621E-03  5.942E-03  4.510E-03  3.315E-03  2.346E-03  1.587E-03  1.015E-03  6.057E-04  3.317E-04  1.627E-04  6.908E-05  2.422E-05  6.526E-06  1.212E-06  1.302E-07  6.017E-09  6.948E-11  6.319E-14 -3.344E-24
  326.0000  1.390E-01  1.318E-01  1.246E-01  1.175E-01  1.105E-01  1.036E-01  9.675E-02  9.004E-02  8.346E-02  7.702E-02  7.075E-02  6.466E-02  5.876E-02  5.308E-02  4.762E-02  4.241E-02  3.747E-02  3.279E-02  2.841E-02  2.434E-02  2.058E-02  1.715E-02  1.405E-02  1.129E-02  8.873E-03  6.793E-03  5.043E-03  3.609E-03  2.471E-03  1.603E-03  9.732E-04  5.433E-04  2.725E-04  1.189E-04  4.305E-05  1.206E-05  2.348E-06  2.673E-07  1.326E-08  1.668E-10  1.682E-13 -1.012E-23
  327.0000  1.394E-01  1.324E-01  1.253E-01  1.183E-01  1.114E-01  1.046E-01  9.781E-02  9.117E-02  8.464E-02  7.825E-02  7.202E-02  6.595E-02  6.006E-02  5.438E-02  4.891E-02  4.368E-02  3.869E-02  3.397E-02  2.954E-02  2.539E-02  2.156E-02  1.804E-02  1.486E-02  1.200E-02  9.491E-03  7.315E-03  5.472E-03  3.949E-03  2.730E-03  1.791E-03  1.101E-03  6.240E-04  3.185E-04  1.419E-04  5.266E-05  1.521E-05  3.073E-06  3.661E-07  1.923E-08  2.598E-10  2.866E-13 -1.943E-23
  328.0000  1.322E-01  1.254E-01  1.187E-01  1.120E-01  1.053E-01  9.878E-02  9.232E-02  8.596E-02  7.972E-02  7.362E-02  6.767E-02  6.189E-02  5.629E-02  5.089E-02  4.570E-02  4.074E-02  3.603E-02  3.157E-02  2.739E-02  2.349E-02  1.989E-02  1.660E-02  1.363E-02  1.098E-02  8.646E-03  6.637E-03  4.941E-03  3.548E-03  2.439E-03  1.589E-03  9.698E-04  5.448E-04  2.754E-04  1.213E-04  4.443E-05  1.264E-05  2.512E-06  2.942E-07  1.521E-08  2.042E-10  2.288E-13 -1.654E-23
  329.0000  1.451E-01  1.378E-01  1.306E-01  1.235E-01  1.164E-01  1.094E-01  1.025E-01  9.563E-02  8.891E-02  8.233E-02  7.590E-02  6.963E-02  6.354E-02  5.765E-02  5.197E-02  4.652E-02  4.132E-02  3.638E-02  3.173E-02  2.737E-02  2.332E-02  1.960E-02  1.621E-02  1.316E-02  1.046E-02  8.114E-03  6.111E-03  4.446E-03  3.101E-03  2.055E-03  1.279E-03  7.348E-04  3.814E-04  1.733E-04  6.591E-05  1.961E-05  4.116E-06  5.152E-07  2.887E-08  4.263E-10  5.339E-13 -4.402E-23
  330.0000  1.704E-01  1.620E-01  1.536E-01  1.453E-01  1.370E-01  1.288E-01  1.207E-01  1.127E-01  1.049E-01  9.718E-02  8.965E-02  8.230E-02  7.517E-02  6.826E-02  6.159E-02  5.519E-02  4.907E-02  4.326E-02  3.778E-02  3.263E-02  2.785E-02  2.344E-02  1.942E-02  1.581E-02  1.259E-02  9.793E-03  7.397E-03  5.399E-03  3.780E-03  2.516E-03  1.574E-03  9.096E-04  4.755E-04  2.179E-04  8.373E-05  2.524E-05  5.386E-06  6.889E-07  3.974E-08  6.112E-10  8.132E-13 -7.382E-23
  331.0000  1.444E-01  1.372E-01  1.301E-01  1.230E-01  1.159E-01  1.089E-01  1.020E-01  9.522E-02  8.854E-02  8.199E-02  7.558E-02  6.934E-02  6.328E-02  5.741E-02  5.176E-02  4.633E-02  4.115E-02  3.624E-02  3.161E-02  2.727E-02  2.324E-02  1.953E-02  1.615E-02  1.312E-02  1.043E-02  8.091E-03  6.096E-03  4.436E-03  3.096E-03  2.053E-03  1.278E-03  7.355E-04  3.824E-04  1.742E-04  6.646E-05  1.988E-05  4.209E-06  5.344E-07  3.070E-08  4.744E-10  6.474E-13 -6.289E-23
  332.0000  1.492E-01  1.419E-01  1.347E-01  1.275E-01  1.203E-01  1.132E-01  1.062E-01  9.928E-02  9.246E-02  8.577E-02  7.922E-02  7.282E-02  6.660E-02  6.056E-02  5.473E-02  4.913E-02  4.377E-02  3.866E-02  3.383E-02  2.929E-02  2.507E-02  2.116E-02  1.759E-02  1.436E-02  1.149E-02  8.971E-03  6.810E-03  4.998E-03  3.522E-03  2.361E-03  1.489E-03  8.696E-04  4.600E-04  2.139E-04  8.368E-05  2.580E-05  5.666E-06  7.527E-07  4.574E-08  7.573E-10  1.126E-12 -1.223E-22
  333.0000  1.603E-01  1.526E-01  1.449E-01  1.372E-01  1.296E-01  1.220E-01  1.145E-01  1.071E-01  9.986E-02  9.272E-02  8.571E-02  7.887E-02  7.220E-02  6.573E-02  5.948E-02  5.346E-02  4.769E-02  4.219E-02  3.698E-02  3.208E-02  2.750E-02  2.327E-02  1.939E-02  1.587E-02  1.273E-02  9.977E-03  7.602E-03  5.602E-03  3.967E-03  2.675E-03  1.698E-03  9.986E-04  5.330E-04  2.505E-04  9.925E-05  3.109E-05  6.965E-06  9.491E-07  5.962E-08  1.032E-09  1.634E-12 -1.950E-22
  334.0000  1.439E-01  1.369E-01  1.300E-01  1.230E-01  1.162E-01  1.093E-01  1.026E-01  9.594E-02  8.939E-02  8.295E-02  7.665E-02  7.049E-02  6.450E-02  5.868E-02  5.306E-02  4.766E-02  4.248E-02  3.756E-02  3.289E-02  2.850E-02  2.441E-02  2.063E-02  1.717E-02  1.404E-02  1.124E-02  8.795E-03  6.689E-03  4.919E-03  3.475E-03  2.337E-03  1.479E-03  8.672E-04  4.612E-04  2.158E-04  8.513E-05  2.654E-05  5.917E-06  8.036E-07  5.048E-08  8.816E-10  1.436E-12 -1.834E-22
  335.0000  1.665E-01  1.585E-01  1.506E-01  1.427E-01  1.349E-01  1.271E-01  1.194E-01  1.118E-01  1.043E-01  9.697E-02  8.974E-02  8.267E-02  7.577E-02  6.907E-02  6.259E-02  5.633E-02  5.034E-02  4.461E-02  3.918E-02  3.406E-02  2.927E-02  2.482E-02  2.074E-02  1.703E-02  1.371E-02  1.078E-02  8.252E-03  6.112E-03  4.352E-03  2.954E-03  1.889E-03  1.121E-03  6.049E-04  2.880E-04  1.160E-04  3.706E-05  8.523E-06  1.202E-06  7.921E-08  1.469E-09  2.581E-12 -3.653E-22
  336.0000  1.432E-01  1.365E-01  1.297E-01  1.230E-01  1.163E-01  1.096E-01  1.030E-01  9.653E-02  9.011E-02  8.379E-02  7.760E-02  7.153E-02  6.561E-02  5.986E-02  5.429E-02  4.891E-02  4.375E-02  3.881E-02  3.413E-02  2.970E-02  2.556E-02  2.171E-02  1.817E-02  1.495E-02  1.206E-02  9.510E-03  7.297E-03  5.421E-03  3.873E-03  2.639E-03  1.696E-03  1.012E-03  5.494E-04  2.636E-04  1.072E-04  3.466E-05  8.092E-06  1.164E-06  7.876E-08  1.515E-09  2.812E-12 -4.337E-22
  337.0000  1.375E-01  1.310E-01  1.245E-01  1.180E-01  1.116E-01  1.052E-01  9.885E-02  9.258E-02  8.641E-02  8.034E-02  7.438E-02  6.855E-02  6.286E-02  5.733E-02  5.198E-02  4.681E-02  4.186E-02  3.712E-02  3.263E-02  2.839E-02  2.441E-02  2.073E-02  1.734E-02  1.426E-02  1.149E-02  9.055E-03  6.942E-03  5.152E-03  3.678E-03  2.503E-03  1.606E-03  9.574E-04  5.191E-04  2.487E-04  1.010E-04  3.261E-05  7.611E-06  1.097E-06  7.461E-08  1.456E-09  2.792E-12 -4.614E-22
  338.0000  1.560E-01  1.487E-01  1.413E-01  1.340E-01  1.268E-01  1.196E-01  1.124E-01  1.054E-01  9.841E-02  9.155E-02  8.482E-02  7.823E-02  7.180E-02  6.554E-02  5.948E-02  5.362E-02  4.800E-02  4.262E-02  3.751E-02  3.268E-02  2.815E-02  2.394E-02  2.006E-02  1.653E-02  1.336E-02  1.055E-02  8.111E-03  6.040E-03  4.327E-03  2.958E-03  1.908E-03  1.144E-03  6.244E-04  3.017E-04  1.237E-04  4.048E-05  9.599E-06  1.412E-06  9.875E-08  2.001E-09  4.052E-12 -7.288E-22
  339.0000  1.675E-01  1.597E-01  1.519E-01  1.442E-01  1.365E-01  1.288E-01  1.212E-01  1.137E-01  1.062E-01  9.891E-02  9.172E-02  8.467E-02  7.779E-02  7.109E-02  6.459E-02  5.830E-02  5.226E-02  4.647E-02  4.096E-02  3.575E-02  3.086E-02  2.630E-02  2.209E-02  1.825E-02  1.479E-02  1.172E-02  9.043E-03  6.761E-03  4.867E-03  3.345E-03  2.171E-03  1.311E-03  7.219E-04  3.524E-04  1.463E-04  4.862E-05  1.175E-05  1.772E-06  1.279E-07  2.705E-09  5.806E-12 -1.139E-21
  340.0000  1.907E-01  1.819E-01  1.730E-01  1.642E-01  1.554E-01  1.467E-01  1.380E-01  1.295E-01  1.210E-01  1.127E-01  1.045E-01  9.651E-02  8.868E-02  8.105E-02  7.366E-02  6.650E-02  5.962E-02  5.304E-02  4.676E-02  4.082E-02  3.525E-02  3.005E-02  2.525E-02  2.087E-02  1.692E-02  1.342E-02  1.036E-02  7.752E-03  5.585E-03  3.842E-03  2.497E-03  1.510E-03  8.331E-04  4.076E-04  1.698E-04  5.667E-05  1.378E-05  2.097E-06  1.535E-07  3.320E-09  7.418E-12 -1.564E-21
  341.0000  1.695E-01  1.617E-01  1.539E-01  1.461E-01  1.383E-01  1.306E-01  1.230E-01  1.154E-01  1.079E-01  1.006E-01  9.331E-02  8.621E-02  7.927E-02  7.250E-02  6.593E-02  5.958E-02  5.346E-02  4.760E-02  4.201E-02  3.672E-02  3.174E-02  2.710E-02  2.280E-02  1.888E-02  1.533E-02  1.218E-02  9.428E-03  7.073E-03  5.111E-03  3.528E-03  2.302E-03  1.399E-03  7.761E-04  3.823E-04  1.606E-04  5.415E-05  1.335E-05  2.066E-06  1.548E-07  3.463E-09  8.129E-12 -1.855E-21
  342.0000  1.750E-01  1.670E-01  1.590E-01  1.510E-01  1.430E-01  1.351E-01  1.273E-01  1.195E-01  1.118E-01  1.042E-01  9.678E-02  8.947E-02  8.232E-02  7.535E-02  6.858E-02  6.202E-02  5.570E-02  4.964E-02  4.386E-02  3.838E-02  3.322E-02  2.840E-02  2.394E-02  1.985E-02  1.616E-02  1.286E-02  9.981E-03  7.509E-03  5.443E-03  3.771E-03  2.471E-03  1.509E-03  8.422E-04  4.178E-04  1.771E-04  6.035E-05  1.508E-05  2.377E-06  1.826E-07  4.224E-09  1.042E-11 -2.573E-21
  343.0000  1.860E-01  1.775E-01  1.690E-01  1.605E-01  1.521E-01  1.437E-01  1.354E-01  1.272E-01  1.190E-01  1.110E-01  1.031E-01  9.535E-02  8.776E-02  8.036E-02  7.318E-02  6.621E-02  5.950E-02  5.306E-02  4.691E-02  4.108E-02  3.558E-02  3.045E-02  2.569E-02  2.132E-02  1.738E-02  1.385E-02  1.076E-02  8.110E-03  5.890E-03  4.090E-03  2.687E-03  1.646E-03  9.220E-04  4.595E-04  1.958E-04  6.723E-05  1.696E-05  2.709E-06  2.118E-07  5.036E-09  1.298E-11 -3.446E-21
  344.0000  1.524E-01  1.455E-01  1.385E-01  1.316E-01  1.247E-01  1.178E-01  1.110E-01  1.043E-01  9.760E-02  9.102E-02  8.455E-02  7.821E-02  7.199E-02  6.593E-02  6.004E-02  5.434E-02  4.884E-02  4.356E-02  3.852E-02  3.374E-02  2.923E-02  2.501E-02  2.111E-02  1.753E-02  1.429E-02  1.140E-02  8.859E-03  6.679E-03  4.854E-03  3.373E-03  2.218E-03  1.360E-03  7.631E-04  3.810E-04  1.628E-04  5.609E-05  1.422E-05  2.288E-06  1.812E-07  4.398E-09  1.176E-11 -3.343E-21
  345.0000  1.721E-01  1.644E-01  1.566E-01  1.488E-01  1.411E-01  1.334E-01  1.257E-01  1.181E-01  1.106E-01  1.032E-01  9.596E-02  8.882E-02  8.182E-02  7.499E-02  6.835E-02  6.191E-02  5.569E-02  4.973E-02  4.402E-02  3.860E-02  3.349E-02  2.871E-02  2.427E-02  2.019E-02  1.649E-02  1.318E-02  1.027E-02  7.766E-03  5.663E-03  3.950E-03  2.609E-03  1.608E-03  9.077E-04  4.566E-04  1.968E-04  6.859E-05  1.764E-05  2.891E-06  2.346E-07  5.889E-09  1.653E-11 -5.071E-21
  346.0000  1.771E-01  1.691E-01  1.611E-01  1.531E-01  1.452E-01  1.373E-01  1.294E-01  1.216E-01  1.139E-01  1.063E-01  9.887E-02  9.153E-02  8.434E-02  7.732E-02  7.049E-02  6.387E-02  5.747E-02  5.133E-02  4.546E-02  3.988E-02  3.462E-02  2.969E-02  2.511E-02  2.090E-02  1.708E-02  1.367E-02  1.066E-02  8.068E-03  5.890E-03  4.114E-03  2.722E-03  1.681E-03  9.512E-04  4.799E-04  2.077E-04  7.273E-05  1.883E-05  3.117E-06  2.566E-07  6.592E-09  1.923E-11 -6.319E-21
  347.0000  1.925E-01  1.838E-01  1.752E-01  1.666E-01  1.580E-01  1.494E-01  1.409E-01  1.325E-01  1.242E-01  1.159E-01  1.078E-01  9.987E-02  9.206E-02  8.444E-02  7.703E-02  6.983E-02  6.289E-02  5.621E-02  4.982E-02  4.374E-02  3.800E-02  3.262E-02  2.762E-02  2.302E-02  1.884E-02  1.510E-02  1.180E-02  8.946E-03  6.546E-03  4.584E-03  3.042E-03  1.886E-03  1.072E-03  5.435E-04  2.367E-04  8.358E-05  2.187E-05  3.671E-06  3.082E-07  8.144E-09  2.481E-11 -8.747E-21
  348.0000  1.694E-01  1.619E-01  1.543E-01  1.467E-01  1.392E-01  1.317E-01  1.242E-01  1.169E-01  1.095E-01  1.023E-01  9.521E-02  8.822E-02  8.136E-02  7.467E-02  6.815E-02  6.182E-02  5.570E-02  4.982E-02  4.419E-02  3.883E-02  3.377E-02  2.901E-02  2.459E-02  2.052E-02  1.682E-02  1.350E-02  1.056E-02  8.027E-03  5.886E-03  4.133E-03  2.750E-03  1.711E-03  9.764E-04  4.978E-04  2.182E-04  7.765E-05  2.053E-05  3.494E-06  2.989E-07  8.120E-09  2.580E-11 -9.755E-21
  349.0000  1.757E-01  1.679E-01  1.601E-01  1.523E-01  1.445E-01  1.367E-01  1.290E-01  1.214E-01  1.138E-01  1.064E-01  9.901E-02  9.177E-02  8.468E-02  7.775E-02  7.100E-02  6.444E-02  5.810E-02  5.200E-02  4.615E-02  4.059E-02  3.532E-02  3.038E-02  2.578E-02  2.153E-02  1.767E-02  1.420E-02  1.113E-02  8.474E-03  6.227E-03  4.382E-03  2.925E-03  1.825E-03  1.046E-03  5.357E-04  2.362E-04  8.471E-05  2.262E-05  3.900E-06  3.399E-07  9.481E-09  3.140E-11 -1.271E-20
  350.0000  2.050E-01  1.959E-01  1.868E-01  1.777E-01  1.687E-01  1.597E-01  1.507E-01  1.418E-01  1.331E-01  1.244E-01  1.158E-01  1.074E-01  9.911E-02  9.103E-02  8.316E-02  7.551E-02  6.811E-02  6.099E-02  5.417E-02  4.766E-02  4.151E-02  3.573E-02  3.034E-02  2.537E-02  2.084E-02  1.676E-02  1.316E-02  1.003E-02  7.385E-03  5.208E-03  3.484E-03  2.180E-03  1.253E-03  6.446E-04  2.857E-04  1.031E-04  2.777E-05  4.844E-06  4.291E-07  1.227E-08  4.225E-11 -1.827E-20
------------------------------------------------------------
