Spectral Irradiance, W m-2 nm-1
values at z =      3.216 km
Columns: wavelength (nm), solar zenith angles (deg.)
    wc, nm     49.000     50.000     51.000     52.000     53.000     54.000     55.000     56.000     57.000     58.000     59.000     60.000     61.000     62.000     63.000     64.000     65.000     66.000     67.000     68.000     69.000     70.000     71.000     72.000     73.000     74.000     75.000     76.000     77.000     78.000     79.000     80.000     81.000     82.000     83.000     84.000     85.000     86.000     87.000     88.000     89.000     90.000
  280.0000  0.000E+00  0.000E+00  0.000E+00  0.000E+00  0.000E+00  0.000E+00  0.000E+00  0.000E+00  0.000E+00  0.000E+00  0.000E+00  0.000E+00  0.000E+00  0.000E+00  0.000E+00  0.000E+00  0.000E+00  0.000E+00  0.000E+00  0.000E+00  0.000E+00  0.000E+00  0.000E+00  0.000E+00  0.000E+00  0.000E+00  0.000E+00  0.000E+00  0.000E+00  0.000E+00  0.000E+00  0.000E+00  0.000E+00  0.000E+00  0.000E+00  0.000E+00  0.000E+00  0.000E+00  0.000E+00  0.000E+00  0.000E+00  0.000E+00
  281.0000  0.000E+00  0.000E+00  0.000E+00  0.000E+00  0.000E+00  0.000E+00  0.000E+00  0.000E+00  0.000E+00  0.000E+00  0.000E+00  0.000E+00  0.000E+00  0.000E+00  0.000E+00  0.000E+00  0.000E+00  0.000E+00  0.000E+00  0.000E+00  0.000E+00  0.000E+00  0.000E+00  0.000E+00  0.000E+00  0.000E+00  0.000E+00  0.000E+00  0.000E+00  0.000E+00  0.000E+00  0.000E+00  0.000E+00  0.000E+00  0.000E+00  0.000E+00  0.000E+00  0.000E+00  0.000E+00  0.000E+00  0.000E+00  0.000E+00
  282.0000  0.000E+00  0.000E+00  0.000E+00  0.000E+00  0.000E+00  0.000E+00  0.000E+00  0.000E+00  0.000E+00  0.000E+00  0.000E+00  0.000E+00  0.000E+00  0.000E+00  0.000E+00  0.000E+00  0.000E+00  0.000E+00  0.000E+00  0.000E+00  0.000E+00  0.000E+00  0.000E+00  0.000E+00  0.000E+00  0.000E+00  0.000E+00  0.000E+00  0.000E+00  0.000E+00  0.000E+00  0.000E+00  0.000E+00  0.000E+00  0.000E+00  0.000E+00  0.000E+00  0.000E+00  0.000E+00  0.000E+00  0.000E+00  0.000E+00
  283.0000  0.000E+00  0.000E+00  0.000E+00  0.000E+00  0.000E+00  0.000E+00  0.000E+00  0.000E+00  0.000E+00  0.000E+00  0.000E+00  0.000E+00  0.000E+00  0.000E+00  0.000E+00  0.000E+00  0.000E+00  0.000E+00  0.000E+00  0.000E+00  0.000E+00  0.000E+00  0.000E+00  0.000E+00  0.000E+00  0.000E+00  0.000E+00  0.000E+00  0.000E+00  0.000E+00  0.000E+00  0.000E+00  0.000E+00  0.000E+00  0.000E+00  0.000E+00  0.000E+00  0.000E+00  0.000E+00  0.000E+00  0.000E+00  0.000E+00
  284.0000  0.000E+00  0.000E+00  0.000E+00  0.000E+00  0.000E+00  0.000E+00  0.000E+00  0.000E+00  0.000E+00  0.000E+00  0.000E+00  0.000E+00  0.000E+00  0.000E+00  0.000E+00  0.000E+00  0.000E+00  0.000E+00  0.000E+00  0.000E+00  0.000E+00  0.000E+00  0.000E+00  0.000E+00  0.000E+00  0.000E+00  0.000E+00  0.000E+00  0.000E+00  0.000E+00  0.000E+00  0.000E+00  0.000E+00  0.000E+00  0.000E+00  0.000E+00  0.000E+00  0.000E+00  0.000E+00  0.000E+00  0.000E+00  0.000E+00
  285.0000  0.000E+00  0.000E+00  0.000E+00  0.000E+00  0.000E+00  0.000E+00  0.000E+00  0.000E+00  0.000E+00  0.000E+00  0.000E+00  0.000E+00  0.000E+00  0.000E+00  0.000E+00  0.000E+00  0.000E+00  0.000E+00  0.000E+00  0.000E+00  0.000E+00  0.000E+00  0.000E+00  0.000E+00  0.000E+00  0.000E+00  0.000E+00  0.000E+00  0.000E+00  0.000E+00  0.000E+00  0.000E+00  0.000E+00  0.000E+00  0.000E+00  0.000E+00  0.000E+00  0.000E+00  0.000E+00  0.000E+00  0.000E+00  0.000E+00
  286.0000  0.000E+00  0.000E+00  0.000E+00  0.000E+00  0.000E+00  0.000E+00  0.000E+00  0.000E+00  0.000E+00  0.000E+00  0.000E+00  0.000E+00  0.000E+00  0.000E+00  0.000E+00  0.000E+00  0.000E+00  0.000E+00  0.000E+00  0.000E+00  0.000E+00  0.000E+00  0.000E+00  0.000E+00  0.000E+00  0.000E+00  0.000E+00  0.000E+00  0.000E+00  0.000E+00  0.000E+00  0.000E+00  0.000E+00  0.000E+00  0.000E+00  0.000E+00  0.000E+00  0.000E+00  0.000E+00  0.000E+00  0.000E+00  0.000E+00
  287.0000  0.000E+00  0.000E+00  0.000E+00  0.000E+00  0.000E+00  0.000E+00  0.000E+00  0.000E+00  0.000E+00  0.000E+00  0.000E+00  0.000E+00  0.000E+00  0.000E+00  0.000E+00  0.000E+00  0.000E+00  0.000E+00  0.000E+00  0.000E+00  0.000E+00  0.000E+00  0.000E+00  0.000E+00  0.000E+00  0.000E+00  0.000E+00  0.000E+00  0.000E+00  0.000E+00  0.000E+00  0.000E+00  0.000E+00  0.000E+00  0.000E+00  0.000E+00  0.000E+00  0.000E+00  0.000E+00  0.000E+00  0.000E+00  0.000E+00
  288.0000  0.000E+00  0.000E+00  0.000E+00  0.000E+00  0.000E+00  0.000E+00  0.000E+00  0.000E+00  0.000E+00  0.000E+00  0.000E+00  0.000E+00  0.000E+00  0.000E+00  0.000E+00  0.000E+00  0.000E+00  0.000E+00  0.000E+00  0.000E+00  0.000E+00  0.000E+00  0.000E+00  0.000E+00  0.000E+00  0.000E+00  0.000E+00  0.000E+00  0.000E+00  0.000E+00  0.000E+00  0.000E+00  0.000E+00  0.000E+00  0.000E+00  0.000E+00  0.000E+00  0.000E+00  0.000E+00  0.000E+00  0.000E+00  0.000E+00
  289.0000  3.282E-08  2.318E-08  1.606E-08  1.090E-08  7.229E-09  4.682E-09  2.954E-09  1.812E-09  1.078E-09  6.199E-10  3.438E-10  1.833E-10  9.349E-11  4.545E-11  2.095E-11  9.105E-12  3.706E-12  1.402E-12  4.886E-13  1.553E-13  4.445E-14  1.130E-14  2.509E-15  4.766E-16  7.561E-17  9.726E-18  9.785E-19  7.363E-20  3.922E-21  1.379E-22  2.934E-24  3.377E-26  1.821E-28  3.828E-31  2.477E-34  3.661E-38  8.604E-43  0.000E+00  0.000E+00  0.000E+00  0.000E+00  0.000E+00
  290.0000  2.222E-07  1.620E-07  1.161E-07  8.163E-08  5.624E-08  3.791E-08  2.496E-08  1.601E-08  9.995E-09  6.051E-09  3.545E-09  2.003E-09  1.088E-09  5.655E-10  2.802E-10  1.316E-10  5.825E-11  2.413E-11  9.281E-12  3.283E-12  1.057E-12  3.055E-13  7.812E-14  1.735E-14  3.272E-15  5.104E-16  6.374E-17  6.118E-18  4.294E-19  2.069E-20  6.318E-22  1.105E-23  9.709E-26  3.622E-28  4.622E-31  1.532E-34  9.419E-39  7.287E-44  0.000E+00  0.000E+00  0.000E+00  0.000E+00
  291.0000  8.387E-07  6.276E-07  4.622E-07  3.345E-07  2.376E-07  1.655E-07  1.128E-07  7.505E-08  4.870E-08  3.074E-08  1.882E-08  1.115E-08  6.372E-09  3.498E-09  1.837E-09  9.192E-10  4.355E-10  1.942E-10  8.092E-11  3.123E-11  1.106E-11  3.548E-12  1.017E-12  2.564E-13  5.566E-14  1.015E-14  1.511E-15  1.767E-16  1.552E-17  9.652E-19  3.954E-20  9.712E-22  1.268E-23  7.541E-26  1.670E-28  1.067E-31  1.433E-35  2.799E-40  1.401E-45  0.000E+00  0.000E+00  0.000E+00
  292.0000  3.640E-06  2.813E-06  2.143E-06  1.608E-06  1.187E-06  8.608E-07  6.124E-07  4.267E-07  2.907E-07  1.932E-07  1.250E-07  7.859E-08  4.783E-08  2.810E-08  1.588E-08  8.594E-09  4.433E-09  2.167E-09  9.977E-10  4.293E-10  1.711E-10  6.252E-11  2.068E-11  6.105E-12  1.579E-12  3.502E-13  6.484E-14  9.702E-15  1.126E-15  9.632E-17  5.689E-18  2.134E-19  4.569E-21  4.854E-23  2.138E-25  3.092E-28  1.098E-31  6.758E-36  4.952E-41  0.000E+00  0.000E+00  0.000E+00
  293.0000  9.399E-06  7.411E-06  5.767E-06  4.425E-06  3.345E-06  2.487E-06  1.817E-06  1.302E-06  9.142E-07  6.275E-07  4.203E-07  2.740E-07  1.734E-07  1.063E-07  6.283E-08  3.570E-08  1.941E-08  1.004E-08  4.918E-09  2.263E-09  9.709E-10  3.845E-10  1.390E-10  4.523E-11  1.304E-11  3.263E-12  6.919E-13  1.206E-13  1.664E-14  1.734E-15  1.285E-16  6.266E-18  1.822E-19  2.775E-21  1.872E-23  4.497E-26  2.923E-29  3.679E-33  6.165E-38  9.249E-44  0.000E+00  0.000E+00
  294.0000  2.991E-05  2.417E-05  1.930E-05  1.521E-05  1.184E-05  9.073E-06  6.847E-06  5.079E-06  3.699E-06  2.640E-06  1.843E-06  1.256E-06  8.342E-07  5.380E-07  3.360E-07  2.026E-07  1.174E-07  6.512E-08  3.438E-08  1.717E-08  8.055E-09  3.519E-09  1.417E-09  5.193E-10  1.708E-10  4.953E-11  1.238E-11  2.599E-12  4.426E-13  5.864E-14  5.725E-15  3.844E-16  1.622E-17  3.829E-19  4.337E-21  1.931E-23  2.617E-26  7.847E-30  3.580E-34  1.605E-39  0.000E+00  0.000E+00
  295.0000  6.841E-05  5.622E-05  4.572E-05  3.675E-05  2.917E-05  2.285E-05  1.764E-05  1.341E-05  1.002E-05  7.354E-06  5.288E-06  3.720E-06  2.554E-06  1.708E-06  1.109E-06  6.972E-07  4.228E-07  2.462E-07  1.371E-07  7.255E-08  3.625E-08  1.697E-08  7.373E-09  2.940E-09  1.062E-09  3.416E-10  9.595E-11  2.296E-11  4.538E-12  7.124E-13  8.453E-14  7.113E-15  3.907E-16  1.257E-17  2.056E-19  1.417E-21  3.233E-24  1.796E-27  1.673E-31  1.646E-36  7.525E-43  0.000E+00
  296.0000  2.149E-04  1.801E-04  1.496E-04  1.229E-04  9.988E-05  8.021E-05  6.358E-05  4.970E-05  3.827E-05  2.898E-05  2.156E-05  1.573E-05  1.122E-05  7.825E-06  5.314E-06  3.505E-06  2.239E-06  1.380E-06  8.166E-07  4.619E-07  2.482E-07  1.258E-07  5.967E-08  2.621E-08  1.054E-08  3.822E-09  1.228E-09  3.417E-10  8.013E-11  1.529E-11  2.271E-12  2.478E-13  1.844E-14  8.473E-16  2.113E-17  2.407E-19  9.990E-22  1.127E-24  2.378E-28  5.732E-33  6.370E-39  0.000E+00
  297.0000  2.681E-04  2.278E-04  1.919E-04  1.601E-04  1.322E-04  1.080E-04  8.717E-05  6.946E-05  5.458E-05  4.225E-05  3.216E-05  2.405E-05  1.763E-05  1.264E-05  8.851E-06  6.035E-06  3.994E-06  2.558E-06  1.579E-06  9.346E-07  5.278E-07  2.826E-07  1.423E-07  6.679E-08  2.890E-08  1.137E-08  4.005E-09  1.236E-09  3.259E-10  7.110E-11  1.231E-11  1.605E-12  1.470E-13  8.624E-15  2.872E-16  4.619E-18  2.892E-20  5.312E-23  1.975E-26  8.903E-31  1.863E-36  0.000E+00
  298.0000  7.810E-04  6.736E-04  5.764E-04  4.889E-04  4.110E-04  3.420E-04  2.816E-04  2.292E-04  1.842E-04  1.460E-04  1.140E-04  8.760E-05  6.611E-05  4.892E-05  3.543E-05  2.505E-05  1.724E-05  1.152E-05  7.444E-06  4.633E-06  2.764E-06  1.571E-06  8.452E-07  4.267E-07  2.002E-07  8.621E-08  3.358E-08  1.161E-08  3.483E-09  8.803E-10  1.806E-10  2.863E-11  3.294E-12  2.529E-13  1.158E-14  2.720E-16  2.677E-18  8.400E-21  5.808E-24  5.187E-28  2.153E-33  0.000E+00
  299.0000  1.155E-03  1.007E-03  8.710E-04  7.475E-04  6.361E-04  5.363E-04  4.477E-04  3.698E-04  3.018E-04  2.433E-04  1.934E-04  1.515E-04  1.167E-04  8.824E-05  6.542E-05  4.743E-05  3.356E-05  2.309E-05  1.541E-05  9.934E-06  6.157E-06  3.649E-06  2.056E-06  1.092E-06  5.421E-07  2.486E-07  1.039E-07  3.890E-08  1.277E-08  3.576E-09  8.255E-10  1.501E-10  2.026E-11  1.877E-12  1.074E-13  3.290E-15  4.447E-17  2.034E-19  2.180E-22  3.172E-26  2.169E-31 -5.185E-44
  300.0000  1.626E-03  1.433E-03  1.255E-03  1.091E-03  9.409E-04  8.047E-04  6.821E-04  5.725E-04  4.754E-04  3.903E-04  3.164E-04  2.530E-04  1.993E-04  1.544E-04  1.175E-04  8.758E-05  6.385E-05  4.539E-05  3.138E-05  2.102E-05  1.359E-05  8.433E-06  4.997E-06  2.807E-06  1.482E-06  7.286E-07  3.290E-07  1.344E-07  4.871E-08  1.527E-08  4.014E-09  8.482E-10  1.364E-10  1.554E-11  1.135E-12  4.657E-14  8.913E-16  6.160E-18  1.067E-20  2.642E-24  3.099E-29 -1.205E-41
  301.0000  3.049E-03  2.712E-03  2.397E-03  2.104E-03  1.834E-03  1.586E-03  1.360E-03  1.156E-03  9.724E-04  8.096E-04  6.663E-04  5.414E-04  4.339E-04  3.424E-04  2.657E-04  2.024E-04  1.510E-04  1.101E-04  7.817E-05  5.393E-05  3.600E-05  2.315E-05  1.426E-05  8.363E-06  4.632E-06  2.401E-06  1.151E-06  5.027E-07  1.966E-07  6.723E-08  1.952E-08  4.630E-09  8.525E-10  1.138E-10  1.004E-11  5.154E-13  1.291E-14  1.228E-16  3.087E-19  1.159E-22  2.090E-27 -1.218E-39
  302.0000  3.817E-03  3.420E-03  3.047E-03  2.698E-03  2.372E-03  2.071E-03  1.794E-03  1.541E-03  1.312E-03  1.106E-03  9.219E-04  7.596E-04  6.179E-04  4.955E-04  3.912E-04  3.035E-04  2.310E-04  1.721E-04  1.251E-04  8.858E-05  6.081E-05  4.032E-05  2.569E-05  1.564E-05  9.027E-06  4.899E-06  2.472E-06  1.145E-06  4.782E-07  1.763E-07  5.584E-08  1.464E-08  3.031E-09  4.644E-10  4.826E-11  3.012E-12  9.527E-14  1.197E-15  4.169E-18  2.257E-21  5.966E-26 -5.036E-38
  303.0000  8.002E-03  7.226E-03  6.491E-03  5.797E-03  5.145E-03  4.536E-03  3.970E-03  3.448E-03  2.969E-03  2.534E-03  2.141E-03  1.789E-03  1.478E-03  1.205E-03  9.678E-04  7.653E-04  5.945E-04  4.527E-04  3.372E-04  2.450E-04  1.731E-04  1.184E-04  7.808E-05  4.937E-05  2.973E-05  1.691E-05  8.995E-06  4.420E-06  1.975E-06  7.864E-07  2.720E-07  7.901E-08  1.843E-08  3.251E-09  3.991E-10  3.040E-11  1.220E-12  2.036E-14  9.877E-17  7.749E-20  3.009E-24 -3.661E-36
  304.0000  9.440E-03  8.568E-03  7.737E-03  6.949E-03  6.204E-03  5.504E-03  4.850E-03  4.243E-03  3.682E-03  3.167E-03  2.699E-03  2.277E-03  1.899E-03  1.565E-03  1.272E-03  1.018E-03  8.012E-04  6.190E-04  4.683E-04  3.461E-04  2.491E-04  1.739E-04  1.173E-04  7.600E-05  4.703E-05  2.758E-05  1.519E-05  7.756E-06  3.620E-06  1.516E-06  5.553E-07  1.724E-07  4.349E-08  8.409E-09  1.152E-09  9.997E-11  4.694E-12  9.449E-14  5.722E-16  5.784E-19  2.957E-23 -4.794E-35
  305.0000  1.415E-02  1.292E-02  1.175E-02  1.063E-02  9.558E-03  8.547E-03  7.594E-03  6.702E-03  5.871E-03  5.102E-03  4.395E-03  3.750E-03  3.167E-03  2.644E-03  2.179E-03  1.771E-03  1.417E-03  1.115E-03  8.600E-04  6.491E-04  4.780E-04  3.422E-04  2.373E-04  1.586E-04  1.016E-04  6.187E-05  3.555E-05  1.905E-05  9.389E-06  4.183E-06  1.646E-06  5.553E-07  1.543E-07  3.343E-08  5.241E-09  5.348E-10  3.047E-11  7.726E-13  6.133E-15  8.413E-18  5.930E-22 -1.318E-33
  306.0000  1.416E-02  1.299E-02  1.186E-02  1.078E-02  9.740E-03  8.755E-03  7.822E-03  6.944E-03  6.121E-03  5.355E-03  4.645E-03  3.994E-03  3.400E-03  2.863E-03  2.382E-03  1.955E-03  1.582E-03  1.259E-03  9.837E-04  7.528E-04  5.628E-04  4.098E-04  2.894E-04  1.974E-04  1.292E-04  8.073E-05  4.770E-05  2.638E-05  1.348E-05  6.256E-06  2.581E-06  9.195E-07  2.723E-07  6.363E-08  1.091E-08  1.240E-09  8.037E-11  2.380E-12  2.271E-14  3.851E-17  3.428E-21 -9.783E-33
  307.0000  1.945E-02  1.792E-02  1.643E-02  1.500E-02  1.363E-02  1.232E-02  1.107E-02  9.888E-03  8.773E-03  7.728E-03  6.754E-03  5.853E-03  5.025E-03  4.270E-03  3.587E-03  2.977E-03  2.436E-03  1.962E-03  1.554E-03  1.207E-03  9.167E-04  6.791E-04  4.889E-04  3.406E-04  2.284E-04  1.464E-04  8.910E-05  5.094E-05  2.703E-05  1.309E-05  5.676E-06  2.142E-06  6.783E-07  1.715E-07  3.232E-08  4.109E-09  3.050E-10  1.062E-11  1.228E-13  2.595E-16  2.933E-20 -1.075E-31
  308.0000  2.418E-02  2.236E-02  2.060E-02  1.889E-02  1.724E-02  1.566E-02  1.415E-02  1.271E-02  1.134E-02  1.005E-02  8.846E-03  7.722E-03  6.681E-03  5.724E-03  4.853E-03  4.065E-03  3.361E-03  2.739E-03  2.196E-03  1.728E-03  1.332E-03  1.003E-03  7.345E-04  5.217E-04  3.574E-04  2.348E-04  1.467E-04  8.648E-05  4.749E-05  2.393E-05  1.085E-05  4.316E-06  1.454E-06  3.952E-07  8.117E-08  1.144E-08  9.614E-10  3.887E-11  5.363E-13  1.389E-15  1.963E-19 -9.132E-31
  309.0000  2.606E-02  2.415E-02  2.230E-02  2.050E-02  1.877E-02  1.710E-02  1.549E-02  1.396E-02  1.251E-02  1.113E-02  9.831E-03  8.618E-03  7.491E-03  6.450E-03  5.497E-03  4.631E-03  3.853E-03  3.161E-03  2.552E-03  2.024E-03  1.574E-03  1.196E-03  8.855E-04  6.362E-04  4.415E-04  2.941E-04  1.868E-04  1.121E-04  6.284E-05  3.242E-05  1.510E-05  6.198E-06  2.165E-06  6.149E-07  1.330E-07  1.996E-08  1.809E-09  8.019E-11  1.237E-12  3.659E-15  6.045E-19 -3.391E-30
  310.0000  2.715E-02  2.527E-02  2.343E-02  2.164E-02  1.990E-02  1.822E-02  1.660E-02  1.504E-02  1.356E-02  1.214E-02  1.080E-02  9.537E-03  8.355E-03  7.255E-03  6.239E-03  5.308E-03  4.463E-03  3.703E-03  3.027E-03  2.434E-03  1.921E-03  1.483E-03  1.118E-03  8.191E-04  5.810E-04  3.966E-04  2.589E-04  1.602E-04  9.298E-05  4.992E-05  2.435E-05  1.054E-05  3.918E-06  1.197E-06  2.826E-07  4.707E-08  4.838E-09  2.493E-10  4.597E-12  1.668E-14  3.443E-18 -2.441E-29
  311.0000  4.706E-02  4.387E-02  4.076E-02  3.772E-02  3.477E-02  3.190E-02  2.914E-02  2.647E-02  2.392E-02  2.149E-02  1.917E-02  1.699E-02  1.494E-02  1.302E-02  1.124E-02  9.608E-03  8.117E-03  6.770E-03  5.566E-03  4.503E-03  3.577E-03  2.783E-03  2.115E-03  1.563E-03  1.120E-03  7.731E-04  5.110E-04  3.207E-04  1.891E-04  1.034E-04  5.152E-05  2.285E-05  8.743E-06  2.765E-06  6.797E-07  1.189E-07  1.298E-08  7.200E-10  1.452E-11  5.882E-14  1.387E-17 -1.163E-28
  312.0000  4.358E-02  4.073E-02  3.793E-02  3.520E-02  3.254E-02  2.995E-02  2.744E-02  2.502E-02  2.269E-02  2.046E-02  1.833E-02  1.632E-02  1.441E-02  1.263E-02  1.097E-02  9.428E-03  8.016E-03  6.732E-03  5.577E-03  4.549E-03  3.646E-03  2.865E-03  2.200E-03  1.646E-03  1.195E-03  8.373E-04  5.627E-04  3.598E-04  2.168E-04  1.214E-04  6.222E-05  2.851E-05  1.133E-05  3.748E-06  9.724E-07  1.815E-07  2.142E-08  1.307E-09  2.955E-11  1.370E-13  3.777E-17 -3.802E-28
  313.0000  5.046E-02  4.727E-02  4.414E-02  4.106E-02  3.806E-02  3.514E-02  3.230E-02  2.954E-02  2.689E-02  2.434E-02  2.190E-02  1.957E-02  1.737E-02  1.530E-02  1.335E-02  1.155E-02  9.877E-03  8.352E-03  6.969E-03  5.730E-03  4.632E-03  3.675E-03  2.852E-03  2.159E-03  1.587E-03  1.128E-03  7.705E-04  5.017E-04  3.085E-04  1.770E-04  9.316E-05  4.405E-05  1.817E-05  6.278E-06  1.715E-06  3.409E-07  4.340E-08  2.902E-09  7.334E-11  3.878E-13  1.246E-16 -1.500E-27
  314.0000  5.624E-02  5.275E-02  4.931E-02  4.593E-02  4.263E-02  3.941E-02  3.627E-02  3.324E-02  3.030E-02  2.747E-02  2.476E-02  2.218E-02  1.973E-02  1.741E-02  1.524E-02  1.321E-02  1.133E-02  9.614E-03  8.050E-03  6.643E-03  5.392E-03  4.297E-03  3.351E-03  2.551E-03  1.887E-03  1.350E-03  9.290E-04  6.101E-04  3.789E-04  2.198E-04  1.172E-04  5.625E-05  2.362E-05  8.334E-06  2.336E-06  4.788E-07  6.333E-08  4.442E-09  1.192E-10  6.807E-13  2.416E-16 -3.345E-27
  315.0000  5.924E-02  5.570E-02  5.221E-02  4.877E-02  4.540E-02  4.210E-02  3.888E-02  3.575E-02  3.272E-02  2.978E-02  2.696E-02  2.426E-02  2.168E-02  1.924E-02  1.693E-02  1.477E-02  1.276E-02  1.090E-02  9.196E-03  7.653E-03  6.271E-03  5.047E-03  3.981E-03  3.067E-03  2.300E-03  1.671E-03  1.170E-03  7.833E-04  4.972E-04  2.957E-04  1.623E-04  8.056E-05  3.517E-05  1.300E-05  3.851E-06  8.435E-07  1.209E-07  9.342E-09  2.817E-10  1.845E-12  7.663E-16 -1.270E-26
  316.0000  4.891E-02  4.601E-02  4.315E-02  4.033E-02  3.757E-02  3.486E-02  3.222E-02  2.965E-02  2.715E-02  2.474E-02  2.242E-02  2.019E-02  1.807E-02  1.605E-02  1.414E-02  1.235E-02  1.068E-02  9.140E-03  7.725E-03  6.441E-03  5.288E-03  4.266E-03  3.373E-03  2.606E-03  1.960E-03  1.429E-03  1.004E-03  6.750E-04  4.305E-04  2.575E-04  1.422E-04  7.114E-05  3.135E-05  1.171E-05  3.516E-06  7.831E-07  1.146E-07  9.106E-09  2.849E-10  1.965E-12  8.802E-16 -1.644E-26
  317.0000  7.539E-02  7.105E-02  6.677E-02  6.254E-02  5.838E-02  5.430E-02  5.031E-02  4.642E-02  4.263E-02  3.896E-02  3.542E-02  3.201E-02  2.874E-02  2.563E-02  2.268E-02  1.990E-02  1.730E-02  1.488E-02  1.265E-02  1.061E-02  8.774E-03  7.131E-03  5.685E-03  4.433E-03  3.369E-03  2.484E-03  1.768E-03  1.206E-03  7.818E-04  4.764E-04  2.689E-04  1.379E-04  6.258E-05  2.421E-05  7.577E-06  1.774E-06  2.760E-07  2.362E-08  8.087E-10  6.215E-12  3.166E-15 -6.914E-26
  318.0000  6.723E-02  6.339E-02  5.960E-02  5.585E-02  5.217E-02  4.855E-02  4.501E-02  4.156E-02  3.819E-02  3.493E-02  3.178E-02  2.875E-02  2.584E-02  2.306E-02  2.043E-02  1.795E-02  1.562E-02  1.345E-02  1.146E-02  9.627E-03  7.972E-03  6.492E-03  5.187E-03  4.054E-03  3.089E-03  2.284E-03  1.631E-03  1.117E-03  7.272E-04  4.453E-04  2.528E-04  1.306E-04  5.972E-05  2.333E-05  7.389E-06  1.756E-06  2.785E-07  2.444E-08  8.656E-10  6.979E-12  3.818E-15 -9.343E-26
  319.0000  7.773E-02  7.345E-02  6.920E-02  6.501E-02  6.087E-02  5.680E-02  5.280E-02  4.889E-02  4.508E-02  4.137E-02  3.777E-02  3.429E-02  3.095E-02  2.775E-02  2.470E-02  2.181E-02  1.908E-02  1.653E-02  1.417E-02  1.199E-02  1.001E-02  8.218E-03  6.627E-03  5.233E-03  4.032E-03  3.020E-03  2.187E-03  1.522E-03  1.009E-03  6.311E-04  3.670E-04  1.949E-04  9.209E-05  3.740E-05  1.240E-05  3.116E-06  5.285E-07  5.031E-08  1.966E-09  1.782E-11  1.116E-14 -3.203E-25
  320.0000  8.831E-02  8.341E-02  7.855E-02  7.376E-02  6.903E-02  6.438E-02  5.982E-02  5.536E-02  5.101E-02  4.678E-02  4.268E-02  3.872E-02  3.492E-02  3.128E-02  2.782E-02  2.453E-02  2.145E-02  1.856E-02  1.589E-02  1.343E-02  1.119E-02  9.173E-03  7.384E-03  5.819E-03  4.475E-03  3.343E-03  2.415E-03  1.675E-03  1.107E-03  6.898E-04  3.995E-04  2.111E-04  9.923E-05  4.005E-05  1.319E-05  3.290E-06  5.538E-07  5.239E-08  2.043E-09  1.868E-11  1.210E-14 -3.780E-25
  321.0000  9.388E-02  8.885E-02  8.387E-02  7.894E-02  7.407E-02  6.926E-02  6.454E-02  5.991E-02  5.538E-02  5.096E-02  4.666E-02  4.250E-02  3.849E-02  3.463E-02  3.095E-02  2.744E-02  2.412E-02  2.101E-02  1.810E-02  1.541E-02  1.294E-02  1.070E-02  8.695E-03  6.925E-03  5.387E-03  4.078E-03  2.989E-03  2.108E-03  1.419E-03  9.034E-04  5.362E-04  2.915E-04  1.417E-04  5.950E-05  2.055E-05  5.423E-06  9.779E-07  1.005E-07  4.334E-09  4.458E-11  3.308E-14 -1.209E-24
  322.0000  9.524E-02  9.015E-02  8.509E-02  8.009E-02  7.514E-02  7.027E-02  6.548E-02  6.078E-02  5.618E-02  5.170E-02  4.734E-02  4.312E-02  3.905E-02  3.514E-02  3.140E-02  2.784E-02  2.447E-02  2.131E-02  1.836E-02  1.563E-02  1.313E-02  1.086E-02  8.823E-03  7.027E-03  5.467E-03  4.139E-03  3.034E-03  2.140E-03  1.441E-03  9.176E-04  5.448E-04  2.964E-04  1.442E-04  6.061E-05  2.097E-05  5.550E-06  1.005E-06  1.042E-07  4.554E-09  4.807E-11  3.746E-14 -1.504E-24
  323.0000  8.473E-02  8.024E-02  7.578E-02  7.136E-02  6.700E-02  6.269E-02  5.846E-02  5.430E-02  5.023E-02  4.626E-02  4.240E-02  3.866E-02  3.504E-02  3.157E-02  2.824E-02  2.507E-02  2.207E-02  1.924E-02  1.661E-02  1.416E-02  1.192E-02  9.876E-03  8.044E-03  6.423E-03  5.011E-03  3.806E-03  2.800E-03  1.983E-03  1.342E-03  8.586E-04  5.130E-04  2.811E-04  1.379E-04  5.858E-05  2.052E-05  5.518E-06  1.020E-06  1.084E-07  4.903E-09  5.424E-11  4.524E-14 -2.017E-24
  324.0000  1.010E-01  9.583E-02  9.066E-02  8.554E-02  8.047E-02  7.546E-02  7.051E-02  6.566E-02  6.089E-02  5.623E-02  5.168E-02  4.726E-02  4.299E-02  3.886E-02  3.489E-02  3.110E-02  2.750E-02  2.410E-02  2.090E-02  1.793E-02  1.518E-02  1.266E-02  1.039E-02  8.366E-03  6.587E-03  5.054E-03  3.761E-03  2.698E-03  1.853E-03  1.206E-03  7.343E-04  4.115E-04  2.073E-04  9.084E-05  3.303E-05  9.289E-06  1.813E-06  2.059E-07  1.010E-08  1.231E-10  1.152E-13 -5.909E-24
  325.0000  1.078E-01  1.022E-01  9.667E-02  9.116E-02  8.570E-02  8.031E-02  7.500E-02  6.978E-02  6.466E-02  5.966E-02  5.479E-02  5.006E-02  4.548E-02  4.107E-02  3.684E-02  3.280E-02  2.896E-02  2.534E-02  2.194E-02  1.879E-02  1.588E-02  1.322E-02  1.082E-02  8.693E-03  6.826E-03  5.221E-03  3.872E-03  2.767E-03  1.892E-03  1.225E-03  7.423E-04  4.134E-04  2.068E-04  8.988E-05  3.238E-05  9.014E-06  1.740E-06  1.956E-07  9.521E-09  1.163E-10  1.116E-13 -6.163E-24
  326.0000  1.451E-01  1.377E-01  1.304E-01  1.231E-01  1.158E-01  1.087E-01  1.016E-01  9.471E-02  8.790E-02  8.123E-02  7.473E-02  6.841E-02  6.228E-02  5.636E-02  5.066E-02  4.522E-02  4.004E-02  3.513E-02  3.052E-02  2.622E-02  2.224E-02  1.860E-02  1.530E-02  1.235E-02  9.750E-03  7.504E-03  5.604E-03  4.037E-03  2.785E-03  1.823E-03  1.117E-03  6.311E-04  3.208E-04  1.422E-04  5.244E-05  1.502E-05  3.002E-06  3.524E-07  1.811E-08  2.368E-10  2.478E-13 -1.537E-23
  327.0000  1.435E-01  1.363E-01  1.291E-01  1.220E-01  1.149E-01  1.080E-01  1.011E-01  9.428E-02  8.761E-02  8.107E-02  7.469E-02  6.846E-02  6.243E-02  5.659E-02  5.097E-02  4.558E-02  4.044E-02  3.557E-02  3.098E-02  2.668E-02  2.270E-02  1.904E-02  1.572E-02  1.274E-02  1.010E-02  7.815E-03  5.869E-03  4.255E-03  2.956E-03  1.951E-03  1.207E-03  6.893E-04  3.550E-04  1.598E-04  6.005E-05  1.759E-05  3.617E-06  4.400E-07  2.366E-08  3.279E-10  3.708E-13 -2.567E-23
  328.0000  1.384E-01  1.314E-01  1.245E-01  1.176E-01  1.107E-01  1.039E-01  9.725E-02  9.067E-02  8.421E-02  7.788E-02  7.170E-02  6.569E-02  5.986E-02  5.422E-02  4.879E-02  4.360E-02  3.865E-02  3.396E-02  2.954E-02  2.542E-02  2.160E-02  1.809E-02  1.491E-02  1.206E-02  9.551E-03  7.373E-03  5.524E-03  3.995E-03  2.768E-03  1.820E-03  1.122E-03  6.383E-04  3.272E-04  1.465E-04  5.474E-05  1.594E-05  3.257E-06  3.941E-07  2.116E-08  2.956E-10  3.444E-13 -2.567E-23
  329.0000  1.481E-01  1.408E-01  1.335E-01  1.262E-01  1.191E-01  1.119E-01  1.049E-01  9.797E-02  9.115E-02  8.446E-02  7.792E-02  7.153E-02  6.533E-02  5.932E-02  5.353E-02  4.797E-02  4.265E-02  3.760E-02  3.283E-02  2.836E-02  2.421E-02  2.037E-02  1.688E-02  1.374E-02  1.095E-02  8.510E-03  6.428E-03  4.691E-03  3.284E-03  2.186E-03  1.366E-03  7.894E-04  4.124E-04  1.888E-04  7.244E-05  2.178E-05  4.630E-06  5.881E-07  3.352E-08  5.041E-10  6.431E-13 -5.385E-23
  330.0000  1.735E-01  1.650E-01  1.565E-01  1.481E-01  1.397E-01  1.314E-01  1.232E-01  1.151E-01  1.072E-01  9.935E-02  9.171E-02  8.425E-02  7.700E-02  6.998E-02  6.319E-02  5.668E-02  5.044E-02  4.452E-02  3.892E-02  3.366E-02  2.876E-02  2.425E-02  2.012E-02  1.640E-02  1.310E-02  1.021E-02  7.729E-03  5.656E-03  3.973E-03  2.654E-03  1.667E-03  9.680E-04  5.088E-04  2.347E-04  9.089E-05  2.765E-05  5.965E-06  7.728E-07  4.524E-08  7.069E-10  9.554E-13 -8.784E-23
  331.0000  1.488E-01  1.414E-01  1.341E-01  1.269E-01  1.197E-01  1.126E-01  1.055E-01  9.856E-02  9.173E-02  8.502E-02  7.846E-02  7.206E-02  6.584E-02  5.981E-02  5.399E-02  4.841E-02  4.306E-02  3.799E-02  3.319E-02  2.869E-02  2.450E-02  2.064E-02  1.712E-02  1.395E-02  1.112E-02  8.661E-03  6.551E-03  4.789E-03  3.360E-03  2.241E-03  1.405E-03  8.148E-04  4.275E-04  1.968E-04  7.607E-05  2.310E-05  4.979E-06  6.457E-07  3.800E-08  6.027E-10  8.435E-13 -8.358E-23
  332.0000  1.514E-01  1.441E-01  1.368E-01  1.295E-01  1.223E-01  1.151E-01  1.080E-01  1.010E-01  9.411E-02  8.734E-02  8.071E-02  7.424E-02  6.793E-02  6.181E-02  5.590E-02  5.021E-02  4.477E-02  3.958E-02  3.467E-02  3.005E-02  2.574E-02  2.175E-02  1.810E-02  1.481E-02  1.186E-02  9.280E-03  7.059E-03  5.192E-03  3.668E-03  2.467E-03  1.561E-03  9.151E-04  4.863E-04  2.274E-04  8.950E-05  2.780E-05  6.161E-06  8.271E-07  5.087E-08  8.533E-10  1.285E-12 -1.411E-22
  333.0000  1.619E-01  1.541E-01  1.463E-01  1.386E-01  1.309E-01  1.233E-01  1.158E-01  1.084E-01  1.010E-01  9.383E-02  8.677E-02  7.987E-02  7.315E-02  6.663E-02  6.031E-02  5.423E-02  4.841E-02  4.285E-02  3.758E-02  3.262E-02  2.799E-02  2.370E-02  1.976E-02  1.619E-02  1.301E-02  1.020E-02  7.784E-03  5.745E-03  4.075E-03  2.753E-03  1.751E-03  1.033E-03  5.529E-04  2.607E-04  1.038E-04  3.266E-05  7.360E-06  1.010E-06  6.395E-08  1.117E-09  1.783E-12 -2.144E-22
  334.0000  1.467E-01  1.396E-01  1.326E-01  1.255E-01  1.186E-01  1.117E-01  1.048E-01  9.810E-02  9.145E-02  8.492E-02  7.852E-02  7.227E-02  6.617E-02  6.026E-02  5.453E-02  4.903E-02  4.375E-02  3.871E-02  3.395E-02  2.946E-02  2.526E-02  2.138E-02  1.782E-02  1.460E-02  1.172E-02  9.190E-03  7.007E-03  5.169E-03  3.664E-03  2.473E-03  1.572E-03  9.265E-04  4.956E-04  2.335E-04  9.288E-05  2.924E-05  6.595E-06  9.079E-07  5.793E-08  1.029E-09  1.703E-12 -2.204E-22
  335.0000  1.677E-01  1.598E-01  1.518E-01  1.439E-01  1.360E-01  1.282E-01  1.205E-01  1.128E-01  1.053E-01  9.787E-02  9.059E-02  8.348E-02  7.654E-02  6.979E-02  6.326E-02  5.696E-02  5.092E-02  4.515E-02  3.967E-02  3.450E-02  2.966E-02  2.517E-02  2.105E-02  1.730E-02  1.394E-02  1.097E-02  8.405E-03  6.232E-03  4.443E-03  3.020E-03  1.935E-03  1.151E-03  6.222E-04  2.971E-04  1.200E-04  3.850E-05  8.893E-06  1.261E-06  8.361E-08  1.561E-09  2.761E-12 -3.930E-22
  336.0000  1.440E-01  1.372E-01  1.304E-01  1.236E-01  1.169E-01  1.102E-01  1.036E-01  9.710E-02  9.066E-02  8.432E-02  7.809E-02  7.200E-02  6.606E-02  6.028E-02  5.468E-02  4.928E-02  4.409E-02  3.913E-02  3.441E-02  2.996E-02  2.579E-02  2.192E-02  1.835E-02  1.511E-02  1.220E-02  9.621E-03  7.387E-03  5.492E-03  3.927E-03  2.679E-03  1.723E-03  1.030E-03  5.599E-04  2.692E-04  1.096E-04  3.556E-05  8.326E-06  1.202E-06  8.167E-08  1.578E-09  2.942E-12 -4.555E-22
  337.0000  1.391E-01  1.326E-01  1.260E-01  1.195E-01  1.130E-01  1.065E-01  1.002E-01  9.384E-02  8.761E-02  8.149E-02  7.547E-02  6.958E-02  6.384E-02  5.825E-02  5.284E-02  4.762E-02  4.260E-02  3.781E-02  3.326E-02  2.896E-02  2.493E-02  2.118E-02  1.774E-02  1.460E-02  1.179E-02  9.299E-03  7.140E-03  5.309E-03  3.797E-03  2.590E-03  1.667E-03  9.964E-04  5.422E-04  2.608E-04  1.064E-04  3.458E-05  8.127E-06  1.181E-06  8.109E-08  1.599E-09  3.096E-12 -5.157E-22
  338.0000  1.573E-01  1.499E-01  1.426E-01  1.352E-01  1.279E-01  1.207E-01  1.135E-01  1.064E-01  9.940E-02  9.250E-02  8.572E-02  7.909E-02  7.261E-02  6.630E-02  6.019E-02  5.429E-02  4.862E-02  4.319E-02  3.803E-02  3.315E-02  2.857E-02  2.432E-02  2.039E-02  1.682E-02  1.360E-02  1.075E-02  8.278E-03  6.172E-03  4.429E-03  3.032E-03  1.959E-03  1.177E-03  6.444E-04  3.123E-04  1.285E-04  4.223E-05  1.006E-05  1.490E-06  1.049E-07  2.141E-09  4.367E-12 -7.900E-22
  339.0000  1.681E-01  1.603E-01  1.524E-01  1.447E-01  1.369E-01  1.292E-01  1.216E-01  1.141E-01  1.066E-01  9.929E-02  9.208E-02  8.502E-02  7.812E-02  7.140E-02  6.488E-02  5.858E-02  5.251E-02  4.671E-02  4.118E-02  3.595E-02  3.103E-02  2.646E-02  2.223E-02  1.837E-02  1.489E-02  1.180E-02  9.113E-03  6.817E-03  4.910E-03  3.376E-03  2.193E-03  1.325E-03  7.305E-04  3.570E-04  1.484E-04  4.940E-05  1.197E-05  1.808E-06  1.309E-07  2.775E-09  5.973E-12 -1.175E-21
  340.0000  1.918E-01  1.829E-01  1.740E-01  1.652E-01  1.564E-01  1.476E-01  1.389E-01  1.303E-01  1.218E-01  1.135E-01  1.053E-01  9.722E-02  8.935E-02  8.169E-02  7.425E-02  6.706E-02  6.014E-02  5.351E-02  4.720E-02  4.122E-02  3.561E-02  3.037E-02  2.553E-02  2.112E-02  1.713E-02  1.359E-02  1.050E-02  7.866E-03  5.673E-03  3.907E-03  2.542E-03  1.540E-03  8.510E-04  4.173E-04  1.742E-04  5.831E-05  1.423E-05  2.174E-06  1.598E-07  3.476E-09  7.803E-12 -1.652E-21
  341.0000  1.702E-01  1.623E-01  1.545E-01  1.467E-01  1.389E-01  1.312E-01  1.235E-01  1.159E-01  1.084E-01  1.010E-01  9.376E-02  8.664E-02  7.967E-02  7.288E-02  6.629E-02  5.991E-02  5.377E-02  4.789E-02  4.227E-02  3.696E-02  3.196E-02  2.729E-02  2.297E-02  1.903E-02  1.546E-02  1.229E-02  9.516E-03  7.143E-03  5.165E-03  3.568E-03  2.330E-03  1.417E-03  7.873E-04  3.884E-04  1.634E-04  5.520E-05  1.364E-05  2.117E-06  1.591E-07  3.571E-09  8.410E-12 -1.925E-21
  342.0000  1.753E-01  1.673E-01  1.592E-01  1.512E-01  1.433E-01  1.353E-01  1.275E-01  1.197E-01  1.120E-01  1.044E-01  9.696E-02  8.965E-02  8.249E-02  7.551E-02  6.872E-02  6.216E-02  5.583E-02  4.976E-02  4.397E-02  3.848E-02  3.331E-02  2.848E-02  2.401E-02  1.992E-02  1.621E-02  1.291E-02  1.002E-02  7.538E-03  5.466E-03  3.788E-03  2.483E-03  1.517E-03  8.470E-04  4.205E-04  1.783E-04  6.082E-05  1.521E-05  2.400E-06  1.846E-07  4.276E-09  1.056E-11 -2.612E-21
  343.0000  1.863E-01  1.778E-01  1.693E-01  1.608E-01  1.524E-01  1.440E-01  1.357E-01  1.274E-01  1.193E-01  1.112E-01  1.033E-01  9.556E-02  8.796E-02  8.056E-02  7.336E-02  6.638E-02  5.966E-02  5.321E-02  4.705E-02  4.120E-02  3.569E-02  3.054E-02  2.577E-02  2.140E-02  1.744E-02  1.391E-02  1.081E-02  8.146E-03  5.918E-03  4.111E-03  2.701E-03  1.656E-03  9.280E-04  4.628E-04  1.974E-04  6.782E-05  1.713E-05  2.738E-06  2.145E-07  5.107E-09  1.318E-11 -3.505E-21
  344.0000  1.531E-01  1.461E-01  1.392E-01  1.322E-01  1.253E-01  1.184E-01  1.116E-01  1.048E-01  9.812E-02  9.153E-02  8.503E-02  7.866E-02  7.243E-02  6.634E-02  6.043E-02  5.470E-02  4.917E-02  4.387E-02  3.880E-02  3.400E-02  2.946E-02  2.523E-02  2.130E-02  1.769E-02  1.443E-02  1.151E-02  8.955E-03  6.757E-03  4.914E-03  3.418E-03  2.250E-03  1.381E-03  7.760E-04  3.881E-04  1.661E-04  5.737E-05  1.459E-05  2.355E-06  1.871E-07  4.560E-09  1.224E-11 -3.489E-21
  345.0000  1.724E-01  1.646E-01  1.568E-01  1.491E-01  1.413E-01  1.336E-01  1.260E-01  1.184E-01  1.109E-01  1.035E-01  9.618E-02  8.902E-02  8.201E-02  7.517E-02  6.852E-02  6.207E-02  5.584E-02  4.986E-02  4.415E-02  3.872E-02  3.360E-02  2.880E-02  2.435E-02  2.026E-02  1.655E-02  1.323E-02  1.031E-02  7.802E-03  5.690E-03  3.971E-03  2.623E-03  1.618E-03  9.137E-04  4.599E-04  1.984E-04  6.920E-05  1.782E-05  2.924E-06  2.375E-07  5.973E-09  1.679E-11 -5.158E-21
  346.0000  1.777E-01  1.696E-01  1.616E-01  1.537E-01  1.457E-01  1.378E-01  1.299E-01  1.221E-01  1.144E-01  1.068E-01  9.928E-02  9.192E-02  8.471E-02  7.767E-02  7.082E-02  6.418E-02  5.776E-02  5.160E-02  4.571E-02  4.011E-02  3.482E-02  2.987E-02  2.527E-02  2.104E-02  1.720E-02  1.377E-02  1.074E-02  8.137E-03  5.943E-03  4.154E-03  2.750E-03  1.700E-03  9.629E-04  4.864E-04  2.108E-04  7.394E-05  1.919E-05  3.183E-06  2.627E-07  6.769E-09  1.980E-11 -6.519E-21
  347.0000  1.930E-01  1.843E-01  1.757E-01  1.670E-01  1.584E-01  1.498E-01  1.413E-01  1.329E-01  1.245E-01  1.163E-01  1.082E-01  1.002E-01  9.238E-02  8.474E-02  7.731E-02  7.009E-02  6.313E-02  5.643E-02  5.002E-02  4.393E-02  3.817E-02  3.277E-02  2.776E-02  2.314E-02  1.895E-02  1.518E-02  1.187E-02  9.005E-03  6.591E-03  4.619E-03  3.066E-03  1.902E-03  1.082E-03  5.492E-04  2.395E-04  8.465E-05  2.219E-05  3.731E-06  3.138E-07  8.311E-09  2.537E-11 -8.960E-21
  348.0000  1.697E-01  1.622E-01  1.546E-01  1.470E-01  1.395E-01  1.320E-01  1.245E-01  1.171E-01  1.098E-01  1.026E-01  9.543E-02  8.843E-02  8.157E-02  7.486E-02  6.833E-02  6.199E-02  5.586E-02  4.997E-02  4.433E-02  3.896E-02  3.388E-02  2.911E-02  2.468E-02  2.060E-02  1.689E-02  1.355E-02  1.061E-02  8.066E-03  5.916E-03  4.156E-03  2.767E-03  1.722E-03  9.832E-04  5.016E-04  2.200E-04  7.838E-05  2.075E-05  3.536E-06  3.030E-07  8.242E-09  2.623E-11 -9.929E-21
  349.0000  1.759E-01  1.681E-01  1.603E-01  1.525E-01  1.447E-01  1.369E-01  1.292E-01  1.216E-01  1.140E-01  1.066E-01  9.919E-02  9.194E-02  8.484E-02  7.790E-02  7.114E-02  6.457E-02  5.822E-02  5.211E-02  4.626E-02  4.068E-02  3.541E-02  3.046E-02  2.585E-02  2.160E-02  1.772E-02  1.424E-02  1.117E-02  8.505E-03  6.251E-03  4.401E-03  2.938E-03  1.834E-03  1.051E-03  5.389E-04  2.377E-04  8.531E-05  2.280E-05  3.935E-06  3.433E-07  9.589E-09  3.179E-11 -1.288E-20
  350.0000  2.053E-01  1.962E-01  1.871E-01  1.781E-01  1.690E-01  1.600E-01  1.510E-01  1.421E-01  1.333E-01  1.246E-01  1.160E-01  1.076E-01  9.933E-02  9.124E-02  8.335E-02  7.569E-02  6.828E-02  6.115E-02  5.431E-02  4.780E-02  4.163E-02  3.584E-02  3.044E-02  2.546E-02  2.091E-02  1.683E-02  1.321E-02  1.008E-02  7.419E-03  5.234E-03  3.502E-03  2.193E-03  1.261E-03  6.490E-04  2.878E-04  1.040E-04  2.803E-05  4.895E-06  4.342E-07  1.243E-08  4.288E-11 -1.856E-20
------------------------------------------------------------
