Spectral Irradiance, W m-2 nm-1
values at z =      3.216 km
Columns: wavelength (nm), solar zenith angles (deg.)
    wc, nm     49.000     50.000     51.000     52.000     53.000     54.000     55.000     56.000     57.000     58.000     59.000     60.000     61.000     62.000     63.000     64.000     65.000     66.000     67.000     68.000     69.000     70.000     71.000     72.000     73.000     74.000     75.000     76.000     77.000     78.000     79.000     80.000     81.000     82.000     83.000     84.000     85.000     86.000     87.000     88.000     89.000     90.000
  280.0000  0.000E+00  0.000E+00  0.000E+00  0.000E+00  0.000E+00  0.000E+00  0.000E+00  0.000E+00  0.000E+00  0.000E+00  0.000E+00  0.000E+00  0.000E+00  0.000E+00  0.000E+00  0.000E+00  0.000E+00  0.000E+00  0.000E+00  0.000E+00  0.000E+00  0.000E+00  0.000E+00  0.000E+00  0.000E+00  0.000E+00  0.000E+00  0.000E+00  0.000E+00  0.000E+00  0.000E+00  0.000E+00  0.000E+00  0.000E+00  0.000E+00  0.000E+00  0.000E+00  0.000E+00  0.000E+00  0.000E+00  0.000E+00  0.000E+00
  281.0000  0.000E+00  0.000E+00  0.000E+00  0.000E+00  0.000E+00  0.000E+00  0.000E+00  0.000E+00  0.000E+00  0.000E+00  0.000E+00  0.000E+00  0.000E+00  0.000E+00  0.000E+00  0.000E+00  0.000E+00  0.000E+00  0.000E+00  0.000E+00  0.000E+00  0.000E+00  0.000E+00  0.000E+00  0.000E+00  0.000E+00  0.000E+00  0.000E+00  0.000E+00  0.000E+00  0.000E+00  0.000E+00  0.000E+00  0.000E+00  0.000E+00  0.000E+00  0.000E+00  0.000E+00  0.000E+00  0.000E+00  0.000E+00  0.000E+00
  282.0000  0.000E+00  0.000E+00  0.000E+00  0.000E+00  0.000E+00  0.000E+00  0.000E+00  0.000E+00  0.000E+00  0.000E+00  0.000E+00  0.000E+00  0.000E+00  0.000E+00  0.000E+00  0.000E+00  0.000E+00  0.000E+00  0.000E+00  0.000E+00  0.000E+00  0.000E+00  0.000E+00  0.000E+00  0.000E+00  0.000E+00  0.000E+00  0.000E+00  0.000E+00  0.000E+00  0.000E+00  0.000E+00  0.000E+00  0.000E+00  0.000E+00  0.000E+00  0.000E+00  0.000E+00  0.000E+00  0.000E+00  0.000E+00  0.000E+00
  283.0000  0.000E+00  0.000E+00  0.000E+00  0.000E+00  0.000E+00  0.000E+00  0.000E+00  0.000E+00  0.000E+00  0.000E+00  0.000E+00  0.000E+00  0.000E+00  0.000E+00  0.000E+00  0.000E+00  0.000E+00  0.000E+00  0.000E+00  0.000E+00  0.000E+00  0.000E+00  0.000E+00  0.000E+00  0.000E+00  0.000E+00  0.000E+00  0.000E+00  0.000E+00  0.000E+00  0.000E+00  0.000E+00  0.000E+00  0.000E+00  0.000E+00  0.000E+00  0.000E+00  0.000E+00  0.000E+00  0.000E+00  0.000E+00  0.000E+00
  284.0000  0.000E+00  0.000E+00  0.000E+00  0.000E+00  0.000E+00  0.000E+00  0.000E+00  0.000E+00  0.000E+00  0.000E+00  0.000E+00  0.000E+00  0.000E+00  0.000E+00  0.000E+00  0.000E+00  0.000E+00  0.000E+00  0.000E+00  0.000E+00  0.000E+00  0.000E+00  0.000E+00  0.000E+00  0.000E+00  0.000E+00  0.000E+00  0.000E+00  0.000E+00  0.000E+00  0.000E+00  0.000E+00  0.000E+00  0.000E+00  0.000E+00  0.000E+00  0.000E+00  0.000E+00  0.000E+00  0.000E+00  0.000E+00  0.000E+00
  285.0000  0.000E+00  0.000E+00  0.000E+00  0.000E+00  0.000E+00  0.000E+00  0.000E+00  0.000E+00  0.000E+00  0.000E+00  0.000E+00  0.000E+00  0.000E+00  0.000E+00  0.000E+00  0.000E+00  0.000E+00  0.000E+00  0.000E+00  0.000E+00  0.000E+00  0.000E+00  0.000E+00  0.000E+00  0.000E+00  0.000E+00  0.000E+00  0.000E+00  0.000E+00  0.000E+00  0.000E+00  0.000E+00  0.000E+00  0.000E+00  0.000E+00  0.000E+00  0.000E+00  0.000E+00  0.000E+00  0.000E+00  0.000E+00  0.000E+00
  286.0000  0.000E+00  0.000E+00  0.000E+00  0.000E+00  0.000E+00  0.000E+00  0.000E+00  0.000E+00  0.000E+00  0.000E+00  0.000E+00  0.000E+00  0.000E+00  0.000E+00  0.000E+00  0.000E+00  0.000E+00  0.000E+00  0.000E+00  0.000E+00  0.000E+00  0.000E+00  0.000E+00  0.000E+00  0.000E+00  0.000E+00  0.000E+00  0.000E+00  0.000E+00  0.000E+00  0.000E+00  0.000E+00  0.000E+00  0.000E+00  0.000E+00  0.000E+00  0.000E+00  0.000E+00  0.000E+00  0.000E+00  0.000E+00  0.000E+00
  287.0000  0.000E+00  0.000E+00  0.000E+00  0.000E+00  0.000E+00  0.000E+00  0.000E+00  0.000E+00  0.000E+00  0.000E+00  0.000E+00  0.000E+00  0.000E+00  0.000E+00  0.000E+00  0.000E+00  0.000E+00  0.000E+00  0.000E+00  0.000E+00  0.000E+00  0.000E+00  0.000E+00  0.000E+00  0.000E+00  0.000E+00  0.000E+00  0.000E+00  0.000E+00  0.000E+00  0.000E+00  0.000E+00  0.000E+00  0.000E+00  0.000E+00  0.000E+00  0.000E+00  0.000E+00  0.000E+00  0.000E+00  0.000E+00  0.000E+00
  288.0000  0.000E+00  0.000E+00  0.000E+00  0.000E+00  0.000E+00  0.000E+00  0.000E+00  0.000E+00  0.000E+00  0.000E+00  0.000E+00  0.000E+00  0.000E+00  0.000E+00  0.000E+00  0.000E+00  0.000E+00  0.000E+00  0.000E+00  0.000E+00  0.000E+00  0.000E+00  0.000E+00  0.000E+00  0.000E+00  0.000E+00  0.000E+00  0.000E+00  0.000E+00  0.000E+00  0.000E+00  0.000E+00  0.000E+00  0.000E+00  0.000E+00  0.000E+00  0.000E+00  0.000E+00  0.000E+00  0.000E+00  0.000E+00  0.000E+00
  289.0000  0.000E+00  0.000E+00  0.000E+00  0.000E+00  0.000E+00  0.000E+00  0.000E+00  0.000E+00  0.000E+00  0.000E+00  0.000E+00  0.000E+00  0.000E+00  0.000E+00  0.000E+00  0.000E+00  0.000E+00  0.000E+00  0.000E+00  0.000E+00  0.000E+00  0.000E+00  0.000E+00  0.000E+00  0.000E+00  0.000E+00  0.000E+00  0.000E+00  0.000E+00  0.000E+00  0.000E+00  0.000E+00  0.000E+00  0.000E+00  0.000E+00  0.000E+00  0.000E+00  0.000E+00  0.000E+00  0.000E+00  0.000E+00  0.000E+00
  290.0000  0.000E+00  0.000E+00  0.000E+00  0.000E+00  0.000E+00  0.000E+00  0.000E+00  0.000E+00  0.000E+00  0.000E+00  0.000E+00  0.000E+00  0.000E+00  0.000E+00  0.000E+00  0.000E+00  0.000E+00  0.000E+00  0.000E+00  0.000E+00  0.000E+00  0.000E+00  0.000E+00  0.000E+00  0.000E+00  0.000E+00  0.000E+00  0.000E+00  0.000E+00  0.000E+00  0.000E+00  0.000E+00  0.000E+00  0.000E+00  0.000E+00  0.000E+00  0.000E+00  0.000E+00  0.000E+00  0.000E+00  0.000E+00  0.000E+00
  291.0000  0.000E+00  0.000E+00  0.000E+00  0.000E+00  0.000E+00  0.000E+00  0.000E+00  0.000E+00  0.000E+00  0.000E+00  0.000E+00  0.000E+00  0.000E+00  0.000E+00  0.000E+00  0.000E+00  0.000E+00  0.000E+00  0.000E+00  0.000E+00  0.000E+00  0.000E+00  0.000E+00  0.000E+00  0.000E+00  0.000E+00  0.000E+00  0.000E+00  0.000E+00  0.000E+00  0.000E+00  0.000E+00  0.000E+00  0.000E+00  0.000E+00  0.000E+00  0.000E+00  0.000E+00  0.000E+00  0.000E+00  0.000E+00  0.000E+00
  292.0000  5.191E-08  3.680E-08  2.559E-08  1.743E-08  1.161E-08  7.556E-09  4.790E-09  2.953E-09  1.766E-09  1.022E-09  5.704E-10  3.060E-10  1.572E-10  7.703E-11  3.580E-11  1.570E-11  6.451E-12  2.466E-12  8.691E-13  2.796E-13  8.113E-14  2.093E-14  4.724E-15  9.138E-16  1.479E-16  1.946E-17  2.008E-18  1.555E-19  8.554E-21  3.123E-22  6.938E-24  8.398E-26  4.808E-28  1.086E-30  7.661E-34  1.260E-37  3.381E-42  0.000E+00  0.000E+00  0.000E+00  0.000E+00  0.000E+00
  293.0000  2.053E-07  1.498E-07  1.074E-07  7.552E-08  5.205E-08  3.510E-08  2.312E-08  1.484E-08  9.270E-09  5.616E-09  3.292E-09  1.861E-09  1.012E-09  5.264E-10  2.610E-10  1.227E-10  5.438E-11  2.255E-11  8.686E-12  3.077E-12  9.920E-13  2.873E-13  7.360E-14  1.638E-14  3.097E-15  4.845E-16  6.070E-17  5.849E-18  4.124E-19  1.997E-20  6.140E-22  1.082E-23  9.609E-26  3.633E-28  4.718E-31  1.603E-34  1.020E-38  8.408E-44  0.000E+00  0.000E+00  0.000E+00  0.000E+00
  294.0000  1.101E-06  8.314E-07  6.184E-07  4.523E-07  3.249E-07  2.290E-07  1.580E-07  1.066E-07  7.015E-08  4.495E-08  2.797E-08  1.686E-08  9.814E-09  5.496E-09  2.949E-09  1.510E-09  7.334E-10  3.360E-10  1.441E-10  5.743E-11  2.105E-11  7.018E-12  2.099E-12  5.541E-13  1.266E-13  2.447E-14  3.884E-15  4.886E-16  4.659E-17  3.185E-18  1.455E-19  4.056E-21  6.144E-23  4.353E-25  1.189E-27  9.772E-31  1.780E-34  5.036E-39  1.541E-44  0.000E+00  0.000E+00  0.000E+00
  295.0000  3.628E-06  2.809E-06  2.144E-06  1.612E-06  1.192E-06  8.666E-07  6.179E-07  4.316E-07  2.948E-07  1.965E-07  1.276E-07  8.045E-08  4.914E-08  2.898E-08  1.644E-08  8.936E-09  4.631E-09  2.276E-09  1.054E-09  4.561E-10  1.830E-10  6.736E-11  2.247E-11  6.690E-12  1.748E-12  3.919E-13  7.350E-14  1.116E-14  1.316E-15  1.148E-16  6.930E-18  2.669E-19  5.894E-21  6.504E-23  3.001E-25  4.605E-28  1.764E-31  1.201E-35  1.010E-40  0.000E+00  0.000E+00  0.000E+00
  296.0000  1.738E-05  1.385E-05  1.089E-05  8.454E-06  6.467E-06  4.870E-06  3.606E-06  2.622E-06  1.869E-06  1.304E-06  8.888E-07  5.903E-07  3.812E-07  2.386E-07  1.444E-07  8.408E-08  4.695E-08  2.501E-08  1.264E-08  6.020E-09  2.681E-09  1.106E-09  4.184E-10  1.432E-10  4.362E-11  1.161E-11  2.639E-12  4.975E-13  7.503E-14  8.654E-15  7.208E-16  4.028E-17  1.373E-18  2.525E-20  2.132E-22  6.711E-25  6.046E-28  1.130E-31  3.043E-36  7.969E-42  0.000E+00  0.000E+00
  297.0000  2.888E-05  2.345E-05  1.883E-05  1.493E-05  1.169E-05  9.019E-06  6.853E-06  5.121E-06  3.759E-06  2.705E-06  1.906E-06  1.311E-06  8.795E-07  5.735E-07  3.624E-07  2.213E-07  1.300E-07  7.318E-08  3.926E-08  1.996E-08  9.543E-09  4.257E-09  1.754E-09  6.597E-10  2.233E-10  6.683E-11  1.732E-11  3.783E-12  6.746E-13  9.418E-14  9.770E-15  7.039E-16  3.228E-17  8.410E-19  1.073E-20  5.517E-23  8.922E-26  3.332E-29  1.997E-33  1.259E-38  4.204E-45  0.000E+00
  298.0000  1.154E-04  9.570E-05  7.859E-05  6.383E-05  5.124E-05  4.061E-05  3.174E-05  2.445E-05  1.853E-05  1.380E-05  1.008E-05  7.215E-06  5.045E-06  3.440E-06  2.282E-06  1.467E-06  9.118E-07  5.454E-07  3.125E-07  1.707E-07  8.826E-08  4.290E-08  1.943E-08  8.111E-09  3.082E-09  1.049E-09  3.141E-10  8.076E-11  1.732E-11  2.984E-12  3.941E-13  3.757E-14  2.388E-15  9.133E-17  1.835E-18  1.621E-20  4.992E-23  3.992E-26  5.765E-30  9.515E-35  7.894E-41  0.000E+00
  299.0000  2.122E-04  1.786E-04  1.490E-04  1.230E-04  1.005E-04  8.116E-05  6.471E-05  5.090E-05  3.945E-05  3.008E-05  2.255E-05  1.658E-05  1.193E-05  8.395E-06  5.758E-06  3.839E-06  2.480E-06  1.547E-06  9.284E-07  5.329E-07  2.910E-07  1.502E-07  7.261E-08  3.259E-08  1.342E-08  4.998E-09  1.654E-09  4.763E-10  1.161E-10  2.316E-11  3.620E-12  4.192E-13  3.345E-14  1.671E-15  4.608E-17  5.934E-19  2.865E-21  3.901E-24  1.044E-27  3.401E-32  5.583E-38  0.000E+00
  300.0000  3.797E-04  3.250E-04  2.758E-04  2.319E-04  1.931E-04  1.592E-04  1.297E-04  1.044E-04  8.292E-05  6.492E-05  5.003E-05  3.790E-05  2.817E-05  2.051E-05  1.459E-05  1.012E-05  6.828E-06  4.463E-06  2.816E-06  1.707E-06  9.900E-07  5.455E-07  2.836E-07  1.379E-07  6.202E-08  2.549E-08  9.424E-09  3.073E-09  8.627E-10  2.022E-10  3.802E-11  5.456E-12  5.590E-13  3.747E-14  1.464E-15  2.853E-17  2.257E-19  5.515E-22  2.903E-25  1.990E-29  6.855E-35  0.000E+00
  301.0000  8.549E-04  7.408E-04  6.370E-04  5.433E-04  4.592E-04  3.844E-04  3.185E-04  2.609E-04  2.112E-04  1.687E-04  1.328E-04  1.029E-04  7.840E-05  5.860E-05  4.289E-05  3.067E-05  2.138E-05  1.448E-05  9.494E-06  6.004E-06  3.645E-06  2.112E-06  1.160E-06  5.996E-07  2.887E-07  1.280E-07  5.149E-08  1.847E-08  5.777E-09  1.531E-09  3.319E-10  5.613E-11  6.965E-12  5.849E-13  2.984E-14  7.994E-16  9.244E-18  3.542E-20  3.144E-23  3.839E-27  2.370E-32 -5.605E-45
  302.0000  1.252E-03  1.097E-03  9.542E-04  8.236E-04  7.051E-04  5.984E-04  5.029E-04  4.184E-04  3.442E-04  2.797E-04  2.243E-04  1.773E-04  1.380E-04  1.055E-04  7.913E-05  5.810E-05  4.166E-05  2.910E-05  1.973E-05  1.294E-05  8.173E-06  4.947E-06  2.851E-06  1.553E-06  7.931E-07  3.753E-07  1.625E-07  6.331E-08  2.174E-08  6.414E-09  1.572E-09  3.064E-10  4.489E-11  4.583E-12  2.946E-13  1.040E-14  1.672E-16  9.468E-19  1.324E-21  2.679E-25  2.769E-30 -1.136E-42
  303.0000  3.084E-03  2.731E-03  2.403E-03  2.100E-03  1.822E-03  1.567E-03  1.337E-03  1.130E-03  9.449E-04  7.817E-04  6.389E-04  5.153E-04  4.097E-04  3.206E-04  2.466E-04  1.860E-04  1.373E-04  9.893E-05  6.941E-05  4.724E-05  3.108E-05  1.966E-05  1.190E-05  6.844E-06  3.710E-06  1.877E-06  8.757E-07  3.712E-07  1.403E-07  4.614E-08  1.282E-08  2.889E-09  5.013E-10  6.247E-11  5.087E-12  2.379E-13  5.350E-15  4.515E-17  1.003E-19  3.389E-23  5.889E-28 -3.855E-40
  304.0000  4.027E-03  3.592E-03  3.185E-03  2.805E-03  2.454E-03  2.130E-03  1.834E-03  1.566E-03  1.324E-03  1.108E-03  9.163E-04  7.488E-04  6.037E-04  4.795E-04  3.747E-04  2.876E-04  2.163E-04  1.591E-04  1.141E-04  7.953E-05  5.370E-05  3.496E-05  2.184E-05  1.300E-05  7.327E-06  3.870E-06  1.895E-06  8.480E-07  3.409E-07  1.203E-07  3.624E-08  8.969E-09  1.737E-09  2.462E-10  2.336E-11  1.311E-12  3.669E-14  4.017E-16  1.210E-18  5.767E-22  1.438E-26 -1.343E-38
  305.0000  6.865E-03  6.178E-03  5.530E-03  4.919E-03  4.348E-03  3.817E-03  3.326E-03  2.875E-03  2.463E-03  2.091E-03  1.756E-03  1.459E-03  1.197E-03  9.686E-04  7.723E-04  6.056E-04  4.663E-04  3.517E-04  2.592E-04  1.862E-04  1.299E-04  8.768E-05  5.696E-05  3.543E-05  2.095E-05  1.168E-05  6.073E-06  2.909E-06  1.263E-06  4.867E-07  1.622E-07  4.513E-08  1.002E-08  1.668E-09  1.915E-10  1.349E-11  4.954E-13  7.488E-15  3.286E-17  2.379E-20  9.112E-25 -1.266E-36
  306.0000  7.457E-03  6.750E-03  6.078E-03  5.443E-03  4.844E-03  4.283E-03  3.761E-03  3.278E-03  2.833E-03  2.427E-03  2.059E-03  1.728E-03  1.434E-03  1.175E-03  9.491E-04  7.549E-04  5.901E-04  4.525E-04  3.396E-04  2.487E-04  1.773E-04  1.224E-04  8.162E-05  5.222E-05  3.186E-05  1.840E-05  9.950E-06  4.982E-06  2.274E-06  9.282E-07  3.304E-07  9.923E-08  2.408E-08  4.455E-09  5.795E-10  4.741E-11  2.081E-12  3.895E-14  2.197E-16  2.114E-19  1.095E-23 -2.062E-35
  307.0000  1.116E-02  1.017E-02  9.215E-03  8.308E-03  7.448E-03  6.636E-03  5.875E-03  5.164E-03  4.504E-03  3.896E-03  3.340E-03  2.835E-03  2.381E-03  1.976E-03  1.618E-03  1.306E-03  1.037E-03  8.094E-04  6.190E-04  4.628E-04  3.372E-04  2.387E-04  1.635E-04  1.078E-04  6.797E-05  4.071E-05  2.295E-05  1.204E-05  5.794E-06  2.512E-06  9.582E-07  3.119E-07  8.315E-08  1.718E-08  2.548E-09  2.438E-10  1.292E-11  3.025E-13  2.219E-15  2.870E-18  2.030E-22 -5.180E-34
  308.0000  1.501E-02  1.375E-02  1.253E-02  1.137E-02  1.026E-02  9.205E-03  8.209E-03  7.272E-03  6.397E-03  5.583E-03  4.832E-03  4.143E-03  3.517E-03  2.953E-03  2.449E-03  2.004E-03  1.615E-03  1.280E-03  9.959E-04  7.586E-04  5.643E-04  4.085E-04  2.867E-04  1.942E-04  1.262E-04  7.821E-05  4.578E-05  2.506E-05  1.265E-05  5.796E-06  2.356E-06  8.252E-07  2.397E-07  5.478E-08  9.160E-09  1.012E-09  6.363E-11  1.829E-12  1.708E-14  2.901E-17  2.741E-21 -9.339E-33
  309.0000  1.689E-02  1.552E-02  1.420E-02  1.292E-02  1.171E-02  1.055E-02  9.446E-03  8.406E-03  7.430E-03  6.519E-03  5.673E-03  4.893E-03  4.180E-03  3.533E-03  2.952E-03  2.434E-03  1.979E-03  1.583E-03  1.244E-03  9.578E-04  7.209E-04  5.287E-04  3.765E-04  2.591E-04  1.714E-04  1.083E-04  6.478E-05  3.635E-05  1.888E-05  8.930E-06  3.766E-06  1.377E-06  4.205E-07  1.020E-07  1.830E-08  2.199E-09  1.532E-10  4.980E-12  5.385E-14  1.086E-16  1.244E-20 -5.256E-32
  310.0000  1.906E-02  1.761E-02  1.621E-02  1.485E-02  1.354E-02  1.228E-02  1.108E-02  9.944E-03  8.864E-03  7.847E-03  6.895E-03  6.010E-03  5.191E-03  4.440E-03  3.757E-03  3.141E-03  2.591E-03  2.106E-03  1.684E-03  1.322E-03  1.016E-03  7.621E-04  5.563E-04  3.936E-04  2.685E-04  1.755E-04  1.091E-04  6.391E-05  3.486E-05  1.744E-05  7.840E-06  3.088E-06  1.029E-06  2.764E-07  5.602E-08  7.787E-09  6.456E-10  2.584E-11  3.565E-13  9.461E-16  1.447E-19 -8.125E-31
  311.0000  3.412E-02  3.160E-02  2.916E-02  2.679E-02  2.450E-02  2.229E-02  2.018E-02  1.817E-02  1.626E-02  1.445E-02  1.275E-02  1.116E-02  9.690E-03  8.332E-03  7.089E-03  5.963E-03  4.952E-03  4.054E-03  3.266E-03  2.585E-03  2.005E-03  1.519E-03  1.121E-03  8.029E-04  5.551E-04  3.684E-04  2.329E-04  1.391E-04  7.752E-05  3.974E-05  1.839E-05  7.487E-06  2.593E-06  7.293E-07  1.561E-07  2.317E-08  2.080E-09  9.169E-11  1.421E-12  4.331E-15  7.779E-19 -5.280E-30
  312.0000  3.307E-02  3.073E-02  2.846E-02  2.624E-02  2.409E-02  2.202E-02  2.003E-02  1.812E-02  1.629E-02  1.456E-02  1.292E-02  1.138E-02  9.944E-03  8.611E-03  7.383E-03  6.261E-03  5.245E-03  4.335E-03  3.530E-03  2.825E-03  2.218E-03  1.704E-03  1.277E-03  9.294E-04  6.544E-04  4.432E-04  2.868E-04  1.757E-04  1.008E-04  5.346E-05  2.570E-05  1.094E-05  3.993E-06  1.195E-06  2.752E-07  4.461E-08  4.452E-09  2.229E-10  4.022E-12  1.461E-14  3.187E-18 -2.673E-29
  313.0000  4.001E-02  3.731E-02  3.466E-02  3.208E-02  2.957E-02  2.714E-02  2.479E-02  2.252E-02  2.035E-02  1.828E-02  1.632E-02  1.446E-02  1.272E-02  1.109E-02  9.575E-03  8.185E-03  6.916E-03  5.770E-03  4.745E-03  3.840E-03  3.051E-03  2.375E-03  1.805E-03  1.335E-03  9.570E-04  6.611E-04  4.373E-04  2.747E-04  1.622E-04  8.881E-05  4.432E-05  1.970E-05  7.563E-06  2.402E-06  5.939E-07  1.048E-07  1.159E-08  6.568E-10  1.372E-11  5.912E-14  1.559E-17 -1.609E-28
  314.0000  4.535E-02  4.235E-02  3.941E-02  3.653E-02  3.373E-02  3.101E-02  2.838E-02  2.584E-02  2.340E-02  2.107E-02  1.885E-02  1.675E-02  1.477E-02  1.292E-02  1.119E-02  9.600E-03  8.143E-03  6.821E-03  5.635E-03  4.582E-03  3.660E-03  2.866E-03  2.192E-03  1.633E-03  1.180E-03  8.222E-04  5.493E-04  3.489E-04  2.086E-04  1.159E-04  5.883E-05  2.667E-05  1.047E-05  3.417E-06  8.731E-07  1.603E-07  1.861E-08  1.119E-09  2.518E-11  1.188E-13  3.515E-17 -4.219E-28
  315.0000  5.011E-02  4.695E-02  4.385E-02  4.081E-02  3.783E-02  3.493E-02  3.212E-02  2.939E-02  2.676E-02  2.423E-02  2.180E-02  1.950E-02  1.731E-02  1.525E-02  1.332E-02  1.152E-02  9.862E-03  8.343E-03  6.967E-03  5.732E-03  4.638E-03  3.682E-03  2.861E-03  2.168E-03  1.596E-03  1.136E-03  7.771E-04  5.070E-04  3.125E-04  1.797E-04  9.491E-05  4.505E-05  1.868E-05  6.494E-06  1.790E-06  3.599E-07  4.659E-08  3.195E-09  8.398E-11  4.742E-13  1.708E-16 -2.528E-27
  316.0000  4.156E-02  3.897E-02  3.641E-02  3.391E-02  3.146E-02  2.908E-02  2.675E-02  2.450E-02  2.233E-02  2.024E-02  1.824E-02  1.632E-02  1.451E-02  1.280E-02  1.120E-02  9.700E-03  8.317E-03  7.049E-03  5.898E-03  4.863E-03  3.944E-03  3.139E-03  2.446E-03  1.859E-03  1.374E-03  9.816E-04  6.744E-04  4.422E-04  2.741E-04  1.587E-04  8.443E-05  4.044E-05  1.694E-05  5.965E-06  1.670E-06  3.421E-07  4.537E-08  3.208E-09  8.783E-11  5.244E-13  2.046E-16 -3.429E-27
  317.0000  6.627E-02  6.229E-02  5.837E-02  5.452E-02  5.073E-02  4.703E-02  4.343E-02  3.992E-02  3.652E-02  3.323E-02  3.007E-02  2.705E-02  2.416E-02  2.143E-02  1.885E-02  1.644E-02  1.419E-02  1.211E-02  1.022E-02  8.496E-03  6.955E-03  5.594E-03  4.408E-03  3.393E-03  2.542E-03  1.845E-03  1.290E-03  8.625E-04  5.467E-04  3.246E-04  1.779E-04  8.816E-05  3.843E-05  1.419E-05  4.200E-06  9.208E-07  1.325E-07  1.034E-08  3.184E-10  2.183E-12  9.964E-16 -1.995E-26
  318.0000  5.930E-02  5.577E-02  5.229E-02  4.887E-02  4.551E-02  4.222E-02  3.901E-02  3.588E-02  3.285E-02  2.992E-02  2.711E-02  2.440E-02  2.183E-02  1.938E-02  1.707E-02  1.490E-02  1.288E-02  1.101E-02  9.304E-03  7.752E-03  6.360E-03  5.126E-03  4.050E-03  3.126E-03  2.349E-03  1.710E-03  1.200E-03  8.061E-04  5.135E-04  3.067E-04  1.692E-04  8.448E-05  3.717E-05  1.387E-05  4.163E-06  9.279E-07  1.364E-07  1.094E-08  3.496E-10  2.522E-12  1.240E-15 -2.792E-26
  319.0000  7.128E-02  6.723E-02  6.322E-02  5.927E-02  5.539E-02  5.157E-02  4.783E-02  4.418E-02  4.062E-02  3.717E-02  3.384E-02  3.062E-02  2.754E-02  2.460E-02  2.181E-02  1.918E-02  1.670E-02  1.440E-02  1.227E-02  1.032E-02  8.560E-03  6.980E-03  5.585E-03  4.372E-03  3.337E-03  2.473E-03  1.770E-03  1.215E-03  7.936E-04  4.877E-04  2.780E-04  1.443E-04  6.637E-05  2.611E-05  8.344E-06  2.006E-06  3.227E-07  2.887E-08  1.051E-09  8.820E-12  5.129E-15 -1.387E-25
  320.0000  7.973E-02  7.514E-02  7.061E-02  6.615E-02  6.176E-02  5.745E-02  5.323E-02  4.911E-02  4.511E-02  4.123E-02  3.749E-02  3.388E-02  3.043E-02  2.714E-02  2.402E-02  2.108E-02  1.833E-02  1.577E-02  1.341E-02  1.125E-02  9.306E-03  7.567E-03  6.035E-03  4.708E-03  3.580E-03  2.641E-03  1.881E-03  1.285E-03  8.339E-04  5.090E-04  2.879E-04  1.480E-04  6.742E-05  2.622E-05  8.263E-06  1.956E-06  3.094E-07  2.720E-08  9.759E-10  8.148E-12  4.841E-15 -1.413E-25
  321.0000  8.822E-02  8.340E-02  7.862E-02  7.389E-02  6.922E-02  6.463E-02  6.012E-02  5.571E-02  5.140E-02  4.720E-02  4.313E-02  3.919E-02  3.541E-02  3.177E-02  2.831E-02  2.503E-02  2.193E-02  1.902E-02  1.633E-02  1.384E-02  1.157E-02  9.520E-03  7.693E-03  6.089E-03  4.705E-03  3.534E-03  2.568E-03  1.794E-03  1.195E-03  7.511E-04  4.395E-04  2.350E-04  1.121E-04  4.600E-05  1.547E-05  3.955E-06  6.868E-07  6.754E-08  2.767E-09  2.694E-11  1.895E-14 -6.628E-25
  322.0000  8.893E-02  8.406E-02  7.923E-02  7.445E-02  6.974E-02  6.510E-02  6.055E-02  5.609E-02  5.174E-02  4.751E-02  4.340E-02  3.943E-02  3.561E-02  3.195E-02  2.846E-02  2.515E-02  2.203E-02  1.911E-02  1.639E-02  1.389E-02  1.160E-02  9.543E-03  7.708E-03  6.097E-03  4.708E-03  3.534E-03  2.566E-03  1.791E-03  1.192E-03  7.484E-04  4.374E-04  2.337E-04  1.113E-04  4.563E-05  1.533E-05  3.917E-06  6.806E-07  6.715E-08  2.775E-09  2.757E-11  2.027E-14 -7.771E-25
  323.0000  7.950E-02  7.519E-02  7.091E-02  6.668E-02  6.251E-02  5.839E-02  5.436E-02  5.040E-02  4.653E-02  4.276E-02  3.911E-02  3.557E-02  3.216E-02  2.889E-02  2.577E-02  2.281E-02  2.001E-02  1.738E-02  1.494E-02  1.269E-02  1.062E-02  8.759E-03  7.094E-03  5.628E-03  4.361E-03  3.286E-03  2.396E-03  1.680E-03  1.124E-03  7.104E-04  4.182E-04  2.253E-04  1.084E-04  4.498E-05  1.533E-05  3.991E-06  7.094E-07  7.205E-08  3.094E-09  3.235E-11  2.555E-14 -1.091E-24
  324.0000  9.771E-02  9.262E-02  8.756E-02  8.255E-02  7.759E-02  7.270E-02  6.788E-02  6.314E-02  5.850E-02  5.396E-02  4.954E-02  4.525E-02  4.110E-02  3.710E-02  3.326E-02  2.960E-02  2.613E-02  2.285E-02  1.978E-02  1.692E-02  1.429E-02  1.189E-02  9.729E-03  7.807E-03  6.124E-03  4.680E-03  3.466E-03  2.474E-03  1.689E-03  1.092E-03  6.599E-04  3.665E-04  1.827E-04  7.910E-05  2.835E-05  7.839E-06  1.499E-06  1.663E-07  7.936E-09  9.390E-11  8.535E-14 -4.273E-24
  325.0000  1.025E-01  9.707E-02  9.169E-02  8.636E-02  8.109E-02  7.589E-02  7.077E-02  6.575E-02  6.084E-02  5.604E-02  5.137E-02  4.685E-02  4.248E-02  3.827E-02  3.425E-02  3.042E-02  2.678E-02  2.337E-02  2.017E-02  1.721E-02  1.449E-02  1.201E-02  9.792E-03  7.824E-03  6.109E-03  4.644E-03  3.420E-03  2.425E-03  1.643E-03  1.054E-03  6.308E-04  3.466E-04  1.707E-04  7.282E-05  2.567E-05  6.962E-06  1.303E-06  1.412E-07  6.595E-09  7.702E-11  7.081E-14 -3.779E-24
  326.0000  1.402E-01  1.330E-01  1.258E-01  1.186E-01  1.116E-01  1.046E-01  9.771E-02  9.095E-02  8.433E-02  7.785E-02  7.153E-02  6.539E-02  5.945E-02  5.372E-02  4.822E-02  4.296E-02  3.797E-02  3.325E-02  2.882E-02  2.470E-02  2.090E-02  1.743E-02  1.429E-02  1.149E-02  9.042E-03  6.930E-03  5.151E-03  3.691E-03  2.531E-03  1.645E-03  1.000E-03  5.598E-04  2.816E-04  1.232E-04  4.478E-05  1.260E-05  2.466E-06  2.825E-07  1.411E-08  1.789E-10  1.818E-13 -1.100E-23
  327.0000  1.402E-01  1.331E-01  1.261E-01  1.191E-01  1.121E-01  1.052E-01  9.846E-02  9.178E-02  8.523E-02  7.881E-02  7.254E-02  6.644E-02  6.053E-02  5.481E-02  4.932E-02  4.405E-02  3.904E-02  3.429E-02  2.982E-02  2.565E-02  2.178E-02  1.824E-02  1.502E-02  1.215E-02  9.610E-03  7.413E-03  5.549E-03  4.009E-03  2.774E-03  1.822E-03  1.122E-03  6.365E-04  3.255E-04  1.453E-04  5.406E-05  1.566E-05  3.174E-06  3.799E-07  2.004E-08  2.722E-10  3.017E-13 -2.055E-23
  328.0000  1.335E-01  1.266E-01  1.198E-01  1.131E-01  1.064E-01  9.979E-02  9.328E-02  8.688E-02  8.060E-02  7.445E-02  6.846E-02  6.263E-02  5.699E-02  5.154E-02  4.630E-02  4.130E-02  3.654E-02  3.203E-02  2.781E-02  2.387E-02  2.022E-02  1.689E-02  1.388E-02  1.119E-02  8.820E-03  6.778E-03  5.053E-03  3.633E-03  2.501E-03  1.633E-03  9.986E-04  5.623E-04  2.851E-04  1.260E-04  4.632E-05  1.324E-05  2.646E-06  3.119E-07  1.625E-08  2.199E-10  2.483E-13 -1.806E-23
  329.0000  1.457E-01  1.384E-01  1.312E-01  1.240E-01  1.169E-01  1.099E-01  1.029E-01  9.609E-02  8.936E-02  8.275E-02  7.630E-02  7.001E-02  6.389E-02  5.798E-02  5.228E-02  4.680E-02  4.158E-02  3.662E-02  3.195E-02  2.757E-02  2.350E-02  1.975E-02  1.634E-02  1.327E-02  1.056E-02  8.192E-03  6.173E-03  4.494E-03  3.137E-03  2.081E-03  1.296E-03  7.454E-04  3.874E-04  1.763E-04  6.716E-05  2.003E-05  4.214E-06  5.290E-07  2.975E-08  4.408E-10  5.542E-13 -4.583E-23
  330.0000  1.710E-01  1.626E-01  1.542E-01  1.458E-01  1.375E-01  1.293E-01  1.212E-01  1.132E-01  1.053E-01  9.761E-02  9.006E-02  8.269E-02  7.553E-02  6.860E-02  6.191E-02  5.548E-02  4.934E-02  4.351E-02  3.800E-02  3.284E-02  2.803E-02  2.360E-02  1.956E-02  1.592E-02  1.269E-02  9.874E-03  7.462E-03  5.449E-03  3.818E-03  2.543E-03  1.592E-03  9.210E-04  4.819E-04  2.212E-04  8.512E-05  2.571E-05  5.498E-06  7.049E-07  4.079E-08  6.292E-10  8.398E-13 -7.643E-23
  331.0000  1.453E-01  1.381E-01  1.309E-01  1.237E-01  1.166E-01  1.096E-01  1.027E-01  9.588E-02  8.917E-02  8.258E-02  7.615E-02  6.987E-02  6.378E-02  5.788E-02  5.220E-02  4.674E-02  4.153E-02  3.658E-02  3.192E-02  2.755E-02  2.348E-02  1.975E-02  1.634E-02  1.328E-02  1.057E-02  8.202E-03  6.184E-03  4.504E-03  3.147E-03  2.089E-03  1.303E-03  7.507E-04  3.910E-04  1.785E-04  6.828E-05  2.049E-05  4.353E-06  5.550E-07  3.204E-08  4.977E-10  6.826E-13 -6.658E-23
  332.0000  1.497E-01  1.424E-01  1.351E-01  1.279E-01  1.207E-01  1.136E-01  1.066E-01  9.962E-02  9.279E-02  8.608E-02  7.952E-02  7.310E-02  6.686E-02  6.081E-02  5.497E-02  4.934E-02  4.396E-02  3.884E-02  3.400E-02  2.944E-02  2.520E-02  2.128E-02  1.769E-02  1.445E-02  1.156E-02  9.032E-03  6.859E-03  5.036E-03  3.550E-03  2.382E-03  1.503E-03  8.785E-04  4.652E-04  2.165E-04  8.481E-05  2.619E-05  5.762E-06  7.671E-07  4.672E-08  7.756E-10  1.156E-12 -1.258E-22
  333.0000  1.606E-01  1.529E-01  1.452E-01  1.375E-01  1.298E-01  1.223E-01  1.148E-01  1.074E-01  1.001E-01  9.294E-02  8.592E-02  7.907E-02  7.239E-02  6.591E-02  5.964E-02  5.361E-02  4.783E-02  4.232E-02  3.710E-02  3.219E-02  2.760E-02  2.335E-02  1.946E-02  1.594E-02  1.279E-02  1.002E-02  7.638E-03  5.631E-03  3.988E-03  2.690E-03  1.708E-03  1.005E-03  5.369E-04  2.525E-04  1.001E-04  3.140E-05  7.042E-06  9.610E-07  6.046E-08  1.049E-09  1.663E-12 -1.988E-22
  334.0000  1.444E-01  1.374E-01  1.305E-01  1.235E-01  1.166E-01  1.098E-01  1.030E-01  9.637E-02  8.980E-02  8.334E-02  7.702E-02  7.084E-02  6.483E-02  5.899E-02  5.336E-02  4.793E-02  4.273E-02  3.779E-02  3.310E-02  2.869E-02  2.458E-02  2.078E-02  1.730E-02  1.415E-02  1.134E-02  8.873E-03  6.751E-03  4.968E-03  3.512E-03  2.364E-03  1.497E-03  8.788E-04  4.678E-04  2.193E-04  8.663E-05  2.706E-05  6.047E-06  8.234E-07  5.189E-08  9.092E-10  1.486E-12 -1.902E-22
  335.0000  1.667E-01  1.588E-01  1.509E-01  1.430E-01  1.351E-01  1.274E-01  1.196E-01  1.120E-01  1.045E-01  9.715E-02  8.991E-02  8.283E-02  7.592E-02  6.921E-02  6.272E-02  5.646E-02  5.045E-02  4.472E-02  3.928E-02  3.415E-02  2.934E-02  2.489E-02  2.080E-02  1.708E-02  1.376E-02  1.082E-02  8.283E-03  6.136E-03  4.370E-03  2.967E-03  1.898E-03  1.127E-03  6.083E-04  2.898E-04  1.168E-04  3.735E-05  8.596E-06  1.214E-06  8.007E-08  1.487E-09  2.616E-12 -3.706E-22
  336.0000  1.434E-01  1.366E-01  1.298E-01  1.231E-01  1.164E-01  1.097E-01  1.032E-01  9.664E-02  9.022E-02  8.390E-02  7.770E-02  7.162E-02  6.570E-02  5.994E-02  5.437E-02  4.898E-02  4.381E-02  3.888E-02  3.418E-02  2.976E-02  2.561E-02  2.175E-02  1.821E-02  1.498E-02  1.209E-02  9.532E-03  7.315E-03  5.435E-03  3.884E-03  2.647E-03  1.701E-03  1.015E-03  5.515E-04  2.647E-04  1.077E-04  3.484E-05  8.138E-06  1.172E-06  7.933E-08  1.528E-09  2.837E-12 -4.380E-22
  337.0000  1.379E-01  1.313E-01  1.248E-01  1.183E-01  1.119E-01  1.055E-01  9.911E-02  9.283E-02  8.665E-02  8.056E-02  7.459E-02  6.875E-02  6.305E-02  5.751E-02  5.215E-02  4.697E-02  4.201E-02  3.726E-02  3.275E-02  2.850E-02  2.452E-02  2.082E-02  1.742E-02  1.433E-02  1.155E-02  9.103E-03  6.981E-03  5.183E-03  3.701E-03  2.520E-03  1.618E-03  9.651E-04  5.236E-04  2.511E-04  1.020E-04  3.300E-05  7.712E-06  1.113E-06  7.586E-08  1.484E-09  2.850E-12 -4.718E-22
  338.0000  1.563E-01  1.489E-01  1.416E-01  1.343E-01  1.270E-01  1.198E-01  1.127E-01  1.056E-01  9.861E-02  9.174E-02  8.500E-02  7.840E-02  7.196E-02  6.569E-02  5.962E-02  5.376E-02  4.812E-02  4.273E-02  3.761E-02  3.277E-02  2.823E-02  2.401E-02  2.013E-02  1.659E-02  1.341E-02  1.059E-02  8.145E-03  6.066E-03  4.347E-03  2.973E-03  1.918E-03  1.150E-03  6.284E-04  3.038E-04  1.247E-04  4.082E-05  9.690E-06  1.427E-06  9.994E-08  2.029E-09  4.113E-12 -7.407E-22
  339.0000  1.676E-01  1.598E-01  1.520E-01  1.443E-01  1.366E-01  1.289E-01  1.213E-01  1.137E-01  1.063E-01  9.898E-02  9.179E-02  8.474E-02  7.785E-02  7.115E-02  6.464E-02  5.836E-02  5.231E-02  4.652E-02  4.101E-02  3.579E-02  3.089E-02  2.633E-02  2.212E-02  1.827E-02  1.481E-02  1.174E-02  9.057E-03  6.773E-03  4.876E-03  3.351E-03  2.175E-03  1.314E-03  7.236E-04  3.533E-04  1.467E-04  4.878E-05  1.180E-05  1.779E-06  1.285E-07  2.718E-09  5.839E-12 -1.146E-21
  340.0000  1.909E-01  1.821E-01  1.732E-01  1.644E-01  1.556E-01  1.469E-01  1.382E-01  1.296E-01  1.212E-01  1.129E-01  1.047E-01  9.665E-02  8.881E-02  8.118E-02  7.377E-02  6.662E-02  5.973E-02  5.313E-02  4.685E-02  4.090E-02  3.532E-02  3.011E-02  2.531E-02  2.092E-02  1.696E-02  1.345E-02  1.039E-02  7.775E-03  5.602E-03  3.855E-03  2.506E-03  1.516E-03  8.367E-04  4.096E-04  1.707E-04  5.699E-05  1.387E-05  2.112E-06  1.547E-07  3.351E-09  7.493E-12 -1.581E-21
  341.0000  1.697E-01  1.618E-01  1.540E-01  1.462E-01  1.384E-01  1.307E-01  1.231E-01  1.155E-01  1.080E-01  1.006E-01  9.340E-02  8.629E-02  7.935E-02  7.258E-02  6.600E-02  5.964E-02  5.352E-02  4.765E-02  4.206E-02  3.676E-02  3.178E-02  2.713E-02  2.284E-02  1.891E-02  1.536E-02  1.220E-02  9.446E-03  7.087E-03  5.122E-03  3.536E-03  2.307E-03  1.402E-03  7.783E-04  3.835E-04  1.612E-04  5.436E-05  1.340E-05  2.076E-06  1.557E-07  3.484E-09  8.184E-12 -1.869E-21
  342.0000  1.751E-01  1.671E-01  1.590E-01  1.510E-01  1.431E-01  1.352E-01  1.273E-01  1.195E-01  1.118E-01  1.043E-01  9.682E-02  8.950E-02  8.235E-02  7.538E-02  6.861E-02  6.205E-02  5.573E-02  4.967E-02  4.389E-02  3.840E-02  3.324E-02  2.842E-02  2.395E-02  1.987E-02  1.617E-02  1.287E-02  9.988E-03  7.514E-03  5.448E-03  3.775E-03  2.473E-03  1.510E-03  8.431E-04  4.184E-04  1.773E-04  6.045E-05  1.511E-05  2.382E-06  1.830E-07  4.234E-09  1.045E-11 -2.581E-21
  343.0000  1.860E-01  1.775E-01  1.690E-01  1.606E-01  1.522E-01  1.438E-01  1.355E-01  1.272E-01  1.191E-01  1.110E-01  1.031E-01  9.539E-02  8.780E-02  8.040E-02  7.321E-02  6.625E-02  5.953E-02  5.309E-02  4.694E-02  4.110E-02  3.561E-02  3.047E-02  2.570E-02  2.134E-02  1.739E-02  1.386E-02  1.077E-02  8.117E-03  5.896E-03  4.094E-03  2.690E-03  1.648E-03  9.232E-04  4.602E-04  1.961E-04  6.735E-05  1.700E-05  2.715E-06  2.124E-07  5.050E-09  1.302E-11 -3.458E-21
  344.0000  1.525E-01  1.456E-01  1.386E-01  1.317E-01  1.248E-01  1.179E-01  1.111E-01  1.044E-01  9.770E-02  9.112E-02  8.465E-02  7.830E-02  7.208E-02  6.601E-02  6.012E-02  5.441E-02  4.890E-02  4.362E-02  3.857E-02  3.379E-02  2.928E-02  2.506E-02  2.115E-02  1.756E-02  1.432E-02  1.142E-02  8.878E-03  6.694E-03  4.866E-03  3.382E-03  2.224E-03  1.364E-03  7.656E-04  3.824E-04  1.634E-04  5.634E-05  1.429E-05  2.301E-06  1.823E-07  4.430E-09  1.185E-11 -3.372E-21
  345.0000  1.722E-01  1.644E-01  1.566E-01  1.488E-01  1.411E-01  1.334E-01  1.258E-01  1.182E-01  1.107E-01  1.033E-01  9.601E-02  8.886E-02  8.186E-02  7.503E-02  6.838E-02  6.194E-02  5.572E-02  4.975E-02  4.405E-02  3.863E-02  3.351E-02  2.873E-02  2.428E-02  2.020E-02  1.650E-02  1.319E-02  1.028E-02  7.773E-03  5.668E-03  3.954E-03  2.612E-03  1.610E-03  9.089E-04  4.573E-04  1.972E-04  6.871E-05  1.768E-05  2.898E-06  2.352E-07  5.906E-09  1.658E-11 -5.088E-21
  346.0000  1.772E-01  1.692E-01  1.612E-01  1.532E-01  1.453E-01  1.374E-01  1.295E-01  1.217E-01  1.140E-01  1.064E-01  9.895E-02  9.161E-02  8.441E-02  7.739E-02  7.055E-02  6.393E-02  5.753E-02  5.139E-02  4.551E-02  3.993E-02  3.466E-02  2.972E-02  2.514E-02  2.093E-02  1.711E-02  1.369E-02  1.068E-02  8.082E-03  5.901E-03  4.122E-03  2.727E-03  1.685E-03  9.535E-04  4.812E-04  2.083E-04  7.297E-05  1.890E-05  3.130E-06  2.578E-07  6.627E-09  1.935E-11 -6.359E-21
  347.0000  1.926E-01  1.839E-01  1.753E-01  1.667E-01  1.581E-01  1.495E-01  1.410E-01  1.326E-01  1.242E-01  1.160E-01  1.079E-01  9.993E-02  9.213E-02  8.450E-02  7.708E-02  6.989E-02  6.293E-02  5.625E-02  4.986E-02  4.378E-02  3.804E-02  3.265E-02  2.765E-02  2.305E-02  1.886E-02  1.511E-02  1.181E-02  8.958E-03  6.555E-03  4.591E-03  3.047E-03  1.889E-03  1.074E-03  5.446E-04  2.373E-04  8.379E-05  2.194E-05  3.683E-06  3.093E-07  8.177E-09  2.492E-11 -8.790E-21
  348.0000  1.695E-01  1.619E-01  1.544E-01  1.468E-01  1.393E-01  1.318E-01  1.243E-01  1.169E-01  1.096E-01  1.024E-01  9.525E-02  8.826E-02  8.141E-02  7.471E-02  6.818E-02  6.185E-02  5.574E-02  4.985E-02  4.422E-02  3.886E-02  3.379E-02  2.903E-02  2.461E-02  2.054E-02  1.683E-02  1.351E-02  1.057E-02  8.035E-03  5.892E-03  4.137E-03  2.754E-03  1.713E-03  9.777E-04  4.985E-04  2.185E-04  7.779E-05  2.058E-05  3.502E-06  2.997E-07  8.144E-09  2.589E-11 -9.790E-21
  349.0000  1.757E-01  1.679E-01  1.601E-01  1.523E-01  1.445E-01  1.368E-01  1.291E-01  1.214E-01  1.139E-01  1.064E-01  9.904E-02  9.181E-02  8.471E-02  7.778E-02  7.102E-02  6.447E-02  5.812E-02  5.202E-02  4.617E-02  4.061E-02  3.534E-02  3.039E-02  2.579E-02  2.155E-02  1.768E-02  1.421E-02  1.114E-02  8.480E-03  6.231E-03  4.386E-03  2.927E-03  1.827E-03  1.047E-03  5.364E-04  2.365E-04  8.483E-05  2.266E-05  3.907E-06  3.405E-07  9.502E-09  3.148E-11 -1.274E-20
  350.0000  2.050E-01  1.960E-01  1.869E-01  1.778E-01  1.688E-01  1.597E-01  1.508E-01  1.419E-01  1.331E-01  1.244E-01  1.158E-01  1.074E-01  9.915E-02  9.107E-02  8.319E-02  7.555E-02  6.815E-02  6.102E-02  5.420E-02  4.769E-02  4.153E-02  3.575E-02  3.036E-02  2.539E-02  2.085E-02  1.678E-02  1.317E-02  1.004E-02  7.392E-03  5.213E-03  3.487E-03  2.183E-03  1.255E-03  6.455E-04  2.861E-04  1.033E-04  2.782E-05  4.854E-06  4.301E-07  1.230E-08  4.238E-11 -1.833E-20
------------------------------------------------------------
