Spectral Irradiance, W m-2 nm-1
values at z =      3.216 km
Columns: wavelength (nm), solar zenith angles (deg.)
    wc, nm     49.000     50.000     51.000     52.000     53.000     54.000     55.000     56.000     57.000     58.000     59.000     60.000     61.000     62.000     63.000     64.000     65.000     66.000     67.000     68.000     69.000     70.000     71.000     72.000     73.000     74.000     75.000     76.000     77.000     78.000     79.000     80.000     81.000     82.000     83.000     84.000     85.000     86.000     87.000     88.000     89.000     90.000
  280.0000  0.000E+00  0.000E+00  0.000E+00  0.000E+00  0.000E+00  0.000E+00  0.000E+00  0.000E+00  0.000E+00  0.000E+00  0.000E+00  0.000E+00  0.000E+00  0.000E+00  0.000E+00  0.000E+00  0.000E+00  0.000E+00  0.000E+00  0.000E+00  0.000E+00  0.000E+00  0.000E+00  0.000E+00  0.000E+00  0.000E+00  0.000E+00  0.000E+00  0.000E+00  0.000E+00  0.000E+00  0.000E+00  0.000E+00  0.000E+00  0.000E+00  0.000E+00  0.000E+00  0.000E+00  0.000E+00  0.000E+00  0.000E+00  0.000E+00
  281.0000  0.000E+00  0.000E+00  0.000E+00  0.000E+00  0.000E+00  0.000E+00  0.000E+00  0.000E+00  0.000E+00  0.000E+00  0.000E+00  0.000E+00  0.000E+00  0.000E+00  0.000E+00  0.000E+00  0.000E+00  0.000E+00  0.000E+00  0.000E+00  0.000E+00  0.000E+00  0.000E+00  0.000E+00  0.000E+00  0.000E+00  0.000E+00  0.000E+00  0.000E+00  0.000E+00  0.000E+00  0.000E+00  0.000E+00  0.000E+00  0.000E+00  0.000E+00  0.000E+00  0.000E+00  0.000E+00  0.000E+00  0.000E+00  0.000E+00
  282.0000  0.000E+00  0.000E+00  0.000E+00  0.000E+00  0.000E+00  0.000E+00  0.000E+00  0.000E+00  0.000E+00  0.000E+00  0.000E+00  0.000E+00  0.000E+00  0.000E+00  0.000E+00  0.000E+00  0.000E+00  0.000E+00  0.000E+00  0.000E+00  0.000E+00  0.000E+00  0.000E+00  0.000E+00  0.000E+00  0.000E+00  0.000E+00  0.000E+00  0.000E+00  0.000E+00  0.000E+00  0.000E+00  0.000E+00  0.000E+00  0.000E+00  0.000E+00  0.000E+00  0.000E+00  0.000E+00  0.000E+00  0.000E+00  0.000E+00
  283.0000  0.000E+00  0.000E+00  0.000E+00  0.000E+00  0.000E+00  0.000E+00  0.000E+00  0.000E+00  0.000E+00  0.000E+00  0.000E+00  0.000E+00  0.000E+00  0.000E+00  0.000E+00  0.000E+00  0.000E+00  0.000E+00  0.000E+00  0.000E+00  0.000E+00  0.000E+00  0.000E+00  0.000E+00  0.000E+00  0.000E+00  0.000E+00  0.000E+00  0.000E+00  0.000E+00  0.000E+00  0.000E+00  0.000E+00  0.000E+00  0.000E+00  0.000E+00  0.000E+00  0.000E+00  0.000E+00  0.000E+00  0.000E+00  0.000E+00
  284.0000  0.000E+00  0.000E+00  0.000E+00  0.000E+00  0.000E+00  0.000E+00  0.000E+00  0.000E+00  0.000E+00  0.000E+00  0.000E+00  0.000E+00  0.000E+00  0.000E+00  0.000E+00  0.000E+00  0.000E+00  0.000E+00  0.000E+00  0.000E+00  0.000E+00  0.000E+00  0.000E+00  0.000E+00  0.000E+00  0.000E+00  0.000E+00  0.000E+00  0.000E+00  0.000E+00  0.000E+00  0.000E+00  0.000E+00  0.000E+00  0.000E+00  0.000E+00  0.000E+00  0.000E+00  0.000E+00  0.000E+00  0.000E+00  0.000E+00
  285.0000  0.000E+00  0.000E+00  0.000E+00  0.000E+00  0.000E+00  0.000E+00  0.000E+00  0.000E+00  0.000E+00  0.000E+00  0.000E+00  0.000E+00  0.000E+00  0.000E+00  0.000E+00  0.000E+00  0.000E+00  0.000E+00  0.000E+00  0.000E+00  0.000E+00  0.000E+00  0.000E+00  0.000E+00  0.000E+00  0.000E+00  0.000E+00  0.000E+00  0.000E+00  0.000E+00  0.000E+00  0.000E+00  0.000E+00  0.000E+00  0.000E+00  0.000E+00  0.000E+00  0.000E+00  0.000E+00  0.000E+00  0.000E+00  0.000E+00
  286.0000  0.000E+00  0.000E+00  0.000E+00  0.000E+00  0.000E+00  0.000E+00  0.000E+00  0.000E+00  0.000E+00  0.000E+00  0.000E+00  0.000E+00  0.000E+00  0.000E+00  0.000E+00  0.000E+00  0.000E+00  0.000E+00  0.000E+00  0.000E+00  0.000E+00  0.000E+00  0.000E+00  0.000E+00  0.000E+00  0.000E+00  0.000E+00  0.000E+00  0.000E+00  0.000E+00  0.000E+00  0.000E+00  0.000E+00  0.000E+00  0.000E+00  0.000E+00  0.000E+00  0.000E+00  0.000E+00  0.000E+00  0.000E+00  0.000E+00
  287.0000  0.000E+00  0.000E+00  0.000E+00  0.000E+00  0.000E+00  0.000E+00  0.000E+00  0.000E+00  0.000E+00  0.000E+00  0.000E+00  0.000E+00  0.000E+00  0.000E+00  0.000E+00  0.000E+00  0.000E+00  0.000E+00  0.000E+00  0.000E+00  0.000E+00  0.000E+00  0.000E+00  0.000E+00  0.000E+00  0.000E+00  0.000E+00  0.000E+00  0.000E+00  0.000E+00  0.000E+00  0.000E+00  0.000E+00  0.000E+00  0.000E+00  0.000E+00  0.000E+00  0.000E+00  0.000E+00  0.000E+00  0.000E+00  0.000E+00
  288.0000  0.000E+00  0.000E+00  0.000E+00  0.000E+00  0.000E+00  0.000E+00  0.000E+00  0.000E+00  0.000E+00  0.000E+00  0.000E+00  0.000E+00  0.000E+00  0.000E+00  0.000E+00  0.000E+00  0.000E+00  0.000E+00  0.000E+00  0.000E+00  0.000E+00  0.000E+00  0.000E+00  0.000E+00  0.000E+00  0.000E+00  0.000E+00  0.000E+00  0.000E+00  0.000E+00  0.000E+00  0.000E+00  0.000E+00  0.000E+00  0.000E+00  0.000E+00  0.000E+00  0.000E+00  0.000E+00  0.000E+00  0.000E+00  0.000E+00
  289.0000  0.000E+00  0.000E+00  0.000E+00  0.000E+00  0.000E+00  0.000E+00  0.000E+00  0.000E+00  0.000E+00  0.000E+00  0.000E+00  0.000E+00  0.000E+00  0.000E+00  0.000E+00  0.000E+00  0.000E+00  0.000E+00  0.000E+00  0.000E+00  0.000E+00  0.000E+00  0.000E+00  0.000E+00  0.000E+00  0.000E+00  0.000E+00  0.000E+00  0.000E+00  0.000E+00  0.000E+00  0.000E+00  0.000E+00  0.000E+00  0.000E+00  0.000E+00  0.000E+00  0.000E+00  0.000E+00  0.000E+00  0.000E+00  0.000E+00
  290.0000  0.000E+00  0.000E+00  0.000E+00  0.000E+00  0.000E+00  0.000E+00  0.000E+00  0.000E+00  0.000E+00  0.000E+00  0.000E+00  0.000E+00  0.000E+00  0.000E+00  0.000E+00  0.000E+00  0.000E+00  0.000E+00  0.000E+00  0.000E+00  0.000E+00  0.000E+00  0.000E+00  0.000E+00  0.000E+00  0.000E+00  0.000E+00  0.000E+00  0.000E+00  0.000E+00  0.000E+00  0.000E+00  0.000E+00  0.000E+00  0.000E+00  0.000E+00  0.000E+00  0.000E+00  0.000E+00  0.000E+00  0.000E+00  0.000E+00
  291.0000  0.000E+00  0.000E+00  0.000E+00  0.000E+00  0.000E+00  0.000E+00  0.000E+00  0.000E+00  0.000E+00  0.000E+00  0.000E+00  0.000E+00  0.000E+00  0.000E+00  0.000E+00  0.000E+00  0.000E+00  0.000E+00  0.000E+00  0.000E+00  0.000E+00  0.000E+00  0.000E+00  0.000E+00  0.000E+00  0.000E+00  0.000E+00  0.000E+00  0.000E+00  0.000E+00  0.000E+00  0.000E+00  0.000E+00  0.000E+00  0.000E+00  0.000E+00  0.000E+00  0.000E+00  0.000E+00  0.000E+00  0.000E+00  0.000E+00
  292.0000  0.000E+00  0.000E+00  0.000E+00  0.000E+00  0.000E+00  0.000E+00  0.000E+00  0.000E+00  0.000E+00  0.000E+00  0.000E+00  0.000E+00  0.000E+00  0.000E+00  0.000E+00  0.000E+00  0.000E+00  0.000E+00  0.000E+00  0.000E+00  0.000E+00  0.000E+00  0.000E+00  0.000E+00  0.000E+00  0.000E+00  0.000E+00  0.000E+00  0.000E+00  0.000E+00  0.000E+00  0.000E+00  0.000E+00  0.000E+00  0.000E+00  0.000E+00  0.000E+00  0.000E+00  0.000E+00  0.000E+00  0.000E+00  0.000E+00
  293.0000  0.000E+00  0.000E+00  0.000E+00  0.000E+00  0.000E+00  0.000E+00  0.000E+00  0.000E+00  0.000E+00  0.000E+00  0.000E+00  0.000E+00  0.000E+00  0.000E+00  0.000E+00  0.000E+00  0.000E+00  0.000E+00  0.000E+00  0.000E+00  0.000E+00  0.000E+00  0.000E+00  0.000E+00  0.000E+00  0.000E+00  0.000E+00  0.000E+00  0.000E+00  0.000E+00  0.000E+00  0.000E+00  0.000E+00  0.000E+00  0.000E+00  0.000E+00  0.000E+00  0.000E+00  0.000E+00  0.000E+00  0.000E+00  0.000E+00
  294.0000  0.000E+00  0.000E+00  0.000E+00  0.000E+00  0.000E+00  0.000E+00  0.000E+00  0.000E+00  0.000E+00  0.000E+00  0.000E+00  0.000E+00  0.000E+00  0.000E+00  0.000E+00  0.000E+00  0.000E+00  0.000E+00  0.000E+00  0.000E+00  0.000E+00  0.000E+00  0.000E+00  0.000E+00  0.000E+00  0.000E+00  0.000E+00  0.000E+00  0.000E+00  0.000E+00  0.000E+00  0.000E+00  0.000E+00  0.000E+00  0.000E+00  0.000E+00  0.000E+00  0.000E+00  0.000E+00  0.000E+00  0.000E+00  0.000E+00
  295.0000  2.126E-08  1.483E-08  1.013E-08  6.779E-09  4.431E-09  2.824E-09  1.752E-09  1.055E-09  6.159E-10  3.471E-10  1.884E-10  9.812E-11  4.883E-11  2.311E-11  1.035E-11  4.363E-12  1.718E-12  6.269E-13  2.101E-13  6.400E-14  1.749E-14  4.228E-15  8.878E-16  1.586E-16  2.351E-17  2.804E-18  2.592E-19  1.774E-20  8.489E-22  2.644E-23  4.894E-25  4.799E-27  2.152E-29  3.650E-32  1.840E-35  2.037E-39  3.503E-44  0.000E+00  0.000E+00  0.000E+00  0.000E+00  0.000E+00
  296.0000  2.134E-07  1.554E-07  1.112E-07  7.810E-08  5.373E-08  3.617E-08  2.377E-08  1.523E-08  9.487E-09  5.733E-09  3.352E-09  1.890E-09  1.024E-09  5.311E-10  2.625E-10  1.229E-10  5.425E-11  2.240E-11  8.587E-12  3.027E-12  9.703E-13  2.793E-13  7.108E-14  1.570E-14  2.946E-15  4.568E-16  5.666E-17  5.400E-18  3.760E-19  1.797E-20  5.439E-22  9.423E-24  8.205E-26  3.036E-28  3.851E-31  1.276E-34  7.940E-39  6.446E-44  0.000E+00  0.000E+00  0.000E+00  0.000E+00
  297.0000  5.848E-07  4.387E-07  3.239E-07  2.351E-07  1.675E-07  1.170E-07  7.998E-08  5.342E-08  3.479E-08  2.205E-08  1.356E-08  8.070E-09  4.633E-09  2.557E-09  1.351E-09  6.799E-10  3.243E-10  1.456E-10  6.116E-11  2.381E-11  8.508E-12  2.758E-12  8.000E-13  2.042E-13  4.496E-14  8.333E-15  1.263E-15  1.507E-16  1.355E-17  8.663E-19  3.664E-20  9.352E-22  1.279E-23  8.048E-26  1.913E-28  1.339E-31  2.026E-35  4.656E-40  1.401E-45  0.000E+00  0.000E+00  0.000E+00
  298.0000  4.060E-06  3.147E-06  2.404E-06  1.810E-06  1.340E-06  9.752E-07  6.962E-07  4.870E-07  3.331E-07  2.224E-07  1.446E-07  9.136E-08  5.591E-08  3.304E-08  1.879E-08  1.024E-08  5.319E-09  2.621E-09  1.217E-09  5.287E-10  2.129E-10  7.870E-11  2.637E-11  7.892E-12  2.073E-12  4.679E-13  8.838E-14  1.353E-14  1.611E-15  1.420E-16  8.689E-18  3.399E-19  7.650E-21  8.644E-23  4.108E-25  6.551E-28  2.642E-31  1.931E-35  1.799E-40  0.000E+00  0.000E+00  0.000E+00
  299.0000  1.093E-05  8.664E-06  6.781E-06  5.234E-06  3.981E-06  2.980E-06  2.193E-06  1.583E-06  1.121E-06  7.758E-07  5.243E-07  3.452E-07  2.208E-07  1.368E-07  8.188E-08  4.713E-08  2.599E-08  1.366E-08  6.800E-09  3.187E-09  1.394E-09  5.644E-10  2.090E-10  6.985E-11  2.074E-11  5.365E-12  1.181E-12  2.147E-13  3.109E-14  3.424E-15  2.705E-16  1.423E-17  4.524E-19  7.672E-21  5.897E-23  1.666E-25  1.327E-28  2.168E-32  5.115E-37  1.215E-42  0.000E+00  0.000E+00
  300.0000  2.979E-05  2.421E-05  1.945E-05  1.544E-05  1.209E-05  9.339E-06  7.103E-06  5.313E-06  3.904E-06  2.812E-06  1.984E-06  1.367E-06  9.179E-07  5.993E-07  3.794E-07  2.320E-07  1.366E-07  7.703E-08  4.142E-08  2.110E-08  1.012E-08  4.527E-09  1.871E-09  7.063E-10  2.400E-10  7.217E-11  1.880E-11  4.131E-12  7.418E-13  1.044E-13  1.094E-14  7.971E-16  3.708E-17  9.835E-19  1.283E-20  6.805E-23  1.147E-25  4.545E-29  2.976E-33  2.155E-38  8.408E-45  0.000E+00
  301.0000  9.233E-05  7.647E-05  6.269E-05  5.082E-05  4.071E-05  3.220E-05  2.512E-05  1.930E-05  1.459E-05  1.084E-05  7.896E-06  5.633E-06  3.927E-06  2.668E-06  1.763E-06  1.129E-06  6.988E-07  4.160E-07  2.372E-07  1.288E-07  6.623E-08  3.199E-08  1.438E-08  5.957E-09  2.244E-09  7.568E-10  2.242E-10  5.696E-11  1.205E-11  2.046E-12  2.658E-13  2.485E-14  1.546E-15  5.772E-17  1.129E-18  9.690E-21  2.899E-23  2.264E-26  3.246E-30  5.551E-35  5.251E-41  0.000E+00
  302.0000  1.781E-04  1.500E-04  1.251E-04  1.033E-04  8.437E-05  6.812E-05  5.431E-05  4.271E-05  3.310E-05  2.524E-05  1.892E-05  1.391E-05  1.001E-05  7.041E-06  4.828E-06  3.219E-06  2.079E-06  1.297E-06  7.782E-07  4.466E-07  2.439E-07  1.258E-07  6.084E-08  2.731E-08  1.124E-08  4.188E-09  1.386E-09  3.992E-10  9.736E-11  1.943E-11  3.041E-12  3.527E-13  2.822E-14  1.416E-15  3.929E-17  5.115E-19  2.514E-21  3.532E-24  9.999E-28  3.615E-32  7.227E-38  0.000E+00
  303.0000  5.812E-04  4.976E-04  4.224E-04  3.554E-04  2.961E-04  2.442E-04  1.991E-04  1.603E-04  1.274E-04  9.981E-05  7.697E-05  5.834E-05  4.340E-05  3.163E-05  2.252E-05  1.564E-05  1.056E-05  6.909E-06  4.365E-06  2.651E-06  1.539E-06  8.495E-07  4.424E-07  2.155E-07  9.720E-08  4.006E-08  1.486E-08  4.862E-09  1.371E-09  3.228E-10  6.109E-11  8.831E-12  9.132E-13  6.196E-14  2.459E-15  4.897E-17  3.997E-19  1.023E-21  5.792E-25  4.481E-29  1.906E-34  0.000E+00
  304.0000  9.067E-04  7.846E-04  6.737E-04  5.737E-04  4.841E-04  4.046E-04  3.346E-04  2.736E-04  2.210E-04  1.761E-04  1.383E-04  1.069E-04  8.123E-05  6.054E-05  4.418E-05  3.149E-05  2.187E-05  1.475E-05  9.634E-06  6.065E-06  3.664E-06  2.111E-06  1.153E-06  5.921E-07  2.830E-07  1.245E-07  4.964E-08  1.763E-08  5.454E-09  1.428E-09  3.052E-10  5.081E-11  6.195E-12  5.101E-13  2.546E-14  6.666E-16  7.540E-18  2.843E-20  2.526E-23  3.225E-27  2.291E-32 -8.408E-45
  305.0000  1.936E-03  1.698E-03  1.479E-03  1.278E-03  1.096E-03  9.316E-04  7.843E-04  6.537E-04  5.388E-04  4.388E-04  3.527E-04  2.795E-04  2.180E-04  1.671E-04  1.257E-04  9.260E-05  6.662E-05  4.670E-05  3.179E-05  2.094E-05  1.329E-05  8.088E-06  4.689E-06  2.571E-06  1.322E-06  6.309E-07  2.757E-07  1.085E-07  3.772E-08  1.128E-08  2.809E-09  5.582E-10  8.366E-11  8.782E-12  5.844E-13  2.155E-14  3.667E-16  2.242E-18  3.488E-21  8.251E-25  1.087E-29 -6.631E-42
  306.0000  2.426E-03  2.147E-03  1.887E-03  1.647E-03  1.427E-03  1.226E-03  1.044E-03  8.811E-04  7.358E-04  6.076E-04  4.957E-04  3.991E-04  3.167E-04  2.473E-04  1.897E-04  1.427E-04  1.051E-04  7.549E-05  5.279E-05  3.581E-05  2.347E-05  1.479E-05  8.909E-06  5.098E-06  2.749E-06  1.382E-06  6.407E-07  2.695E-07  1.010E-07  3.293E-08  9.052E-09  2.017E-09  3.455E-10  4.244E-11  3.404E-12  1.568E-13  3.479E-15  2.917E-17  6.558E-20  2.339E-23  4.705E-28 -4.273E-40
  307.0000  4.225E-03  3.773E-03  3.348E-03  2.953E-03  2.586E-03  2.248E-03  1.938E-03  1.656E-03  1.402E-03  1.175E-03  9.741E-04  7.975E-04  6.442E-04  5.128E-04  4.016E-04  3.090E-04  2.330E-04  1.718E-04  1.236E-04  8.648E-05  5.861E-05  3.832E-05  2.405E-05  1.439E-05  8.154E-06  4.334E-06  2.138E-06  9.645E-07  3.914E-07  1.397E-07  4.260E-08  1.071E-08  2.112E-09  3.062E-10  2.989E-11  1.740E-12  5.107E-14  5.970E-16  1.975E-18  1.082E-21  3.371E-26 -4.566E-38
  308.0000  6.516E-03  5.867E-03  5.254E-03  4.676E-03  4.136E-03  3.633E-03  3.167E-03  2.739E-03  2.349E-03  1.995E-03  1.677E-03  1.394E-03  1.145E-03  9.273E-04  7.401E-04  5.810E-04  4.479E-04  3.383E-04  2.497E-04  1.797E-04  1.256E-04  8.490E-05  5.528E-05  3.446E-05  2.043E-05  1.142E-05  5.962E-06  2.867E-06  1.251E-06  4.847E-07  1.626E-07  4.561E-08  1.023E-08  1.724E-09  2.013E-10  1.451E-11  5.496E-13  8.700E-15  4.099E-17  3.330E-20  1.555E-24 -3.071E-36
  309.0000  7.909E-03  7.155E-03  6.439E-03  5.762E-03  5.125E-03  4.528E-03  3.973E-03  3.460E-03  2.988E-03  2.557E-03  2.167E-03  1.817E-03  1.506E-03  1.233E-03  9.944E-04  7.898E-04  6.165E-04  4.720E-04  3.536E-04  2.585E-04  1.839E-04  1.267E-04  8.427E-05  5.378E-05  3.272E-05  1.883E-05  1.015E-05  5.063E-06  2.302E-06  9.352E-07  3.312E-07  9.896E-08  2.389E-08  4.393E-09  5.685E-10  4.635E-11  2.036E-12  3.848E-14  2.234E-16  2.303E-19  1.390E-23 -3.579E-35
  310.0000  1.026E-02  9.364E-03  8.503E-03  7.681E-03  6.901E-03  6.163E-03  5.469E-03  4.819E-03  4.215E-03  3.657E-03  3.145E-03  2.678E-03  2.257E-03  1.880E-03  1.546E-03  1.254E-03  1.001E-03  7.848E-04  6.035E-04  4.540E-04  3.331E-04  2.376E-04  1.641E-04  1.091E-04  6.952E-05  4.212E-05  2.405E-05  1.280E-05  6.262E-06  2.767E-06  1.079E-06  3.605E-07  9.912E-08  2.125E-08  3.299E-09  3.341E-10  1.902E-11  4.890E-13  4.062E-15  6.235E-18  5.646E-22 -2.108E-33
  311.0000  1.943E-02  1.780E-02  1.622E-02  1.471E-02  1.328E-02  1.191E-02  1.062E-02  9.406E-03  8.272E-03  7.219E-03  6.246E-03  5.355E-03  4.545E-03  3.815E-03  3.163E-03  2.587E-03  2.085E-03  1.652E-03  1.285E-03  9.785E-04  7.276E-04  5.266E-04  3.695E-04  2.502E-04  1.626E-04  1.007E-04  5.892E-05  3.224E-05  1.628E-05  7.456E-06  3.031E-06  1.062E-06  3.090E-07  7.081E-08  1.189E-08  1.324E-09  8.445E-11  2.489E-12  2.433E-14  4.507E-17  5.028E-21 -2.357E-32
  312.0000  2.040E-02  1.878E-02  1.721E-02  1.569E-02  1.424E-02  1.286E-02  1.154E-02  1.030E-02  9.123E-03  8.025E-03  7.003E-03  6.059E-03  5.193E-03  4.405E-03  3.694E-03  3.058E-03  2.497E-03  2.007E-03  1.585E-03  1.228E-03  9.297E-04  6.865E-04  4.925E-04  3.417E-04  2.281E-04  1.456E-04  8.815E-05  5.011E-05  2.642E-05  1.272E-05  5.472E-06  2.049E-06  6.437E-07  1.615E-07  3.022E-08  3.826E-09  2.848E-10  1.010E-11  1.226E-13  2.906E-16  4.210E-20 -2.565E-31
  313.0000  2.667E-02  2.466E-02  2.271E-02  2.083E-02  1.901E-02  1.727E-02  1.560E-02  1.401E-02  1.250E-02  1.108E-02  9.754E-03  8.514E-03  7.366E-03  6.312E-03  5.351E-03  4.483E-03  3.707E-03  3.021E-03  2.422E-03  1.906E-03  1.469E-03  1.106E-03  8.107E-04  5.760E-04  3.948E-04  2.594E-04  1.623E-04  9.573E-05  5.263E-05  2.657E-05  1.208E-05  4.821E-06  1.632E-06  4.469E-07  9.281E-08  1.331E-08  1.151E-09  4.877E-11  7.309E-13  2.198E-15  4.108E-19 -3.238E-30
  314.0000  3.112E-02  2.884E-02  2.662E-02  2.447E-02  2.239E-02  2.038E-02  1.846E-02  1.663E-02  1.489E-02  1.324E-02  1.169E-02  1.025E-02  8.900E-03  7.659E-03  6.523E-03  5.492E-03  4.565E-03  3.742E-03  3.019E-03  2.392E-03  1.858E-03  1.411E-03  1.043E-03  7.486E-04  5.188E-04  3.452E-04  2.190E-04  1.312E-04  7.344E-05  3.784E-05  1.761E-05  7.222E-06  2.524E-06  7.180E-07  1.560E-07  2.363E-08  2.182E-09  1.003E-10  1.657E-12  5.605E-15  1.205E-18 -1.126E-29
  315.0000  3.738E-02  3.481E-02  3.231E-02  2.987E-02  2.750E-02  2.520E-02  2.298E-02  2.086E-02  1.882E-02  1.688E-02  1.503E-02  1.330E-02  1.167E-02  1.015E-02  8.747E-03  7.458E-03  6.285E-03  5.228E-03  4.285E-03  3.456E-03  2.736E-03  2.121E-03  1.605E-03  1.181E-03  8.418E-04  5.780E-04  3.797E-04  2.367E-04  1.386E-04  7.517E-05  3.711E-05  1.630E-05  6.168E-06  1.928E-06  4.684E-07  8.107E-08  8.785E-09  4.885E-10  1.010E-11  4.399E-14  1.234E-17 -1.501E-28
  316.0000  3.125E-02  2.913E-02  2.706E-02  2.504E-02  2.307E-02  2.117E-02  1.933E-02  1.756E-02  1.586E-02  1.424E-02  1.270E-02  1.125E-02  9.890E-03  8.618E-03  7.440E-03  6.356E-03  5.367E-03  4.475E-03  3.677E-03  2.973E-03  2.361E-03  1.836E-03  1.394E-03  1.030E-03  7.376E-04  5.089E-04  3.362E-04  2.109E-04  1.244E-04  6.800E-05  3.389E-05  1.505E-05  5.770E-06  1.832E-06  4.534E-07  8.031E-08  8.958E-09  5.167E-10  1.120E-11  5.197E-14  1.592E-17 -2.208E-28
  317.0000  5.288E-02  4.948E-02  4.614E-02  4.287E-02  3.968E-02  3.658E-02  3.356E-02  3.065E-02  2.785E-02  2.516E-02  2.259E-02  2.015E-02  1.784E-02  1.567E-02  1.364E-02  1.176E-02  1.003E-02  8.451E-03  7.027E-03  5.754E-03  4.632E-03  3.657E-03  2.824E-03  2.126E-03  1.553E-03  1.097E-03  7.432E-04  4.799E-04  2.923E-04  1.659E-04  8.634E-05  4.029E-05  1.638E-05  5.569E-06  1.496E-06  2.922E-07  3.666E-08  2.434E-09  6.233E-11  3.499E-13  1.317E-16 -2.265E-27
  318.0000  4.761E-02  4.458E-02  4.160E-02  3.868E-02  3.583E-02  3.306E-02  3.036E-02  2.775E-02  2.524E-02  2.282E-02  2.052E-02  1.832E-02  1.624E-02  1.429E-02  1.246E-02  1.076E-02  9.191E-03  7.760E-03  6.465E-03  5.307E-03  4.283E-03  3.391E-03  2.626E-03  1.983E-03  1.455E-03  1.031E-03  7.021E-04  4.557E-04  2.793E-04  1.596E-04  8.372E-05  3.944E-05  1.621E-05  5.585E-06  1.525E-06  3.038E-07  3.907E-08  2.678E-09  7.151E-11  4.248E-13  1.733E-16 -3.371E-27
  319.0000  6.124E-02  5.759E-02  5.398E-02  5.043E-02  4.695E-02  4.355E-02  4.022E-02  3.699E-02  3.386E-02  3.083E-02  2.791E-02  2.512E-02  2.246E-02  1.993E-02  1.755E-02  1.531E-02  1.323E-02  1.131E-02  9.544E-03  7.946E-03  6.514E-03  5.246E-03  4.141E-03  3.193E-03  2.397E-03  1.743E-03  1.222E-03  8.194E-04  5.211E-04  3.107E-04  1.710E-04  8.523E-05  3.741E-05  1.393E-05  4.170E-06  9.275E-07  1.361E-07  1.093E-08  3.513E-10  2.576E-12  1.316E-15 -3.205E-26
  320.0000  6.666E-02  6.260E-02  5.860E-02  5.468E-02  5.082E-02  4.706E-02  4.340E-02  3.984E-02  3.639E-02  3.307E-02  2.988E-02  2.682E-02  2.392E-02  2.117E-02  1.858E-02  1.617E-02  1.392E-02  1.185E-02  9.967E-03  8.264E-03  6.743E-03  5.403E-03  4.240E-03  3.249E-03  2.422E-03  1.749E-03  1.215E-03  8.070E-04  5.077E-04  2.990E-04  1.623E-04  7.957E-05  3.428E-05  1.249E-05  3.645E-06  7.872E-07  1.117E-07  8.643E-09  2.677E-10  1.908E-12  9.741E-16 -2.525E-26
  321.0000  7.914E-02  7.464E-02  7.020E-02  6.582E-02  6.150E-02  5.726E-02  5.311E-02  4.906E-02  4.511E-02  4.128E-02  3.758E-02  3.401E-02  3.059E-02  2.733E-02  2.423E-02  2.130E-02  1.855E-02  1.600E-02  1.363E-02  1.147E-02  9.513E-03  7.758E-03  6.209E-03  4.861E-03  3.711E-03  2.751E-03  1.970E-03  1.353E-03  8.841E-04  5.437E-04  3.103E-04  1.612E-04  7.433E-05  2.933E-05  9.411E-06  2.277E-06  3.701E-07  3.368E-08  1.262E-09  1.116E-11  7.146E-15 -2.317E-25
  322.0000  7.888E-02  7.438E-02  6.992E-02  6.553E-02  6.121E-02  5.696E-02  5.281E-02  4.875E-02  4.480E-02  4.098E-02  3.728E-02  3.372E-02  3.031E-02  2.705E-02  2.396E-02  2.105E-02  1.832E-02  1.578E-02  1.343E-02  1.129E-02  9.350E-03  7.615E-03  6.084E-03  4.756E-03  3.624E-03  2.681E-03  1.915E-03  1.312E-03  8.547E-04  5.240E-04  2.979E-04  1.541E-04  7.073E-05  2.776E-05  8.855E-06  2.129E-06  3.439E-07  3.114E-08  1.167E-09  1.042E-11  6.919E-15 -2.448E-25
  323.0000  7.111E-02  6.710E-02  6.313E-02  5.922E-02  5.536E-02  5.157E-02  4.786E-02  4.423E-02  4.070E-02  3.727E-02  3.395E-02  3.075E-02  2.768E-02  2.475E-02  2.196E-02  1.933E-02  1.686E-02  1.455E-02  1.242E-02  1.046E-02  8.691E-03  7.100E-03  5.693E-03  4.467E-03  3.419E-03  2.541E-03  1.825E-03  1.258E-03  8.252E-04  5.099E-04  2.926E-04  1.530E-04  7.111E-05  2.834E-05  9.206E-06  2.263E-06  3.760E-07  3.527E-08  1.382E-09  1.309E-11  9.401E-15 -3.724E-25
  324.0000  9.216E-02  8.726E-02  8.239E-02  7.757E-02  7.281E-02  6.811E-02  6.350E-02  5.896E-02  5.453E-02  5.021E-02  4.600E-02  4.192E-02  3.799E-02  3.421E-02  3.059E-02  2.714E-02  2.388E-02  2.081E-02  1.795E-02  1.530E-02  1.286E-02  1.065E-02  8.670E-03  6.916E-03  5.391E-03  4.090E-03  3.005E-03  2.125E-03  1.436E-03  9.176E-04  5.472E-04  2.993E-04  1.465E-04  6.210E-05  2.171E-05  5.825E-06  1.075E-06  1.144E-07  5.203E-09  5.844E-11  5.049E-14 -2.423E-24
  325.0000  9.378E-02  8.866E-02  8.358E-02  7.856E-02  7.361E-02  6.873E-02  6.394E-02  5.926E-02  5.468E-02  5.022E-02  4.590E-02  4.172E-02  3.769E-02  3.383E-02  3.015E-02  2.666E-02  2.336E-02  2.028E-02  1.741E-02  1.476E-02  1.234E-02  1.016E-02  8.217E-03  6.508E-03  5.032E-03  3.783E-03  2.752E-03  1.925E-03  1.284E-03  8.089E-04  4.745E-04  2.546E-04  1.220E-04  5.038E-05  1.709E-05  4.430E-06  7.854E-07  7.990E-08  3.469E-09  3.745E-11  3.192E-14 -1.605E-24
  326.0000  1.320E-01  1.250E-01  1.181E-01  1.112E-01  1.045E-01  9.778E-02  9.120E-02  8.474E-02  7.842E-02  7.225E-02  6.625E-02  6.043E-02  5.481E-02  4.939E-02  4.421E-02  3.928E-02  3.460E-02  3.019E-02  2.607E-02  2.226E-02  1.875E-02  1.555E-02  1.268E-02  1.014E-02  7.925E-03  6.029E-03  4.444E-03  3.155E-03  2.141E-03  1.374E-03  8.244E-04  4.539E-04  2.241E-04  9.595E-05  3.397E-05  9.268E-06  1.749E-06  1.918E-07  9.118E-09  1.096E-10  1.057E-13 -6.132E-24
  327.0000  1.347E-01  1.278E-01  1.209E-01  1.141E-01  1.073E-01  1.006E-01  9.404E-02  8.757E-02  8.121E-02  7.500E-02  6.894E-02  6.305E-02  5.734E-02  5.184E-02  4.655E-02  4.150E-02  3.670E-02  3.216E-02  2.790E-02  2.393E-02  2.026E-02  1.691E-02  1.388E-02  1.118E-02  8.804E-03  6.757E-03  5.030E-03  3.611E-03  2.482E-03  1.617E-03  9.862E-04  5.537E-04  2.797E-04  1.230E-04  4.499E-05  1.277E-05  2.526E-06  2.937E-07  1.499E-08  1.965E-10  2.103E-13 -1.392E-23
  328.0000  1.252E-01  1.186E-01  1.121E-01  1.056E-01  9.925E-02  9.294E-02  8.672E-02  8.062E-02  7.465E-02  6.881E-02  6.313E-02  5.762E-02  5.230E-02  4.717E-02  4.225E-02  3.756E-02  3.312E-02  2.893E-02  2.501E-02  2.137E-02  1.803E-02  1.498E-02  1.223E-02  9.799E-03  7.672E-03  5.850E-03  4.323E-03  3.078E-03  2.095E-03  1.351E-03  8.138E-04  4.506E-04  2.239E-04  9.667E-05  3.459E-05  9.568E-06  1.839E-06  2.072E-07  1.024E-08  1.310E-10  1.401E-13 -9.768E-24
  329.0000  1.415E-01  1.344E-01  1.273E-01  1.203E-01  1.133E-01  1.064E-01  9.959E-02  9.289E-02  8.630E-02  7.985E-02  7.355E-02  6.741E-02  6.145E-02  5.569E-02  5.015E-02  4.484E-02  3.977E-02  3.497E-02  3.045E-02  2.622E-02  2.230E-02  1.870E-02  1.543E-02  1.250E-02  9.911E-03  7.663E-03  5.752E-03  4.168E-03  2.895E-03  1.909E-03  1.181E-03  6.742E-04  3.473E-04  1.564E-04  5.884E-05  1.729E-05  3.575E-06  4.396E-07  2.414E-08  3.485E-10  4.271E-13 -3.456E-23
  330.0000  1.668E-01  1.585E-01  1.502E-01  1.420E-01  1.338E-01  1.257E-01  1.178E-01  1.099E-01  1.022E-01  9.463E-02  8.723E-02  8.002E-02  7.302E-02  6.625E-02  5.972E-02  5.345E-02  4.748E-02  4.180E-02  3.645E-02  3.144E-02  2.679E-02  2.251E-02  1.862E-02  1.512E-02  1.202E-02  9.319E-03  7.018E-03  5.105E-03  3.561E-03  2.360E-03  1.469E-03  8.442E-04  4.383E-04  1.993E-04  7.589E-05  2.263E-05  4.766E-06  6.002E-07  3.402E-08  5.132E-10  6.703E-13 -5.991E-23
  331.0000  1.394E-01  1.324E-01  1.254E-01  1.184E-01  1.115E-01  1.047E-01  9.797E-02  9.135E-02  8.485E-02  7.848E-02  7.226E-02  6.621E-02  6.033E-02  5.466E-02  4.919E-02  4.396E-02  3.897E-02  3.425E-02  2.980E-02  2.565E-02  2.180E-02  1.827E-02  1.506E-02  1.219E-02  9.655E-03  7.457E-03  5.591E-03  4.046E-03  2.806E-03  1.848E-03  1.141E-03  6.504E-04  3.345E-04  1.504E-04  5.652E-05  1.661E-05  3.441E-06  4.259E-07  2.377E-08  3.559E-10  4.713E-13 -4.471E-23
  332.0000  1.466E-01  1.394E-01  1.322E-01  1.251E-01  1.180E-01  1.110E-01  1.041E-01  9.725E-02  9.052E-02  8.392E-02  7.747E-02  7.116E-02  6.504E-02  5.910E-02  5.337E-02  4.786E-02  4.259E-02  3.759E-02  3.286E-02  2.841E-02  2.428E-02  2.047E-02  1.698E-02  1.384E-02  1.105E-02  8.613E-03  6.522E-03  4.773E-03  3.353E-03  2.241E-03  1.407E-03  8.179E-04  4.303E-04  1.988E-04  7.719E-05  2.359E-05  5.125E-06  6.723E-07  4.026E-08  6.562E-10  9.608E-13 -1.030E-22
  333.0000  1.584E-01  1.508E-01  1.431E-01  1.355E-01  1.279E-01  1.204E-01  1.130E-01  1.057E-01  9.847E-02  9.139E-02  8.445E-02  7.768E-02  7.108E-02  6.468E-02  5.849E-02  5.254E-02  4.684E-02  4.141E-02  3.627E-02  3.144E-02  2.693E-02  2.276E-02  1.895E-02  1.549E-02  1.241E-02  9.713E-03  7.388E-03  5.435E-03  3.840E-03  2.583E-03  1.635E-03  9.591E-04  5.100E-04  2.387E-04  9.410E-05  2.930E-05  6.518E-06  8.809E-07  5.481E-08  9.390E-10  1.471E-12 -1.741E-22
  334.0000  1.406E-01  1.338E-01  1.269E-01  1.201E-01  1.133E-01  1.066E-01  9.995E-02  9.341E-02  8.697E-02  8.064E-02  7.446E-02  6.842E-02  6.254E-02  5.685E-02  5.135E-02  4.607E-02  4.102E-02  3.621E-02  3.167E-02  2.740E-02  2.343E-02  1.976E-02  1.641E-02  1.339E-02  1.070E-02  8.344E-03  6.325E-03  4.636E-03  3.262E-03  2.183E-03  1.375E-03  8.011E-04  4.230E-04  1.963E-04  7.668E-05  2.362E-05  5.195E-06  6.941E-07  4.279E-08  7.323E-10  1.169E-12 -1.471E-22
  335.0000  1.650E-01  1.571E-01  1.492E-01  1.414E-01  1.336E-01  1.259E-01  1.182E-01  1.107E-01  1.032E-01  9.590E-02  8.872E-02  8.170E-02  7.486E-02  6.821E-02  6.178E-02  5.559E-02  4.965E-02  4.398E-02  3.860E-02  3.353E-02  2.880E-02  2.440E-02  2.037E-02  1.672E-02  1.344E-02  1.056E-02  8.073E-03  5.971E-03  4.245E-03  2.876E-03  1.835E-03  1.087E-03  5.847E-04  2.775E-04  1.113E-04  3.541E-05  8.098E-06  1.135E-06  7.423E-08  1.365E-09  2.380E-12 -3.346E-22
  336.0000  1.424E-01  1.356E-01  1.289E-01  1.222E-01  1.155E-01  1.089E-01  1.023E-01  9.585E-02  8.946E-02  8.317E-02  7.701E-02  7.097E-02  6.508E-02  5.936E-02  5.382E-02  4.848E-02  4.334E-02  3.844E-02  3.379E-02  2.940E-02  2.529E-02  2.147E-02  1.796E-02  1.477E-02  1.191E-02  9.379E-03  7.190E-03  5.337E-03  3.809E-03  2.592E-03  1.663E-03  9.910E-04  5.371E-04  2.571E-04  1.043E-04  3.362E-05  7.819E-06  1.120E-06  7.541E-08  1.443E-09  2.663E-12 -4.088E-22
  337.0000  1.357E-01  1.292E-01  1.227E-01  1.163E-01  1.099E-01  1.036E-01  9.730E-02  9.110E-02  8.499E-02  7.898E-02  7.308E-02  6.732E-02  6.170E-02  5.624E-02  5.096E-02  4.586E-02  4.098E-02  3.631E-02  3.189E-02  2.772E-02  2.381E-02  2.020E-02  1.687E-02  1.385E-02  1.115E-02  8.771E-03  6.712E-03  4.971E-03  3.539E-03  2.402E-03  1.537E-03  9.125E-04  4.926E-04  2.348E-04  9.476E-05  3.040E-05  7.035E-06  1.004E-06  6.751E-08  1.302E-09  2.466E-12 -4.038E-22
  338.0000  1.545E-01  1.472E-01  1.399E-01  1.326E-01  1.254E-01  1.183E-01  1.112E-01  1.042E-01  9.724E-02  9.043E-02  8.375E-02  7.722E-02  7.084E-02  6.464E-02  5.863E-02  5.283E-02  4.727E-02  4.195E-02  3.689E-02  3.212E-02  2.765E-02  2.349E-02  1.967E-02  1.619E-02  1.307E-02  1.031E-02  7.916E-03  5.885E-03  4.209E-03  2.871E-03  1.848E-03  1.105E-03  6.013E-04  2.894E-04  1.182E-04  3.847E-05  9.068E-06  1.325E-06  9.186E-08  1.845E-09  3.704E-12 -6.616E-22
  339.0000  1.669E-01  1.591E-01  1.513E-01  1.436E-01  1.359E-01  1.282E-01  1.207E-01  1.132E-01  1.057E-01  9.844E-02  9.128E-02  8.425E-02  7.739E-02  7.071E-02  6.424E-02  5.798E-02  5.196E-02  4.619E-02  4.071E-02  3.552E-02  3.065E-02  2.611E-02  2.193E-02  1.811E-02  1.467E-02  1.162E-02  8.960E-03  6.695E-03  4.816E-03  3.307E-03  2.145E-03  1.294E-03  7.117E-04  3.469E-04  1.438E-04  4.770E-05  1.150E-05  1.730E-06  1.245E-07  2.623E-09  5.611E-12 -1.097E-21
  340.0000  1.894E-01  1.806E-01  1.718E-01  1.630E-01  1.543E-01  1.456E-01  1.370E-01  1.285E-01  1.200E-01  1.118E-01  1.036E-01  9.566E-02  8.788E-02  8.030E-02  7.295E-02  6.584E-02  5.901E-02  5.247E-02  4.624E-02  4.035E-02  3.482E-02  2.967E-02  2.492E-02  2.058E-02  1.667E-02  1.321E-02  1.019E-02  7.617E-03  5.481E-03  3.766E-03  2.443E-03  1.475E-03  8.121E-04  3.964E-04  1.647E-04  5.476E-05  1.326E-05  2.008E-06  1.462E-07  3.143E-09  6.980E-12 -1.465E-21
  341.0000  1.688E-01  1.610E-01  1.532E-01  1.454E-01  1.377E-01  1.300E-01  1.223E-01  1.148E-01  1.073E-01  9.999E-02  9.277E-02  8.570E-02  7.878E-02  7.204E-02  6.550E-02  5.918E-02  5.309E-02  4.725E-02  4.169E-02  3.643E-02  3.148E-02  2.686E-02  2.260E-02  1.870E-02  1.518E-02  1.206E-02  9.324E-03  6.990E-03  5.047E-03  3.481E-03  2.269E-03  1.377E-03  7.629E-04  3.752E-04  1.573E-04  5.291E-05  1.301E-05  2.007E-06  1.498E-07  3.337E-09  7.803E-12 -1.775E-21
  342.0000  1.747E-01  1.667E-01  1.587E-01  1.507E-01  1.428E-01  1.348E-01  1.270E-01  1.192E-01  1.116E-01  1.040E-01  9.656E-02  8.926E-02  8.212E-02  7.516E-02  6.840E-02  6.185E-02  5.555E-02  4.950E-02  4.373E-02  3.826E-02  3.311E-02  2.831E-02  2.385E-02  1.978E-02  1.609E-02  1.281E-02  9.937E-03  7.473E-03  5.416E-03  3.751E-03  2.456E-03  1.499E-03  8.364E-04  4.147E-04  1.756E-04  5.980E-05  1.493E-05  2.350E-06  1.802E-07  4.162E-09  1.025E-11 -2.527E-21
  343.0000  1.856E-01  1.771E-01  1.686E-01  1.602E-01  1.518E-01  1.434E-01  1.351E-01  1.269E-01  1.187E-01  1.107E-01  1.028E-01  9.509E-02  8.752E-02  8.014E-02  7.296E-02  6.601E-02  5.931E-02  5.289E-02  4.675E-02  4.093E-02  3.545E-02  3.033E-02  2.558E-02  2.123E-02  1.730E-02  1.379E-02  1.071E-02  8.067E-03  5.857E-03  4.065E-03  2.669E-03  1.634E-03  9.148E-04  4.556E-04  1.940E-04  6.654E-05  1.677E-05  2.673E-06  2.087E-07  4.953E-09  1.274E-11 -3.376E-21
  344.0000  1.516E-01  1.447E-01  1.377E-01  1.308E-01  1.240E-01  1.171E-01  1.103E-01  1.036E-01  9.698E-02  9.043E-02  8.398E-02  7.766E-02  7.148E-02  6.545E-02  5.958E-02  5.391E-02  4.844E-02  4.319E-02  3.818E-02  3.343E-02  2.895E-02  2.476E-02  2.089E-02  1.734E-02  1.412E-02  1.126E-02  8.744E-03  6.587E-03  4.783E-03  3.320E-03  2.180E-03  1.335E-03  7.478E-04  3.727E-04  1.589E-04  5.458E-05  1.380E-05  2.211E-06  1.743E-07  4.211E-09  1.121E-11 -3.175E-21
  345.0000  1.718E-01  1.640E-01  1.562E-01  1.485E-01  1.407E-01  1.330E-01  1.254E-01  1.178E-01  1.104E-01  1.030E-01  9.571E-02  8.858E-02  8.159E-02  7.477E-02  6.814E-02  6.172E-02  5.552E-02  4.956E-02  4.387E-02  3.847E-02  3.337E-02  2.859E-02  2.417E-02  2.010E-02  1.641E-02  1.312E-02  1.022E-02  7.724E-03  5.630E-03  3.926E-03  2.591E-03  1.597E-03  9.006E-04  4.527E-04  1.950E-04  6.786E-05  1.743E-05  2.853E-06  2.311E-07  5.790E-09  1.622E-11 -4.968E-21
  346.0000  1.764E-01  1.684E-01  1.604E-01  1.525E-01  1.446E-01  1.367E-01  1.288E-01  1.211E-01  1.134E-01  1.058E-01  9.838E-02  9.106E-02  8.390E-02  7.690E-02  7.009E-02  6.350E-02  5.713E-02  5.101E-02  4.517E-02  3.962E-02  3.438E-02  2.947E-02  2.492E-02  2.073E-02  1.694E-02  1.354E-02  1.056E-02  7.987E-03  5.827E-03  4.067E-03  2.688E-03  1.658E-03  9.372E-04  4.722E-04  2.040E-04  7.129E-05  1.842E-05  3.040E-06  2.495E-07  6.387E-09  1.857E-11 -6.087E-21
  347.0000  1.919E-01  1.833E-01  1.747E-01  1.660E-01  1.575E-01  1.489E-01  1.404E-01  1.320E-01  1.237E-01  1.155E-01  1.074E-01  9.947E-02  9.169E-02  8.409E-02  7.670E-02  6.952E-02  6.260E-02  5.594E-02  4.957E-02  4.351E-02  3.780E-02  3.244E-02  2.746E-02  2.288E-02  1.872E-02  1.499E-02  1.171E-02  8.876E-03  6.491E-03  4.543E-03  3.012E-03  1.866E-03  1.059E-03  5.367E-04  2.335E-04  8.230E-05  2.150E-05  3.601E-06  3.016E-07  7.947E-09  2.415E-11 -8.499E-21
  348.0000  1.691E-01  1.615E-01  1.539E-01  1.464E-01  1.389E-01  1.314E-01  1.239E-01  1.166E-01  1.093E-01  1.020E-01  9.494E-02  8.796E-02  8.112E-02  7.444E-02  6.793E-02  6.162E-02  5.551E-02  4.964E-02  4.403E-02  3.868E-02  3.363E-02  2.889E-02  2.449E-02  2.043E-02  1.674E-02  1.343E-02  1.051E-02  7.981E-03  5.850E-03  4.106E-03  2.731E-03  1.698E-03  9.682E-04  4.932E-04  2.160E-04  7.677E-05  2.027E-05  3.445E-06  2.942E-07  7.975E-09  2.530E-11 -9.550E-21
  349.0000  1.754E-01  1.676E-01  1.598E-01  1.520E-01  1.442E-01  1.365E-01  1.288E-01  1.212E-01  1.136E-01  1.061E-01  9.880E-02  9.157E-02  8.449E-02  7.757E-02  7.082E-02  6.428E-02  5.795E-02  5.186E-02  4.602E-02  4.047E-02  3.521E-02  3.028E-02  2.569E-02  2.146E-02  1.761E-02  1.414E-02  1.109E-02  8.437E-03  6.198E-03  4.361E-03  2.909E-03  1.815E-03  1.039E-03  5.320E-04  2.344E-04  8.398E-05  2.240E-05  3.858E-06  3.357E-07  9.352E-09  3.093E-11 -1.251E-20
  350.0000  2.046E-01  1.955E-01  1.864E-01  1.774E-01  1.683E-01  1.593E-01  1.504E-01  1.415E-01  1.327E-01  1.241E-01  1.155E-01  1.071E-01  9.885E-02  9.078E-02  8.292E-02  7.529E-02  6.791E-02  6.080E-02  5.399E-02  4.750E-02  4.136E-02  3.559E-02  3.022E-02  2.527E-02  2.075E-02  1.669E-02  1.310E-02  9.982E-03  7.345E-03  5.178E-03  3.462E-03  2.165E-03  1.244E-03  6.394E-04  2.831E-04  1.021E-04  2.746E-05  4.783E-06  4.230E-07  1.207E-08  4.151E-11 -1.793E-20
------------------------------------------------------------
