Spectral Irradiance, W m-2 nm-1
values at z =      3.216 km
Columns: wavelength (nm), solar zenith angles (deg.)
    wc, nm     49.000     50.000     51.000     52.000     53.000     54.000     55.000     56.000     57.000     58.000     59.000     60.000     61.000     62.000     63.000     64.000     65.000     66.000     67.000     68.000     69.000     70.000     71.000     72.000     73.000     74.000     75.000     76.000     77.000     78.000     79.000     80.000     81.000     82.000     83.000     84.000     85.000     86.000     87.000     88.000     89.000     90.000
  280.0000  0.000E+00  0.000E+00  0.000E+00  0.000E+00  0.000E+00  0.000E+00  0.000E+00  0.000E+00  0.000E+00  0.000E+00  0.000E+00  0.000E+00  0.000E+00  0.000E+00  0.000E+00  0.000E+00  0.000E+00  0.000E+00  0.000E+00  0.000E+00  0.000E+00  0.000E+00  0.000E+00  0.000E+00  0.000E+00  0.000E+00  0.000E+00  0.000E+00  0.000E+00  0.000E+00  0.000E+00  0.000E+00  0.000E+00  0.000E+00  0.000E+00  0.000E+00  0.000E+00  0.000E+00  0.000E+00  0.000E+00  0.000E+00  0.000E+00
  281.0000  0.000E+00  0.000E+00  0.000E+00  0.000E+00  0.000E+00  0.000E+00  0.000E+00  0.000E+00  0.000E+00  0.000E+00  0.000E+00  0.000E+00  0.000E+00  0.000E+00  0.000E+00  0.000E+00  0.000E+00  0.000E+00  0.000E+00  0.000E+00  0.000E+00  0.000E+00  0.000E+00  0.000E+00  0.000E+00  0.000E+00  0.000E+00  0.000E+00  0.000E+00  0.000E+00  0.000E+00  0.000E+00  0.000E+00  0.000E+00  0.000E+00  0.000E+00  0.000E+00  0.000E+00  0.000E+00  0.000E+00  0.000E+00  0.000E+00
  282.0000  0.000E+00  0.000E+00  0.000E+00  0.000E+00  0.000E+00  0.000E+00  0.000E+00  0.000E+00  0.000E+00  0.000E+00  0.000E+00  0.000E+00  0.000E+00  0.000E+00  0.000E+00  0.000E+00  0.000E+00  0.000E+00  0.000E+00  0.000E+00  0.000E+00  0.000E+00  0.000E+00  0.000E+00  0.000E+00  0.000E+00  0.000E+00  0.000E+00  0.000E+00  0.000E+00  0.000E+00  0.000E+00  0.000E+00  0.000E+00  0.000E+00  0.000E+00  0.000E+00  0.000E+00  0.000E+00  0.000E+00  0.000E+00  0.000E+00
  283.0000  0.000E+00  0.000E+00  0.000E+00  0.000E+00  0.000E+00  0.000E+00  0.000E+00  0.000E+00  0.000E+00  0.000E+00  0.000E+00  0.000E+00  0.000E+00  0.000E+00  0.000E+00  0.000E+00  0.000E+00  0.000E+00  0.000E+00  0.000E+00  0.000E+00  0.000E+00  0.000E+00  0.000E+00  0.000E+00  0.000E+00  0.000E+00  0.000E+00  0.000E+00  0.000E+00  0.000E+00  0.000E+00  0.000E+00  0.000E+00  0.000E+00  0.000E+00  0.000E+00  0.000E+00  0.000E+00  0.000E+00  0.000E+00  0.000E+00
  284.0000  0.000E+00  0.000E+00  0.000E+00  0.000E+00  0.000E+00  0.000E+00  0.000E+00  0.000E+00  0.000E+00  0.000E+00  0.000E+00  0.000E+00  0.000E+00  0.000E+00  0.000E+00  0.000E+00  0.000E+00  0.000E+00  0.000E+00  0.000E+00  0.000E+00  0.000E+00  0.000E+00  0.000E+00  0.000E+00  0.000E+00  0.000E+00  0.000E+00  0.000E+00  0.000E+00  0.000E+00  0.000E+00  0.000E+00  0.000E+00  0.000E+00  0.000E+00  0.000E+00  0.000E+00  0.000E+00  0.000E+00  0.000E+00  0.000E+00
  285.0000  0.000E+00  0.000E+00  0.000E+00  0.000E+00  0.000E+00  0.000E+00  0.000E+00  0.000E+00  0.000E+00  0.000E+00  0.000E+00  0.000E+00  0.000E+00  0.000E+00  0.000E+00  0.000E+00  0.000E+00  0.000E+00  0.000E+00  0.000E+00  0.000E+00  0.000E+00  0.000E+00  0.000E+00  0.000E+00  0.000E+00  0.000E+00  0.000E+00  0.000E+00  0.000E+00  0.000E+00  0.000E+00  0.000E+00  0.000E+00  0.000E+00  0.000E+00  0.000E+00  0.000E+00  0.000E+00  0.000E+00  0.000E+00  0.000E+00
  286.0000  0.000E+00  0.000E+00  0.000E+00  0.000E+00  0.000E+00  0.000E+00  0.000E+00  0.000E+00  0.000E+00  0.000E+00  0.000E+00  0.000E+00  0.000E+00  0.000E+00  0.000E+00  0.000E+00  0.000E+00  0.000E+00  0.000E+00  0.000E+00  0.000E+00  0.000E+00  0.000E+00  0.000E+00  0.000E+00  0.000E+00  0.000E+00  0.000E+00  0.000E+00  0.000E+00  0.000E+00  0.000E+00  0.000E+00  0.000E+00  0.000E+00  0.000E+00  0.000E+00  0.000E+00  0.000E+00  0.000E+00  0.000E+00  0.000E+00
  287.0000  0.000E+00  0.000E+00  0.000E+00  0.000E+00  0.000E+00  0.000E+00  0.000E+00  0.000E+00  0.000E+00  0.000E+00  0.000E+00  0.000E+00  0.000E+00  0.000E+00  0.000E+00  0.000E+00  0.000E+00  0.000E+00  0.000E+00  0.000E+00  0.000E+00  0.000E+00  0.000E+00  0.000E+00  0.000E+00  0.000E+00  0.000E+00  0.000E+00  0.000E+00  0.000E+00  0.000E+00  0.000E+00  0.000E+00  0.000E+00  0.000E+00  0.000E+00  0.000E+00  0.000E+00  0.000E+00  0.000E+00  0.000E+00  0.000E+00
  288.0000  0.000E+00  0.000E+00  0.000E+00  0.000E+00  0.000E+00  0.000E+00  0.000E+00  0.000E+00  0.000E+00  0.000E+00  0.000E+00  0.000E+00  0.000E+00  0.000E+00  0.000E+00  0.000E+00  0.000E+00  0.000E+00  0.000E+00  0.000E+00  0.000E+00  0.000E+00  0.000E+00  0.000E+00  0.000E+00  0.000E+00  0.000E+00  0.000E+00  0.000E+00  0.000E+00  0.000E+00  0.000E+00  0.000E+00  0.000E+00  0.000E+00  0.000E+00  0.000E+00  0.000E+00  0.000E+00  0.000E+00  0.000E+00  0.000E+00
  289.0000  0.000E+00  0.000E+00  0.000E+00  0.000E+00  0.000E+00  0.000E+00  0.000E+00  0.000E+00  0.000E+00  0.000E+00  0.000E+00  0.000E+00  0.000E+00  0.000E+00  0.000E+00  0.000E+00  0.000E+00  0.000E+00  0.000E+00  0.000E+00  0.000E+00  0.000E+00  0.000E+00  0.000E+00  0.000E+00  0.000E+00  0.000E+00  0.000E+00  0.000E+00  0.000E+00  0.000E+00  0.000E+00  0.000E+00  0.000E+00  0.000E+00  0.000E+00  0.000E+00  0.000E+00  0.000E+00  0.000E+00  0.000E+00  0.000E+00
  290.0000  0.000E+00  0.000E+00  0.000E+00  0.000E+00  0.000E+00  0.000E+00  0.000E+00  0.000E+00  0.000E+00  0.000E+00  0.000E+00  0.000E+00  0.000E+00  0.000E+00  0.000E+00  0.000E+00  0.000E+00  0.000E+00  0.000E+00  0.000E+00  0.000E+00  0.000E+00  0.000E+00  0.000E+00  0.000E+00  0.000E+00  0.000E+00  0.000E+00  0.000E+00  0.000E+00  0.000E+00  0.000E+00  0.000E+00  0.000E+00  0.000E+00  0.000E+00  0.000E+00  0.000E+00  0.000E+00  0.000E+00  0.000E+00  0.000E+00
  291.0000  0.000E+00  0.000E+00  0.000E+00  0.000E+00  0.000E+00  0.000E+00  0.000E+00  0.000E+00  0.000E+00  0.000E+00  0.000E+00  0.000E+00  0.000E+00  0.000E+00  0.000E+00  0.000E+00  0.000E+00  0.000E+00  0.000E+00  0.000E+00  0.000E+00  0.000E+00  0.000E+00  0.000E+00  0.000E+00  0.000E+00  0.000E+00  0.000E+00  0.000E+00  0.000E+00  0.000E+00  0.000E+00  0.000E+00  0.000E+00  0.000E+00  0.000E+00  0.000E+00  0.000E+00  0.000E+00  0.000E+00  0.000E+00  0.000E+00
  292.0000  0.000E+00  0.000E+00  0.000E+00  0.000E+00  0.000E+00  0.000E+00  0.000E+00  0.000E+00  0.000E+00  0.000E+00  0.000E+00  0.000E+00  0.000E+00  0.000E+00  0.000E+00  0.000E+00  0.000E+00  0.000E+00  0.000E+00  0.000E+00  0.000E+00  0.000E+00  0.000E+00  0.000E+00  0.000E+00  0.000E+00  0.000E+00  0.000E+00  0.000E+00  0.000E+00  0.000E+00  0.000E+00  0.000E+00  0.000E+00  0.000E+00  0.000E+00  0.000E+00  0.000E+00  0.000E+00  0.000E+00  0.000E+00  0.000E+00
  293.0000  0.000E+00  0.000E+00  0.000E+00  0.000E+00  0.000E+00  0.000E+00  0.000E+00  0.000E+00  0.000E+00  0.000E+00  0.000E+00  0.000E+00  0.000E+00  0.000E+00  0.000E+00  0.000E+00  0.000E+00  0.000E+00  0.000E+00  0.000E+00  0.000E+00  0.000E+00  0.000E+00  0.000E+00  0.000E+00  0.000E+00  0.000E+00  0.000E+00  0.000E+00  0.000E+00  0.000E+00  0.000E+00  0.000E+00  0.000E+00  0.000E+00  0.000E+00  0.000E+00  0.000E+00  0.000E+00  0.000E+00  0.000E+00  0.000E+00
  294.0000  4.050E-08  2.860E-08  1.982E-08  1.345E-08  8.921E-09  5.778E-09  3.646E-09  2.236E-09  1.330E-09  7.653E-10  4.245E-10  2.263E-10  1.155E-10  5.614E-11  2.588E-11  1.125E-11  4.581E-12  1.733E-12  6.043E-13  1.921E-13  5.502E-14  1.400E-14  3.109E-15  5.911E-16  9.388E-17  1.209E-17  1.218E-18  9.185E-20  4.904E-21  1.730E-22  3.697E-24  4.280E-26  2.327E-28  4.950E-31  3.258E-34  4.945E-38  1.211E-42  0.000E+00  0.000E+00  0.000E+00  0.000E+00  0.000E+00
  295.0000  1.924E-07  1.403E-07  1.006E-07  7.072E-08  4.874E-08  3.286E-08  2.164E-08  1.389E-08  8.671E-09  5.252E-09  3.078E-09  1.740E-09  9.453E-10  4.917E-10  2.437E-10  1.145E-10  5.073E-11  2.103E-11  8.096E-12  2.867E-12  9.237E-13  2.674E-13  6.845E-14  1.522E-14  2.877E-15  4.497E-16  5.630E-17  5.421E-18  3.819E-19  1.849E-20  5.680E-22  1.001E-23  8.890E-26  3.365E-28  4.381E-31  1.496E-34  9.625E-39  7.987E-44  0.000E+00  0.000E+00  0.000E+00  0.000E+00
  296.0000  1.407E-06  1.065E-06  7.933E-07  5.815E-07  4.187E-07  2.957E-07  2.045E-07  1.383E-07  9.131E-08  5.869E-08  3.664E-08  2.216E-08  1.295E-08  7.278E-09  3.922E-09  2.017E-09  9.845E-10  4.534E-10  1.957E-10  7.846E-11  2.896E-11  9.727E-12  2.934E-12  7.817E-13  1.805E-13  3.529E-14  5.675E-15  7.244E-16  7.025E-17  4.897E-18  2.287E-19  6.547E-21  1.023E-22  7.526E-25  2.151E-27  1.871E-30  3.659E-34  1.133E-38  3.924E-44  0.000E+00  0.000E+00  0.000E+00
  297.0000  3.110E-06  2.414E-06  1.847E-06  1.393E-06  1.033E-06  7.531E-07  5.387E-07  3.776E-07  2.588E-07  1.732E-07  1.129E-07  7.151E-08  4.389E-08  2.601E-08  1.484E-08  8.113E-09  4.232E-09  2.094E-09  9.765E-10  4.262E-10  1.725E-10  6.414E-11  2.162E-11  6.517E-12  1.725E-12  3.927E-13  7.487E-14  1.158E-14  1.396E-15  1.248E-16  7.751E-18  3.086E-19  7.090E-21  8.201E-23  4.005E-25  6.589E-28  2.752E-31  2.089E-35  2.020E-40  0.000E+00  0.000E+00  0.000E+00
  298.0000  1.704E-05  1.360E-05  1.072E-05  8.333E-06  6.388E-06  4.821E-06  3.579E-06  2.609E-06  1.865E-06  1.305E-06  8.918E-07  5.942E-07  3.851E-07  2.420E-07  1.470E-07  8.597E-08  4.823E-08  2.582E-08  1.312E-08  6.288E-09  2.819E-09  1.172E-09  4.466E-10  1.542E-10  4.744E-11  1.277E-11  2.938E-12  5.617E-13  8.607E-14  1.011E-14  8.604E-16  4.930E-17  1.732E-18  3.299E-20  2.908E-22  9.659E-25  9.309E-28  1.897E-31  5.722E-36  1.745E-41  0.000E+00  0.000E+00
  299.0000  3.896E-05  3.169E-05  2.549E-05  2.025E-05  1.588E-05  1.228E-05  9.353E-06  7.006E-06  5.155E-06  3.720E-06  2.628E-06  1.814E-06  1.221E-06  7.987E-07  5.067E-07  3.106E-07  1.833E-07  1.037E-07  5.592E-08  2.859E-08  1.375E-08  6.178E-09  2.565E-09  9.727E-10  3.323E-10  1.005E-10  2.634E-11  5.832E-12  1.056E-12  1.500E-13  1.587E-14  1.171E-15  5.523E-17  1.488E-18  1.978E-20  1.070E-22  1.845E-25  7.482E-29  4.997E-33  3.646E-38  1.401E-44  0.000E+00
  300.0000  8.867E-05  7.368E-05  6.060E-05  4.931E-05  3.965E-05  3.149E-05  2.466E-05  1.904E-05  1.446E-05  1.080E-05  7.911E-06  5.676E-06  3.982E-06  2.724E-06  1.813E-06  1.170E-06  7.303E-07  4.387E-07  2.526E-07  1.387E-07  7.214E-08  3.529E-08  1.609E-08  6.770E-09  2.595E-09  8.920E-10  2.700E-10  7.027E-11  1.528E-11  2.676E-12  3.602E-13  3.509E-14  2.290E-15  9.037E-17  1.887E-18  1.748E-20  5.715E-23  4.938E-26  7.900E-30  1.499E-34  1.516E-40  0.000E+00
  301.0000  2.396E-04  2.024E-04  1.693E-04  1.403E-04  1.150E-04  9.320E-05  7.460E-05  5.892E-05  4.586E-05  3.514E-05  2.647E-05  1.957E-05  1.417E-05  1.003E-05  6.923E-06  4.649E-06  3.027E-06  1.905E-06  1.153E-06  6.685E-07  3.690E-07  1.927E-07  9.441E-08  4.299E-08  1.799E-08  6.822E-09  2.304E-09  6.787E-10  1.698E-10  3.489E-11  5.644E-12  6.803E-13  5.690E-14  3.007E-15  8.870E-17  1.240E-18  6.622E-21  1.022E-23  3.202E-27  1.271E-31  2.687E-37  0.000E+00
  302.0000  4.109E-04  3.519E-04  2.988E-04  2.515E-04  2.096E-04  1.729E-04  1.410E-04  1.136E-04  9.030E-05  7.076E-05  5.459E-05  4.140E-05  3.081E-05  2.246E-05  1.601E-05  1.112E-05  7.514E-06  4.920E-06  3.110E-06  1.890E-06  1.099E-06  6.069E-07  3.164E-07  1.543E-07  6.968E-08  2.876E-08  1.068E-08  3.501E-09  9.887E-10  2.333E-10  4.425E-11  6.411E-12  6.647E-13  4.522E-14  1.799E-15  3.591E-17  2.933E-19  7.489E-22  4.204E-25  3.179E-29  1.285E-34  0.000E+00
  303.0000  1.188E-03  1.032E-03  8.900E-04  7.610E-04  6.451E-04  5.417E-04  4.503E-04  3.702E-04  3.007E-04  2.411E-04  1.906E-04  1.484E-04  1.136E-04  8.534E-05  6.281E-05  4.519E-05  3.170E-05  2.162E-05  1.428E-05  9.109E-06  5.580E-06  3.266E-06  1.814E-06  9.487E-07  4.630E-07  2.083E-07  8.525E-08  3.117E-08  9.963E-09  2.708E-09  6.040E-10  1.056E-10  1.364E-11  1.200E-12  6.482E-14  1.862E-15  2.346E-17  1.001E-19  1.018E-22  1.482E-26  1.152E-31 -4.064E-44
  304.0000  1.718E-03  1.506E-03  1.311E-03  1.133E-03  9.706E-04  8.245E-04  6.937E-04  5.778E-04  4.759E-04  3.873E-04  3.110E-04  2.462E-04  1.919E-04  1.470E-04  1.104E-04  8.125E-05  5.839E-05  4.087E-05  2.779E-05  1.827E-05  1.158E-05  7.031E-06  4.067E-06  2.225E-06  1.141E-06  5.429E-07  2.364E-07  9.273E-08  3.209E-08  9.550E-09  2.364E-09  4.665E-10  6.935E-11  7.207E-12  4.737E-13  1.720E-14  2.868E-16  1.708E-18  2.561E-21  5.749E-25  6.996E-30 -3.764E-42
  305.0000  3.330E-03  2.953E-03  2.602E-03  2.278E-03  1.978E-03  1.705E-03  1.457E-03  1.233E-03  1.034E-03  8.567E-04  7.018E-04  5.674E-04  4.523E-04  3.549E-04  2.737E-04  2.071E-04  1.534E-04  1.109E-04  7.815E-05  5.343E-05  3.531E-05  2.246E-05  1.367E-05  7.914E-06  4.321E-06  2.204E-06  1.037E-06  4.442E-07  1.698E-07  5.663E-08  1.598E-08  3.667E-09  6.504E-10  8.320E-11  6.994E-12  3.404E-13  8.053E-15  7.258E-17  1.761E-19  6.728E-23  1.400E-27 -1.216E-39
  306.0000  3.926E-03  3.507E-03  3.115E-03  2.749E-03  2.409E-03  2.096E-03  1.808E-03  1.547E-03  1.311E-03  1.100E-03  9.126E-04  7.480E-04  6.050E-04  4.822E-04  3.782E-04  2.914E-04  2.201E-04  1.626E-04  1.172E-04  8.217E-05  5.582E-05  3.659E-05  2.302E-05  1.382E-05  7.856E-06  4.191E-06  2.076E-06  9.409E-07  3.837E-07  1.377E-07  4.229E-08  1.071E-08  2.130E-09  3.119E-10  3.077E-11  1.813E-12  5.389E-14  6.375E-16  2.126E-18  1.160E-21  3.500E-26 -4.345E-38
  307.0000  6.408E-03  5.770E-03  5.167E-03  4.600E-03  4.069E-03  3.575E-03  3.117E-03  2.696E-03  2.312E-03  1.964E-03  1.652E-03  1.373E-03  1.128E-03  9.141E-04  7.297E-04  5.731E-04  4.419E-04  3.339E-04  2.466E-04  1.775E-04  1.241E-04  8.393E-05  5.468E-05  3.411E-05  2.023E-05  1.132E-05  5.912E-06  2.846E-06  1.242E-06  4.818E-07  1.618E-07  4.542E-08  1.019E-08  1.720E-09  2.009E-10  1.447E-11  5.470E-13  8.613E-15  4.009E-17  3.174E-20  1.405E-24 -2.496E-36
  308.0000  9.318E-03  8.451E-03  7.626E-03  6.843E-03  6.104E-03  5.411E-03  4.763E-03  4.163E-03  3.608E-03  3.101E-03  2.639E-03  2.223E-03  1.852E-03  1.523E-03  1.236E-03  9.877E-04  7.761E-04  5.984E-04  4.518E-04  3.331E-04  2.391E-04  1.665E-04  1.119E-04  7.231E-05  4.459E-05  2.605E-05  1.428E-05  7.260E-06  3.372E-06  1.404E-06  5.113E-07  1.577E-07  3.952E-08  7.591E-09  1.034E-09  8.946E-11  4.212E-12  8.610E-14  5.438E-16  6.061E-19  3.827E-23 -9.550E-35
  309.0000  1.095E-02  9.970E-03  9.036E-03  8.146E-03  7.302E-03  6.506E-03  5.759E-03  5.061E-03  4.415E-03  3.819E-03  3.273E-03  2.778E-03  2.333E-03  1.936E-03  1.585E-03  1.279E-03  1.016E-03  7.928E-04  6.062E-04  4.531E-04  3.302E-04  2.337E-04  1.601E-04  1.055E-04  6.653E-05  3.985E-05  2.246E-05  1.178E-05  5.672E-06  2.460E-06  9.388E-07  3.058E-07  8.165E-08  1.691E-08  2.517E-09  2.423E-10  1.297E-11  3.093E-13  2.344E-15  3.222E-18  2.559E-22 -8.147E-34
  310.0000  1.338E-02  1.228E-02  1.121E-02  1.019E-02  9.212E-03  8.283E-03  7.403E-03  6.574E-03  5.797E-03  5.073E-03  4.403E-03  3.787E-03  3.225E-03  2.717E-03  2.262E-03  1.858E-03  1.504E-03  1.198E-03  9.370E-04  7.178E-04  5.372E-04  3.915E-04  2.769E-04  1.891E-04  1.240E-04  7.764E-05  4.598E-05  2.550E-05  1.307E-05  6.090E-06  2.524E-06  9.050E-07  2.702E-07  6.381E-08  1.111E-08  1.288E-09  8.615E-11  2.677E-12  2.764E-14  5.365E-17  6.082E-21 -2.705E-32
  311.0000  2.473E-02  2.276E-02  2.086E-02  1.902E-02  1.726E-02  1.558E-02  1.398E-02  1.247E-02  1.105E-02  9.720E-03  8.481E-03  7.337E-03  6.287E-03  5.332E-03  4.470E-03  3.701E-03  3.021E-03  2.427E-03  1.917E-03  1.484E-03  1.123E-03  8.292E-04  5.946E-04  4.124E-04  2.752E-04  1.755E-04  1.062E-04  6.032E-05  3.178E-05  1.528E-05  6.564E-06  2.453E-06  7.690E-07  1.924E-07  3.585E-08  4.515E-09  3.334E-10  1.168E-11  1.391E-13  3.189E-16  4.363E-20 -2.397E-31
  312.0000  2.509E-02  2.319E-02  2.135E-02  1.956E-02  1.784E-02  1.619E-02  1.462E-02  1.312E-02  1.170E-02  1.036E-02  9.105E-03  7.939E-03  6.860E-03  5.871E-03  4.970E-03  4.158E-03  3.432E-03  2.792E-03  2.234E-03  1.755E-03  1.350E-03  1.014E-03  7.407E-04  5.247E-04  3.584E-04  2.346E-04  1.461E-04  8.579E-05  4.691E-05  2.353E-05  1.062E-05  4.201E-06  1.407E-06  3.807E-07  7.788E-08  1.096E-08  9.253E-10  3.804E-11  5.473E-13  1.557E-15  2.689E-19 -1.879E-30
  313.0000  3.173E-02  2.945E-02  2.722E-02  2.506E-02  2.297E-02  2.096E-02  1.902E-02  1.717E-02  1.541E-02  1.374E-02  1.216E-02  1.068E-02  9.308E-03  8.035E-03  6.866E-03  5.802E-03  4.843E-03  3.986E-03  3.231E-03  2.573E-03  2.010E-03  1.535E-03  1.142E-03  8.258E-04  5.770E-04  3.874E-04  2.482E-04  1.504E-04  8.526E-05  4.457E-05  2.109E-05  8.814E-06  3.148E-06  9.188E-07  2.056E-07  3.224E-08  3.097E-09  1.486E-10  2.569E-12  9.011E-15  1.952E-18 -1.727E-29
  314.0000  3.657E-02  3.400E-02  3.149E-02  2.905E-02  2.669E-02  2.440E-02  2.220E-02  2.009E-02  1.807E-02  1.616E-02  1.435E-02  1.265E-02  1.106E-02  9.581E-03  8.221E-03  6.977E-03  5.850E-03  4.840E-03  3.945E-03  3.161E-03  2.485E-03  1.911E-03  1.434E-03  1.046E-03  7.378E-04  5.007E-04  3.247E-04  1.995E-04  1.149E-04  6.114E-05  2.953E-05  1.264E-05  4.644E-06  1.401E-06  3.263E-07  5.368E-08  5.468E-09  2.819E-10  5.318E-12  2.075E-14  5.114E-18 -5.322E-29
  315.0000  4.238E-02  3.957E-02  3.683E-02  3.414E-02  3.153E-02  2.899E-02  2.653E-02  2.416E-02  2.188E-02  1.970E-02  1.763E-02  1.567E-02  1.382E-02  1.208E-02  1.047E-02  8.986E-03  7.623E-03  6.387E-03  5.278E-03  4.293E-03  3.430E-03  2.686E-03  2.056E-03  1.532E-03  1.107E-03  7.721E-04  5.161E-04  3.281E-04  1.964E-04  1.092E-04  5.550E-05  2.520E-05  9.916E-06  3.244E-06  8.320E-07  1.536E-07  1.796E-08  1.092E-09  2.503E-11  1.219E-13  3.805E-17 -5.034E-28
  316.0000  3.531E-02  3.300E-02  3.073E-02  2.851E-02  2.635E-02  2.425E-02  2.222E-02  2.025E-02  1.836E-02  1.656E-02  1.483E-02  1.320E-02  1.166E-02  1.021E-02  8.864E-03  7.618E-03  6.476E-03  5.437E-03  4.502E-03  3.671E-03  2.942E-03  2.310E-03  1.774E-03  1.327E-03  9.629E-04  6.744E-04  4.531E-04  2.897E-04  1.745E-04  9.777E-05  5.011E-05  2.298E-05  9.154E-06  3.038E-06  7.927E-07  1.495E-07  1.795E-08  1.130E-09  2.707E-11  1.399E-13  4.755E-17 -7.152E-28
  317.0000  5.825E-02  5.461E-02  5.103E-02  4.752E-02  4.409E-02  4.074E-02  3.748E-02  3.432E-02  3.128E-02  2.834E-02  2.554E-02  2.286E-02  2.032E-02  1.792E-02  1.567E-02  1.357E-02  1.164E-02  9.861E-03  8.249E-03  6.800E-03  5.514E-03  4.388E-03  3.418E-03  2.598E-03  1.919E-03  1.371E-03  9.413E-04  6.170E-04  3.823E-04  2.212E-04  1.177E-04  5.636E-05  2.361E-05  8.315E-06  2.329E-06  4.779E-07  6.357E-08  4.524E-09  1.254E-10  7.668E-13  3.135E-16 -5.755E-27
  318.0000  5.231E-02  4.907E-02  4.588E-02  4.276E-02  3.970E-02  3.671E-02  3.380E-02  3.098E-02  2.826E-02  2.563E-02  2.312E-02  2.072E-02  1.844E-02  1.628E-02  1.426E-02  1.237E-02  1.062E-02  9.017E-03  7.557E-03  6.243E-03  5.074E-03  4.048E-03  3.162E-03  2.410E-03  1.786E-03  1.281E-03  8.835E-04  5.819E-04  3.626E-04  2.112E-04  1.132E-04  5.466E-05  2.313E-05  8.248E-06  2.345E-06  4.902E-07  6.675E-08  4.895E-09  1.412E-10  9.114E-13  4.028E-16 -8.341E-27
  319.0000  6.536E-02  6.154E-02  5.776E-02  5.405E-02  5.040E-02  4.682E-02  4.332E-02  3.992E-02  3.661E-02  3.340E-02  3.031E-02  2.735E-02  2.451E-02  2.181E-02  1.926E-02  1.686E-02  1.462E-02  1.254E-02  1.063E-02  8.890E-03  7.323E-03  5.929E-03  4.707E-03  3.654E-03  2.762E-03  2.025E-03  1.432E-03  9.701E-04  6.240E-04  3.769E-04  2.106E-04  1.068E-04  4.783E-05  1.824E-05  5.613E-06  1.291E-06  1.971E-07  1.657E-08  5.620E-10  4.366E-12  2.357E-15 -6.005E-26
  320.0000  7.198E-02  6.770E-02  6.348E-02  5.933E-02  5.525E-02  5.126E-02  4.737E-02  4.358E-02  3.990E-02  3.635E-02  3.293E-02  2.965E-02  2.652E-02  2.355E-02  2.075E-02  1.811E-02  1.566E-02  1.340E-02  1.132E-02  9.433E-03  7.741E-03  6.242E-03  4.933E-03  3.809E-03  2.864E-03  2.087E-03  1.465E-03  9.849E-04  6.280E-04  3.755E-04  2.075E-04  1.038E-04  4.581E-05  1.716E-05  5.176E-06  1.163E-06  1.729E-07  1.413E-08  4.660E-10  3.555E-12  1.937E-15 -5.282E-26
  321.0000  8.291E-02  7.828E-02  7.369E-02  6.916E-02  6.470E-02  6.031E-02  5.601E-02  5.180E-02  4.770E-02  4.372E-02  3.986E-02  3.614E-02  3.257E-02  2.915E-02  2.590E-02  2.282E-02  1.993E-02  1.723E-02  1.473E-02  1.243E-02  1.035E-02  8.469E-03  6.806E-03  5.354E-03  4.108E-03  3.063E-03  2.207E-03  1.527E-03  1.006E-03  6.245E-04  3.602E-04  1.895E-04  8.863E-05  3.557E-05  1.164E-05  2.885E-06  4.824E-07  4.538E-08  1.767E-09  1.628E-11  1.085E-14 -3.635E-25
  322.0000  8.304E-02  7.838E-02  7.377E-02  6.921E-02  6.473E-02  6.032E-02  5.600E-02  5.177E-02  4.766E-02  4.366E-02  3.979E-02  3.606E-02  3.248E-02  2.905E-02  2.580E-02  2.272E-02  1.983E-02  1.713E-02  1.463E-02  1.234E-02  1.026E-02  8.388E-03  6.733E-03  5.290E-03  4.054E-03  3.018E-03  2.171E-03  1.499E-03  9.856E-04  6.105E-04  3.512E-04  1.842E-04  8.589E-05  3.435E-05  1.120E-05  2.765E-06  4.608E-07  4.329E-08  1.691E-09  1.581E-11  1.097E-14 -4.016E-25
  323.0000  7.459E-02  7.045E-02  6.635E-02  6.231E-02  5.832E-02  5.439E-02  5.054E-02  4.678E-02  4.310E-02  3.953E-02  3.607E-02  3.273E-02  2.952E-02  2.645E-02  2.352E-02  2.075E-02  1.814E-02  1.570E-02  1.344E-02  1.136E-02  9.472E-03  7.769E-03  6.256E-03  4.932E-03  3.795E-03  2.837E-03  2.051E-03  1.424E-03  9.422E-04  5.878E-04  3.410E-04  1.806E-04  8.519E-05  3.454E-05  1.146E-05  2.886E-06  4.936E-07  4.790E-08  1.952E-09  1.929E-11  1.443E-14 -5.904E-25
  324.0000  9.450E-02  8.952E-02  8.457E-02  7.967E-02  7.482E-02  7.004E-02  6.534E-02  6.072E-02  5.620E-02  5.178E-02  4.748E-02  4.332E-02  3.929E-02  3.542E-02  3.171E-02  2.817E-02  2.482E-02  2.166E-02  1.871E-02  1.597E-02  1.346E-02  1.117E-02  9.109E-03  7.285E-03  5.694E-03  4.333E-03  3.195E-03  2.268E-03  1.539E-03  9.885E-04  5.929E-04  3.264E-04  1.611E-04  6.888E-05  2.434E-05  6.616E-06  1.240E-06  1.343E-07  6.235E-09  7.161E-11  6.323E-14 -3.090E-24
  325.0000  9.742E-02  9.217E-02  8.696E-02  8.181E-02  7.673E-02  7.171E-02  6.679E-02  6.196E-02  5.724E-02  5.264E-02  4.817E-02  4.384E-02  3.967E-02  3.567E-02  3.184E-02  2.821E-02  2.477E-02  2.155E-02  1.854E-02  1.576E-02  1.322E-02  1.092E-02  8.858E-03  7.042E-03  5.468E-03  4.131E-03  3.021E-03  2.125E-03  1.427E-03  9.059E-04  5.361E-04  2.906E-04  1.408E-04  5.899E-05  2.035E-05  5.377E-06  9.756E-07  1.020E-07  4.568E-09  5.101E-11  4.491E-14 -2.317E-24
  326.0000  1.354E-01  1.283E-01  1.213E-01  1.143E-01  1.074E-01  1.006E-01  9.394E-02  8.735E-02  8.090E-02  7.460E-02  6.846E-02  6.251E-02  5.675E-02  5.120E-02  4.589E-02  4.081E-02  3.600E-02  3.147E-02  2.722E-02  2.327E-02  1.964E-02  1.633E-02  1.335E-02  1.070E-02  8.385E-03  6.400E-03  4.734E-03  3.374E-03  2.300E-03  1.484E-03  8.957E-04  4.966E-04  2.471E-04  1.068E-04  3.824E-05  1.057E-05  2.026E-06  2.264E-07  1.099E-08  1.352E-10  1.333E-13 -7.878E-24
  327.0000  1.371E-01  1.301E-01  1.231E-01  1.162E-01  1.093E-01  1.026E-01  9.591E-02  8.935E-02  8.291E-02  7.661E-02  7.046E-02  6.448E-02  5.869E-02  5.309E-02  4.772E-02  4.258E-02  3.768E-02  3.305E-02  2.871E-02  2.465E-02  2.090E-02  1.747E-02  1.436E-02  1.158E-02  9.141E-03  7.031E-03  5.246E-03  3.777E-03  2.603E-03  1.702E-03  1.042E-03  5.878E-04  2.985E-04  1.321E-04  4.868E-05  1.393E-05  2.786E-06  3.279E-07  1.698E-08  2.259E-10  2.455E-13 -1.645E-23
  328.0000  1.287E-01  1.220E-01  1.153E-01  1.088E-01  1.022E-01  9.581E-02  8.948E-02  8.325E-02  7.714E-02  7.118E-02  6.536E-02  5.972E-02  5.426E-02  4.899E-02  4.394E-02  3.912E-02  3.454E-02  3.022E-02  2.617E-02  2.241E-02  1.894E-02  1.577E-02  1.291E-02  1.037E-02  8.145E-03  6.231E-03  4.622E-03  3.305E-03  2.260E-03  1.465E-03  8.884E-04  4.955E-04  2.483E-04  1.083E-04  3.920E-05  1.100E-05  2.149E-06  2.469E-07  1.248E-08  1.635E-10  1.791E-13 -1.271E-23
  329.0000  1.433E-01  1.361E-01  1.290E-01  1.219E-01  1.148E-01  1.079E-01  1.010E-01  9.425E-02  8.760E-02  8.108E-02  7.471E-02  6.851E-02  6.249E-02  5.666E-02  5.105E-02  4.567E-02  4.054E-02  3.567E-02  3.108E-02  2.679E-02  2.281E-02  1.914E-02  1.582E-02  1.283E-02  1.018E-02  7.885E-03  5.929E-03  4.305E-03  2.996E-03  1.981E-03  1.229E-03  7.038E-04  3.639E-04  1.646E-04  6.227E-05  1.841E-05  3.836E-06  4.759E-07  2.640E-08  3.854E-10  4.775E-13 -3.900E-23
  330.0000  1.686E-01  1.602E-01  1.519E-01  1.436E-01  1.354E-01  1.273E-01  1.192E-01  1.113E-01  1.035E-01  9.589E-02  8.843E-02  8.116E-02  7.409E-02  6.724E-02  6.065E-02  5.431E-02  4.827E-02  4.253E-02  3.711E-02  3.203E-02  2.732E-02  2.297E-02  1.902E-02  1.546E-02  1.230E-02  9.553E-03  7.205E-03  5.250E-03  3.669E-03  2.437E-03  1.520E-03  8.763E-04  4.565E-04  2.084E-04  7.971E-05  2.390E-05  5.067E-06  6.430E-07  3.677E-08  5.601E-10  7.383E-13 -6.650E-23
  331.0000  1.419E-01  1.348E-01  1.277E-01  1.207E-01  1.137E-01  1.068E-01  9.998E-02  9.327E-02  8.667E-02  8.021E-02  7.390E-02  6.775E-02  6.179E-02  5.602E-02  5.046E-02  4.513E-02  4.005E-02  3.523E-02  3.069E-02  2.645E-02  2.251E-02  1.889E-02  1.560E-02  1.265E-02  1.004E-02  7.767E-03  5.838E-03  4.236E-03  2.947E-03  1.948E-03  1.208E-03  6.917E-04  3.576E-04  1.618E-04  6.129E-05  1.817E-05  3.805E-06  4.771E-07  2.702E-08  4.109E-10  5.524E-13 -5.303E-23
  332.0000  1.479E-01  1.407E-01  1.335E-01  1.263E-01  1.192E-01  1.121E-01  1.051E-01  9.826E-02  9.149E-02  8.484E-02  7.834E-02  7.199E-02  6.581E-02  5.983E-02  5.405E-02  4.849E-02  4.318E-02  3.812E-02  3.334E-02  2.885E-02  2.467E-02  2.081E-02  1.728E-02  1.410E-02  1.127E-02  8.790E-03  6.664E-03  4.884E-03  3.436E-03  2.300E-03  1.448E-03  8.434E-04  4.449E-04  2.062E-04  8.037E-05  2.467E-05  5.389E-06  7.114E-07  4.291E-08  7.049E-10  1.040E-12 -1.122E-22
  333.0000  1.594E-01  1.517E-01  1.440E-01  1.363E-01  1.287E-01  1.212E-01  1.138E-01  1.064E-01  9.917E-02  9.205E-02  8.508E-02  7.827E-02  7.164E-02  6.520E-02  5.898E-02  5.300E-02  4.726E-02  4.180E-02  3.663E-02  3.176E-02  2.722E-02  2.301E-02  1.916E-02  1.568E-02  1.257E-02  9.844E-03  7.494E-03  5.518E-03  3.903E-03  2.629E-03  1.666E-03  9.786E-04  5.214E-04  2.445E-04  9.664E-05  3.018E-05  6.738E-06  9.144E-07  5.716E-08  9.845E-10  1.551E-12 -1.843E-22
  334.0000  1.423E-01  1.353E-01  1.284E-01  1.215E-01  1.147E-01  1.080E-01  1.013E-01  9.466E-02  8.817E-02  8.179E-02  7.554E-02  6.945E-02  6.351E-02  5.776E-02  5.220E-02  4.686E-02  4.174E-02  3.688E-02  3.227E-02  2.795E-02  2.391E-02  2.019E-02  1.678E-02  1.371E-02  1.097E-02  8.566E-03  6.505E-03  4.775E-03  3.367E-03  2.259E-03  1.426E-03  8.335E-04  4.417E-04  2.058E-04  8.079E-05  2.504E-05  5.545E-06  7.468E-07  4.647E-08  8.035E-10  1.296E-12 -1.642E-22
  335.0000  1.657E-01  1.578E-01  1.499E-01  1.421E-01  1.343E-01  1.265E-01  1.188E-01  1.113E-01  1.038E-01  9.643E-02  8.923E-02  8.218E-02  7.531E-02  6.864E-02  6.218E-02  5.596E-02  4.999E-02  4.429E-02  3.889E-02  3.379E-02  2.903E-02  2.461E-02  2.056E-02  1.687E-02  1.358E-02  1.067E-02  8.162E-03  6.041E-03  4.298E-03  2.914E-03  1.862E-03  1.104E-03  5.947E-04  2.827E-04  1.136E-04  3.623E-05  8.308E-06  1.168E-06  7.668E-08  1.416E-09  2.479E-12 -3.496E-22
  336.0000  1.428E-01  1.360E-01  1.293E-01  1.226E-01  1.159E-01  1.093E-01  1.027E-01  9.619E-02  8.979E-02  8.348E-02  7.730E-02  7.125E-02  6.535E-02  5.961E-02  5.405E-02  4.869E-02  4.354E-02  3.863E-02  3.396E-02  2.955E-02  2.542E-02  2.159E-02  1.806E-02  1.486E-02  1.198E-02  9.444E-03  7.243E-03  5.378E-03  3.841E-03  2.616E-03  1.679E-03  1.001E-03  5.432E-04  2.604E-04  1.057E-04  3.414E-05  7.954E-06  1.142E-06  7.707E-08  1.479E-09  2.736E-12 -4.211E-22
  337.0000  1.366E-01  1.301E-01  1.236E-01  1.172E-01  1.107E-01  1.044E-01  9.807E-02  9.184E-02  8.570E-02  7.965E-02  7.373E-02  6.793E-02  6.228E-02  5.678E-02  5.146E-02  4.634E-02  4.141E-02  3.672E-02  3.226E-02  2.805E-02  2.411E-02  2.046E-02  1.710E-02  1.405E-02  1.132E-02  8.912E-03  6.826E-03  5.061E-03  3.608E-03  2.452E-03  1.571E-03  9.347E-04  5.057E-04  2.417E-04  9.781E-05  3.149E-05  7.317E-06  1.049E-06  7.097E-08  1.377E-09  2.624E-12 -4.317E-22
  338.0000  1.552E-01  1.479E-01  1.406E-01  1.333E-01  1.261E-01  1.189E-01  1.118E-01  1.048E-01  9.782E-02  9.099E-02  8.429E-02  7.772E-02  7.132E-02  6.509E-02  5.905E-02  5.323E-02  4.763E-02  4.228E-02  3.720E-02  3.240E-02  2.790E-02  2.371E-02  1.986E-02  1.636E-02  1.321E-02  1.043E-02  8.013E-03  5.962E-03  4.268E-03  2.914E-03  1.877E-03  1.124E-03  6.127E-04  2.955E-04  1.209E-04  3.946E-05  9.329E-06  1.368E-06  9.524E-08  1.922E-09  3.874E-12 -6.944E-22
  339.0000  1.672E-01  1.594E-01  1.516E-01  1.439E-01  1.362E-01  1.285E-01  1.209E-01  1.134E-01  1.060E-01  9.867E-02  9.150E-02  8.446E-02  7.759E-02  7.090E-02  6.441E-02  5.814E-02  5.211E-02  4.633E-02  4.084E-02  3.564E-02  3.075E-02  2.621E-02  2.201E-02  1.818E-02  1.473E-02  1.167E-02  9.002E-03  6.728E-03  4.842E-03  3.326E-03  2.158E-03  1.302E-03  7.168E-04  3.496E-04  1.451E-04  4.816E-05  1.163E-05  1.751E-06  1.262E-07  2.663E-09  5.707E-12 -1.118E-21
  340.0000  1.901E-01  1.812E-01  1.724E-01  1.636E-01  1.548E-01  1.461E-01  1.375E-01  1.290E-01  1.205E-01  1.122E-01  1.041E-01  9.608E-02  8.828E-02  8.068E-02  7.330E-02  6.617E-02  5.932E-02  5.275E-02  4.650E-02  4.059E-02  3.503E-02  2.986E-02  2.508E-02  2.073E-02  1.680E-02  1.331E-02  1.027E-02  7.684E-03  5.533E-03  3.804E-03  2.470E-03  1.492E-03  8.226E-04  4.020E-04  1.672E-04  5.570E-05  1.352E-05  2.052E-06  1.498E-07  3.230E-09  7.196E-12 -1.514E-21
  341.0000  1.691E-01  1.613E-01  1.535E-01  1.457E-01  1.380E-01  1.303E-01  1.227E-01  1.151E-01  1.076E-01  1.003E-01  9.304E-02  8.595E-02  7.902E-02  7.227E-02  6.572E-02  5.938E-02  5.327E-02  4.742E-02  4.185E-02  3.657E-02  3.161E-02  2.698E-02  2.270E-02  1.879E-02  1.526E-02  1.212E-02  9.376E-03  7.032E-03  5.079E-03  3.505E-03  2.285E-03  1.388E-03  7.694E-04  3.787E-04  1.589E-04  5.353E-05  1.317E-05  2.036E-06  1.523E-07  3.399E-09  7.964E-12 -1.815E-21
  342.0000  1.749E-01  1.669E-01  1.588E-01  1.509E-01  1.429E-01  1.350E-01  1.271E-01  1.194E-01  1.117E-01  1.041E-01  9.667E-02  8.936E-02  8.222E-02  7.525E-02  6.849E-02  6.194E-02  5.563E-02  4.957E-02  4.380E-02  3.832E-02  3.317E-02  2.835E-02  2.390E-02  1.982E-02  1.613E-02  1.284E-02  9.959E-03  7.491E-03  5.429E-03  3.761E-03  2.464E-03  1.504E-03  8.393E-04  4.163E-04  1.763E-04  6.008E-05  1.501E-05  2.364E-06  1.814E-07  4.193E-09  1.034E-11 -2.550E-21
  343.0000  1.858E-01  1.773E-01  1.688E-01  1.604E-01  1.519E-01  1.436E-01  1.352E-01  1.270E-01  1.189E-01  1.109E-01  1.030E-01  9.522E-02  8.764E-02  8.025E-02  7.307E-02  6.611E-02  5.941E-02  5.297E-02  4.683E-02  4.101E-02  3.552E-02  3.039E-02  2.563E-02  2.128E-02  1.734E-02  1.382E-02  1.074E-02  8.088E-03  5.873E-03  4.078E-03  2.678E-03  1.640E-03  9.184E-04  4.576E-04  1.949E-04  6.688E-05  1.686E-05  2.691E-06  2.103E-07  4.994E-09  1.285E-11 -3.411E-21
  344.0000  1.520E-01  1.451E-01  1.381E-01  1.312E-01  1.243E-01  1.175E-01  1.107E-01  1.039E-01  9.729E-02  9.072E-02  8.427E-02  7.793E-02  7.174E-02  6.569E-02  5.981E-02  5.412E-02  4.864E-02  4.337E-02  3.835E-02  3.358E-02  2.909E-02  2.489E-02  2.100E-02  1.743E-02  1.421E-02  1.133E-02  8.801E-03  6.633E-03  4.818E-03  3.346E-03  2.199E-03  1.348E-03  7.554E-04  3.768E-04  1.608E-04  5.533E-05  1.401E-05  2.250E-06  1.777E-07  4.304E-09  1.148E-11 -3.258E-21
  345.0000  1.720E-01  1.642E-01  1.564E-01  1.486E-01  1.409E-01  1.332E-01  1.256E-01  1.180E-01  1.105E-01  1.031E-01  9.584E-02  8.870E-02  8.171E-02  7.488E-02  6.825E-02  6.181E-02  5.561E-02  4.964E-02  4.395E-02  3.853E-02  3.343E-02  2.865E-02  2.422E-02  2.014E-02  1.645E-02  1.315E-02  1.024E-02  7.745E-03  5.647E-03  3.938E-03  2.600E-03  1.602E-03  9.042E-04  4.547E-04  1.959E-04  6.822E-05  1.754E-05  2.872E-06  2.328E-07  5.839E-09  1.638E-11 -5.019E-21
  346.0000  1.767E-01  1.687E-01  1.608E-01  1.528E-01  1.449E-01  1.370E-01  1.291E-01  1.214E-01  1.137E-01  1.061E-01  9.863E-02  9.130E-02  8.412E-02  7.711E-02  7.029E-02  6.368E-02  5.730E-02  5.117E-02  4.532E-02  3.975E-02  3.450E-02  2.958E-02  2.501E-02  2.082E-02  1.701E-02  1.360E-02  1.061E-02  8.028E-03  5.858E-03  4.091E-03  2.705E-03  1.670E-03  9.442E-04  4.760E-04  2.058E-04  7.201E-05  1.863E-05  3.078E-06  2.530E-07  6.489E-09  1.890E-11 -6.202E-21
  347.0000  1.922E-01  1.836E-01  1.749E-01  1.663E-01  1.577E-01  1.492E-01  1.407E-01  1.323E-01  1.239E-01  1.157E-01  1.076E-01  9.967E-02  9.188E-02  8.427E-02  7.686E-02  6.968E-02  6.274E-02  5.607E-02  4.969E-02  4.363E-02  3.790E-02  3.253E-02  2.754E-02  2.295E-02  1.878E-02  1.504E-02  1.175E-02  8.911E-03  6.518E-03  4.564E-03  3.027E-03  1.876E-03  1.065E-03  5.401E-04  2.351E-04  8.294E-05  2.169E-05  3.636E-06  3.049E-07  8.045E-09  2.448E-11 -8.622E-21
  348.0000  1.692E-01  1.617E-01  1.541E-01  1.466E-01  1.390E-01  1.315E-01  1.241E-01  1.167E-01  1.094E-01  1.022E-01  9.508E-02  8.809E-02  8.124E-02  7.455E-02  6.804E-02  6.172E-02  5.561E-02  4.973E-02  4.411E-02  3.876E-02  3.370E-02  2.895E-02  2.454E-02  2.048E-02  1.678E-02  1.346E-02  1.053E-02  8.004E-03  5.868E-03  4.119E-03  2.741E-03  1.704E-03  9.723E-04  4.955E-04  2.171E-04  7.721E-05  2.040E-05  3.469E-06  2.966E-07  8.047E-09  2.555E-11 -9.652E-21
  349.0000  1.755E-01  1.677E-01  1.599E-01  1.521E-01  1.443E-01  1.366E-01  1.289E-01  1.213E-01  1.137E-01  1.063E-01  9.890E-02  9.167E-02  8.459E-02  7.766E-02  7.091E-02  6.436E-02  5.802E-02  5.193E-02  4.609E-02  4.053E-02  3.527E-02  3.033E-02  2.573E-02  2.150E-02  1.764E-02  1.417E-02  1.111E-02  8.455E-03  6.212E-03  4.372E-03  2.917E-03  1.820E-03  1.042E-03  5.339E-04  2.353E-04  8.434E-05  2.251E-05  3.879E-06  3.378E-07  9.416E-09  3.116E-11 -1.261E-20
  350.0000  2.048E-01  1.957E-01  1.866E-01  1.776E-01  1.685E-01  1.595E-01  1.506E-01  1.417E-01  1.329E-01  1.242E-01  1.156E-01  1.072E-01  9.898E-02  9.090E-02  8.304E-02  7.540E-02  6.801E-02  6.089E-02  5.408E-02  4.758E-02  4.144E-02  3.566E-02  3.028E-02  2.532E-02  2.079E-02  1.673E-02  1.313E-02  1.001E-02  7.365E-03  5.193E-03  3.473E-03  2.173E-03  1.249E-03  6.420E-04  2.844E-04  1.026E-04  2.761E-05  4.814E-06  4.261E-07  1.217E-08  4.188E-11 -1.810E-20
------------------------------------------------------------
