Spectral Irradiance, W m-2 nm-1
values at z =      3.216 km
Columns: wavelength (nm), solar zenith angles (deg.)
    wc, nm     49.000     50.000     51.000     52.000     53.000     54.000     55.000     56.000     57.000     58.000     59.000     60.000     61.000     62.000     63.000     64.000     65.000     66.000     67.000     68.000     69.000     70.000     71.000     72.000     73.000     74.000     75.000     76.000     77.000     78.000     79.000     80.000     81.000     82.000     83.000     84.000     85.000     86.000     87.000     88.000     89.000     90.000
  280.0000  0.000E+00  0.000E+00  0.000E+00  0.000E+00  0.000E+00  0.000E+00  0.000E+00  0.000E+00  0.000E+00  0.000E+00  0.000E+00  0.000E+00  0.000E+00  0.000E+00  0.000E+00  0.000E+00  0.000E+00  0.000E+00  0.000E+00  0.000E+00  0.000E+00  0.000E+00  0.000E+00  0.000E+00  0.000E+00  0.000E+00  0.000E+00  0.000E+00  0.000E+00  0.000E+00  0.000E+00  0.000E+00  0.000E+00  0.000E+00  0.000E+00  0.000E+00  0.000E+00  0.000E+00  0.000E+00  0.000E+00  0.000E+00  0.000E+00
  281.0000  0.000E+00  0.000E+00  0.000E+00  0.000E+00  0.000E+00  0.000E+00  0.000E+00  0.000E+00  0.000E+00  0.000E+00  0.000E+00  0.000E+00  0.000E+00  0.000E+00  0.000E+00  0.000E+00  0.000E+00  0.000E+00  0.000E+00  0.000E+00  0.000E+00  0.000E+00  0.000E+00  0.000E+00  0.000E+00  0.000E+00  0.000E+00  0.000E+00  0.000E+00  0.000E+00  0.000E+00  0.000E+00  0.000E+00  0.000E+00  0.000E+00  0.000E+00  0.000E+00  0.000E+00  0.000E+00  0.000E+00  0.000E+00  0.000E+00
  282.0000  0.000E+00  0.000E+00  0.000E+00  0.000E+00  0.000E+00  0.000E+00  0.000E+00  0.000E+00  0.000E+00  0.000E+00  0.000E+00  0.000E+00  0.000E+00  0.000E+00  0.000E+00  0.000E+00  0.000E+00  0.000E+00  0.000E+00  0.000E+00  0.000E+00  0.000E+00  0.000E+00  0.000E+00  0.000E+00  0.000E+00  0.000E+00  0.000E+00  0.000E+00  0.000E+00  0.000E+00  0.000E+00  0.000E+00  0.000E+00  0.000E+00  0.000E+00  0.000E+00  0.000E+00  0.000E+00  0.000E+00  0.000E+00  0.000E+00
  283.0000  0.000E+00  0.000E+00  0.000E+00  0.000E+00  0.000E+00  0.000E+00  0.000E+00  0.000E+00  0.000E+00  0.000E+00  0.000E+00  0.000E+00  0.000E+00  0.000E+00  0.000E+00  0.000E+00  0.000E+00  0.000E+00  0.000E+00  0.000E+00  0.000E+00  0.000E+00  0.000E+00  0.000E+00  0.000E+00  0.000E+00  0.000E+00  0.000E+00  0.000E+00  0.000E+00  0.000E+00  0.000E+00  0.000E+00  0.000E+00  0.000E+00  0.000E+00  0.000E+00  0.000E+00  0.000E+00  0.000E+00  0.000E+00  0.000E+00
  284.0000  0.000E+00  0.000E+00  0.000E+00  0.000E+00  0.000E+00  0.000E+00  0.000E+00  0.000E+00  0.000E+00  0.000E+00  0.000E+00  0.000E+00  0.000E+00  0.000E+00  0.000E+00  0.000E+00  0.000E+00  0.000E+00  0.000E+00  0.000E+00  0.000E+00  0.000E+00  0.000E+00  0.000E+00  0.000E+00  0.000E+00  0.000E+00  0.000E+00  0.000E+00  0.000E+00  0.000E+00  0.000E+00  0.000E+00  0.000E+00  0.000E+00  0.000E+00  0.000E+00  0.000E+00  0.000E+00  0.000E+00  0.000E+00  0.000E+00
  285.0000  0.000E+00  0.000E+00  0.000E+00  0.000E+00  0.000E+00  0.000E+00  0.000E+00  0.000E+00  0.000E+00  0.000E+00  0.000E+00  0.000E+00  0.000E+00  0.000E+00  0.000E+00  0.000E+00  0.000E+00  0.000E+00  0.000E+00  0.000E+00  0.000E+00  0.000E+00  0.000E+00  0.000E+00  0.000E+00  0.000E+00  0.000E+00  0.000E+00  0.000E+00  0.000E+00  0.000E+00  0.000E+00  0.000E+00  0.000E+00  0.000E+00  0.000E+00  0.000E+00  0.000E+00  0.000E+00  0.000E+00  0.000E+00  0.000E+00
  286.0000  0.000E+00  0.000E+00  0.000E+00  0.000E+00  0.000E+00  0.000E+00  0.000E+00  0.000E+00  0.000E+00  0.000E+00  0.000E+00  0.000E+00  0.000E+00  0.000E+00  0.000E+00  0.000E+00  0.000E+00  0.000E+00  0.000E+00  0.000E+00  0.000E+00  0.000E+00  0.000E+00  0.000E+00  0.000E+00  0.000E+00  0.000E+00  0.000E+00  0.000E+00  0.000E+00  0.000E+00  0.000E+00  0.000E+00  0.000E+00  0.000E+00  0.000E+00  0.000E+00  0.000E+00  0.000E+00  0.000E+00  0.000E+00  0.000E+00
  287.0000  0.000E+00  0.000E+00  0.000E+00  0.000E+00  0.000E+00  0.000E+00  0.000E+00  0.000E+00  0.000E+00  0.000E+00  0.000E+00  0.000E+00  0.000E+00  0.000E+00  0.000E+00  0.000E+00  0.000E+00  0.000E+00  0.000E+00  0.000E+00  0.000E+00  0.000E+00  0.000E+00  0.000E+00  0.000E+00  0.000E+00  0.000E+00  0.000E+00  0.000E+00  0.000E+00  0.000E+00  0.000E+00  0.000E+00  0.000E+00  0.000E+00  0.000E+00  0.000E+00  0.000E+00  0.000E+00  0.000E+00  0.000E+00  0.000E+00
  288.0000  0.000E+00  0.000E+00  0.000E+00  0.000E+00  0.000E+00  0.000E+00  0.000E+00  0.000E+00  0.000E+00  0.000E+00  0.000E+00  0.000E+00  0.000E+00  0.000E+00  0.000E+00  0.000E+00  0.000E+00  0.000E+00  0.000E+00  0.000E+00  0.000E+00  0.000E+00  0.000E+00  0.000E+00  0.000E+00  0.000E+00  0.000E+00  0.000E+00  0.000E+00  0.000E+00  0.000E+00  0.000E+00  0.000E+00  0.000E+00  0.000E+00  0.000E+00  0.000E+00  0.000E+00  0.000E+00  0.000E+00  0.000E+00  0.000E+00
  289.0000  0.000E+00  0.000E+00  0.000E+00  0.000E+00  0.000E+00  0.000E+00  0.000E+00  0.000E+00  0.000E+00  0.000E+00  0.000E+00  0.000E+00  0.000E+00  0.000E+00  0.000E+00  0.000E+00  0.000E+00  0.000E+00  0.000E+00  0.000E+00  0.000E+00  0.000E+00  0.000E+00  0.000E+00  0.000E+00  0.000E+00  0.000E+00  0.000E+00  0.000E+00  0.000E+00  0.000E+00  0.000E+00  0.000E+00  0.000E+00  0.000E+00  0.000E+00  0.000E+00  0.000E+00  0.000E+00  0.000E+00  0.000E+00  0.000E+00
  290.0000  0.000E+00  0.000E+00  0.000E+00  0.000E+00  0.000E+00  0.000E+00  0.000E+00  0.000E+00  0.000E+00  0.000E+00  0.000E+00  0.000E+00  0.000E+00  0.000E+00  0.000E+00  0.000E+00  0.000E+00  0.000E+00  0.000E+00  0.000E+00  0.000E+00  0.000E+00  0.000E+00  0.000E+00  0.000E+00  0.000E+00  0.000E+00  0.000E+00  0.000E+00  0.000E+00  0.000E+00  0.000E+00  0.000E+00  0.000E+00  0.000E+00  0.000E+00  0.000E+00  0.000E+00  0.000E+00  0.000E+00  0.000E+00  0.000E+00
  291.0000  0.000E+00  0.000E+00  0.000E+00  0.000E+00  0.000E+00  0.000E+00  0.000E+00  0.000E+00  0.000E+00  0.000E+00  0.000E+00  0.000E+00  0.000E+00  0.000E+00  0.000E+00  0.000E+00  0.000E+00  0.000E+00  0.000E+00  0.000E+00  0.000E+00  0.000E+00  0.000E+00  0.000E+00  0.000E+00  0.000E+00  0.000E+00  0.000E+00  0.000E+00  0.000E+00  0.000E+00  0.000E+00  0.000E+00  0.000E+00  0.000E+00  0.000E+00  0.000E+00  0.000E+00  0.000E+00  0.000E+00  0.000E+00  0.000E+00
  292.0000  0.000E+00  0.000E+00  0.000E+00  0.000E+00  0.000E+00  0.000E+00  0.000E+00  0.000E+00  0.000E+00  0.000E+00  0.000E+00  0.000E+00  0.000E+00  0.000E+00  0.000E+00  0.000E+00  0.000E+00  0.000E+00  0.000E+00  0.000E+00  0.000E+00  0.000E+00  0.000E+00  0.000E+00  0.000E+00  0.000E+00  0.000E+00  0.000E+00  0.000E+00  0.000E+00  0.000E+00  0.000E+00  0.000E+00  0.000E+00  0.000E+00  0.000E+00  0.000E+00  0.000E+00  0.000E+00  0.000E+00  0.000E+00  0.000E+00
  293.0000  3.034E-08  2.129E-08  1.465E-08  9.864E-09  6.494E-09  4.171E-09  2.608E-09  1.585E-09  9.334E-10  5.313E-10  2.914E-10  1.534E-10  7.727E-11  3.705E-11  1.683E-11  7.196E-12  2.879E-12  1.069E-12  3.650E-13  1.135E-13  3.171E-14  7.853E-15  1.694E-15  3.117E-16  4.774E-17  5.905E-18  5.686E-19  4.074E-20  2.053E-21  6.779E-23  1.342E-24  1.423E-26  6.979E-29  1.315E-31  7.491E-35  9.567E-39  1.906E-43  0.000E+00  0.000E+00  0.000E+00  0.000E+00  0.000E+00
  294.0000  2.111E-07  1.542E-07  1.107E-07  7.799E-08  5.384E-08  3.637E-08  2.400E-08  1.544E-08  9.660E-09  5.865E-09  3.446E-09  1.953E-09  1.065E-09  5.555E-10  2.763E-10  1.303E-10  5.796E-11  2.413E-11  9.333E-12  3.322E-12  1.076E-12  3.134E-13  8.078E-14  1.810E-14  3.448E-15  5.439E-16  6.879E-17  6.699E-18  4.780E-19  2.348E-20  7.334E-22  1.317E-23  1.196E-25  4.642E-28  6.224E-31  2.198E-34  1.469E-38  1.275E-43  0.000E+00  0.000E+00  0.000E+00  0.000E+00
  295.0000  8.354E-07  6.278E-07  4.643E-07  3.377E-07  2.411E-07  1.688E-07  1.156E-07  7.743E-08  5.056E-08  3.213E-08  1.982E-08  1.183E-08  6.815E-09  3.775E-09  2.002E-09  1.012E-09  4.847E-10  2.188E-10  9.235E-11  3.616E-11  1.300E-11  4.244E-12  1.240E-12  3.191E-13  7.091E-14  1.328E-14  2.034E-15  2.459E-16  2.242E-17  1.457E-18  6.274E-20  1.635E-21  2.289E-23  1.479E-25  3.626E-28  2.625E-31  4.121E-35  9.818E-40  2.803E-45  0.000E+00  0.000E+00  0.000E+00
  296.0000  4.945E-06  3.839E-06  2.940E-06  2.217E-06  1.645E-06  1.200E-06  8.589E-07  6.023E-07  4.131E-07  2.767E-07  1.805E-07  1.144E-07  7.025E-08  4.167E-08  2.379E-08  1.302E-08  6.799E-09  3.368E-09  1.573E-09  6.873E-10  2.786E-10  1.037E-10  3.503E-11  1.058E-11  2.806E-12  6.402E-13  1.224E-13  1.898E-14  2.296E-15  2.059E-16  1.284E-17  5.135E-19  1.185E-20  1.379E-22  6.772E-25  1.121E-27  4.704E-31  3.578E-35  3.442E-40  0.000E+00  0.000E+00  0.000E+00
  297.0000  9.477E-06  7.524E-06  5.898E-06  4.561E-06  3.475E-06  2.606E-06  1.921E-06  1.391E-06  9.864E-07  6.845E-07  4.639E-07  3.062E-07  1.965E-07  1.221E-07  7.334E-08  4.237E-08  2.346E-08  1.238E-08  6.192E-09  2.917E-09  1.283E-09  5.225E-10  1.948E-10  6.557E-11  1.963E-11  5.123E-12  1.139E-12  2.093E-13  3.069E-14  3.428E-15  2.752E-16  1.474E-17  4.784E-19  8.305E-21  6.554E-23  1.907E-25  1.567E-28  2.638E-32  6.351E-37  1.498E-42  0.000E+00  0.000E+00
  298.0000  4.434E-05  3.607E-05  2.902E-05  2.306E-05  1.809E-05  1.399E-05  1.066E-05  7.986E-06  5.878E-06  4.243E-06  2.999E-06  2.071E-06  1.394E-06  9.124E-07  5.791E-07  3.552E-07  2.097E-07  1.187E-07  6.404E-08  3.276E-08  1.577E-08  7.090E-09  2.946E-09  1.118E-09  3.823E-10  1.158E-10  3.038E-11  6.735E-12  1.221E-12  1.737E-13  1.842E-14  1.361E-15  6.431E-17  1.736E-18  2.310E-20  1.251E-22  2.156E-25  8.702E-29  5.743E-33  4.075E-38  1.541E-44  0.000E+00
  299.0000  9.092E-05  7.525E-05  6.163E-05  4.992E-05  3.996E-05  3.157E-05  2.460E-05  1.888E-05  1.426E-05  1.058E-05  7.698E-06  5.484E-06  3.817E-06  2.590E-06  1.708E-06  1.092E-06  6.743E-07  4.006E-07  2.279E-07  1.234E-07  6.327E-08  3.046E-08  1.365E-08  5.631E-09  2.112E-09  7.087E-10  2.088E-10  5.271E-11  1.107E-11  1.864E-12  2.397E-13  2.216E-14  1.359E-15  4.987E-17  9.546E-19  7.969E-21  2.299E-23  1.708E-26  2.284E-30  3.522E-35  2.833E-41  0.000E+00
  300.0000  1.835E-04  1.547E-04  1.293E-04  1.069E-04  8.751E-05  7.079E-05  5.656E-05  4.458E-05  3.463E-05  2.648E-05  1.989E-05  1.467E-05  1.059E-05  7.475E-06  5.144E-06  3.442E-06  2.233E-06  1.399E-06  8.434E-07  4.867E-07  2.673E-07  1.387E-07  6.755E-08  3.055E-08  1.269E-08  4.769E-09  1.595E-09  4.647E-10  1.148E-10  2.326E-11  3.701E-12  4.376E-13  3.578E-14  1.840E-15  5.255E-17  7.061E-19  3.592E-21  5.219E-24  1.515E-27  5.462E-32  1.019E-37  0.000E+00
  301.0000  4.526E-04  3.872E-04  3.284E-04  2.761E-04  2.298E-04  1.893E-04  1.541E-04  1.240E-04  9.842E-05  7.699E-05  5.929E-05  4.488E-05  3.333E-05  2.424E-05  1.723E-05  1.194E-05  8.045E-06  5.251E-06  3.309E-06  2.003E-06  1.160E-06  6.379E-07  3.310E-07  1.606E-07  7.207E-08  2.955E-08  1.089E-08  3.541E-09  9.904E-10  2.312E-10  4.328E-11  6.179E-12  6.295E-13  4.194E-14  1.627E-15  3.148E-17  2.474E-19  6.018E-22  3.173E-25  2.209E-29  7.980E-35  0.000E+00
  302.0000  7.173E-04  6.213E-04  5.340E-04  4.551E-04  3.844E-04  3.216E-04  2.663E-04  2.180E-04  1.763E-04  1.407E-04  1.107E-04  8.569E-05  6.521E-05  4.868E-05  3.559E-05  2.542E-05  1.769E-05  1.196E-05  7.834E-06  4.946E-06  2.997E-06  1.733E-06  9.498E-07  4.896E-07  2.351E-07  1.039E-07  4.166E-08  1.489E-08  4.637E-09  1.223E-09  2.637E-10  4.432E-11  5.462E-12  4.552E-13  2.302E-14  6.111E-16  7.002E-18  2.663E-20  2.359E-23  2.918E-27  1.886E-32 -5.605E-45
  303.0000  1.914E-03  1.679E-03  1.463E-03  1.264E-03  1.084E-03  9.215E-04  7.759E-04  6.467E-04  5.331E-04  4.342E-04  3.490E-04  2.766E-04  2.157E-04  1.654E-04  1.244E-04  9.167E-05  6.597E-05  4.625E-05  3.149E-05  2.074E-05  1.317E-05  8.013E-06  4.646E-06  2.548E-06  1.310E-06  6.253E-07  2.732E-07  1.076E-07  3.738E-08  1.118E-08  2.782E-09  5.524E-10  8.268E-11  8.660E-12  5.742E-13  2.104E-14  3.543E-16  2.126E-18  3.196E-21  7.086E-25  8.237E-30 -3.956E-42
  304.0000  2.630E-03  2.326E-03  2.043E-03  1.783E-03  1.543E-03  1.325E-03  1.128E-03  9.511E-04  7.937E-04  6.549E-04  5.339E-04  4.294E-04  3.404E-04  2.655E-04  2.034E-04  1.529E-04  1.124E-04  8.063E-05  5.630E-05  3.812E-05  2.494E-05  1.568E-05  9.425E-06  5.379E-06  2.892E-06  1.450E-06  6.693E-07  2.804E-07  1.046E-07  3.390E-08  9.256E-09  2.046E-09  3.470E-10  4.212E-11  3.326E-12  1.502E-13  3.244E-15  2.619E-17  5.568E-20  1.821E-23  3.172E-28 -2.248E-40
  305.0000  4.781E-03  4.272E-03  3.793E-03  3.347E-03  2.933E-03  2.551E-03  2.201E-03  1.883E-03  1.596E-03  1.338E-03  1.110E-03  9.098E-04  7.357E-04  5.863E-04  4.597E-04  3.541E-04  2.674E-04  1.975E-04  1.423E-04  9.975E-05  6.773E-05  4.438E-05  2.791E-05  1.674E-05  9.514E-06  5.072E-06  2.510E-06  1.137E-06  4.631E-07  1.660E-07  5.090E-08  1.286E-08  2.552E-09  3.725E-10  3.660E-11  2.143E-12  6.316E-14  7.372E-16  2.406E-18  1.265E-21  3.572E-26 -3.922E-38
  306.0000  5.410E-03  4.866E-03  4.351E-03  3.868E-03  3.416E-03  2.996E-03  2.608E-03  2.252E-03  1.927E-03  1.634E-03  1.371E-03  1.137E-03  9.315E-04  7.527E-04  5.991E-04  4.690E-04  3.604E-04  2.713E-04  1.995E-04  1.430E-04  9.947E-05  6.693E-05  4.335E-05  2.686E-05  1.582E-05  8.781E-06  4.544E-06  2.165E-06  9.342E-07  3.576E-07  1.182E-07  3.260E-08  7.163E-09  1.179E-09  1.335E-10  9.270E-12  3.349E-13  4.983E-15  2.161E-17  1.566E-20  6.192E-25 -9.464E-37
  307.0000  8.458E-03  7.660E-03  6.901E-03  6.182E-03  5.505E-03  4.871E-03  4.279E-03  3.731E-03  3.227E-03  2.767E-03  2.349E-03  1.973E-03  1.639E-03  1.344E-03  1.087E-03  8.651E-04  6.771E-04  5.198E-04  3.907E-04  2.866E-04  2.046E-04  1.416E-04  9.455E-05  6.063E-05  3.708E-05  2.147E-05  1.165E-05  5.853E-06  2.683E-06  1.100E-06  3.937E-07  1.190E-07  2.911E-08  5.436E-09  7.154E-10  5.940E-11  2.658E-12  5.104E-14  2.982E-16  3.018E-19  1.689E-23 -3.596E-35
  308.0000  1.183E-02  1.078E-02  9.776E-03  8.820E-03  7.913E-03  7.057E-03  6.253E-03  5.502E-03  4.804E-03  4.161E-03  3.571E-03  3.035E-03  2.552E-03  2.121E-03  1.740E-03  1.407E-03  1.120E-03  8.753E-04  6.708E-04  5.027E-04  3.673E-04  2.608E-04  1.791E-04  1.185E-04  7.503E-05  4.514E-05  2.557E-05  1.349E-05  6.532E-06  2.853E-06  1.097E-06  3.608E-07  9.732E-08  2.039E-08  3.077E-09  3.008E-10  1.637E-11  3.969E-13  3.047E-15  4.193E-18  3.239E-22 -9.444E-34
  309.0000  1.360E-02  1.244E-02  1.133E-02  1.026E-02  9.245E-03  8.283E-03  7.375E-03  6.523E-03  5.727E-03  4.989E-03  4.309E-03  3.687E-03  3.123E-03  2.615E-03  2.163E-03  1.765E-03  1.418E-03  1.120E-03  8.683E-04  6.588E-04  4.879E-04  3.516E-04  2.455E-04  1.653E-04  1.068E-04  6.568E-05  3.815E-05  2.070E-05  1.035E-05  4.687E-06  1.880E-06  6.489E-07  1.853E-07  4.152E-08  6.786E-09  7.300E-10  4.458E-11  1.241E-12  1.124E-14  1.870E-17  1.784E-21 -6.544E-33
  310.0000  1.597E-02  1.470E-02  1.348E-02  1.230E-02  1.117E-02  1.009E-02  9.058E-03  8.085E-03  7.168E-03  6.309E-03  5.510E-03  4.771E-03  4.092E-03  3.473E-03  2.915E-03  2.416E-03  1.974E-03  1.589E-03  1.256E-03  9.740E-04  7.387E-04  5.462E-04  3.925E-04  2.728E-04  1.825E-04  1.167E-04  7.082E-05  4.037E-05  2.134E-05  1.030E-05  4.449E-06  1.672E-06  5.273E-07  1.328E-07  2.494E-08  3.167E-09  2.358E-10  8.317E-12  9.926E-14  2.253E-16  2.967E-20 -1.482E-31
  311.0000  2.905E-02  2.682E-02  2.466E-02  2.257E-02  2.056E-02  1.864E-02  1.680E-02  1.505E-02  1.340E-02  1.185E-02  1.040E-02  9.051E-03  7.805E-03  6.665E-03  5.629E-03  4.697E-03  3.868E-03  3.137E-03  2.502E-03  1.958E-03  1.501E-03  1.122E-03  8.165E-04  5.754E-04  3.908E-04  2.543E-04  1.573E-04  9.160E-05  4.963E-05  2.464E-05  1.099E-05  4.286E-06  1.412E-06  3.746E-07  7.481E-08  1.023E-08  8.328E-10  3.272E-11  4.446E-13  1.175E-15  1.842E-19 -1.125E-30
  312.0000  2.881E-02  2.670E-02  2.465E-02  2.266E-02  2.073E-02  1.888E-02  1.711E-02  1.541E-02  1.380E-02  1.228E-02  1.085E-02  9.506E-03  8.260E-03  7.110E-03  6.057E-03  5.102E-03  4.243E-03  3.479E-03  2.808E-03  2.226E-03  1.730E-03  1.314E-03  9.725E-04  6.983E-04  4.843E-04  3.225E-04  2.047E-04  1.228E-04  6.878E-05  3.547E-05  1.652E-05  6.780E-06  2.371E-06  6.744E-07  1.464E-07  2.211E-08  2.030E-09  9.209E-11  1.484E-12  4.769E-15  9.258E-19 -7.087E-30
  313.0000  3.563E-02  3.315E-02  3.072E-02  2.836E-02  2.606E-02  2.385E-02  2.171E-02  1.967E-02  1.771E-02  1.585E-02  1.409E-02  1.243E-02  1.088E-02  9.438E-03  8.108E-03  6.891E-03  5.787E-03  4.796E-03  3.915E-03  3.143E-03  2.476E-03  1.909E-03  1.436E-03  1.050E-03  7.431E-04  5.061E-04  3.294E-04  2.033E-04  1.176E-04  6.291E-05  3.057E-05  1.318E-05  4.880E-06  1.485E-06  3.495E-07  5.813E-08  5.992E-09  3.125E-10  5.938E-12  2.308E-14  5.517E-18 -5.272E-29
  314.0000  4.073E-02  3.795E-02  3.523E-02  3.258E-02  3.000E-02  2.751E-02  2.510E-02  2.278E-02  2.057E-02  1.845E-02  1.645E-02  1.455E-02  1.278E-02  1.112E-02  9.592E-03  8.184E-03  6.902E-03  5.746E-03  4.715E-03  3.806E-03  3.016E-03  2.340E-03  1.773E-03  1.307E-03  9.330E-04  6.417E-04  4.223E-04  2.638E-04  1.548E-04  8.418E-05  4.168E-05  1.836E-05  6.974E-06  2.188E-06  5.338E-07  9.276E-08  1.009E-08  5.617E-10  1.157E-11  4.966E-14  1.341E-17 -1.498E-28
  315.0000  4.608E-02  4.310E-02  4.018E-02  3.732E-02  3.453E-02  3.182E-02  2.919E-02  2.664E-02  2.420E-02  2.185E-02  1.961E-02  1.748E-02  1.546E-02  1.357E-02  1.181E-02  1.017E-02  8.671E-03  7.300E-03  6.064E-03  4.960E-03  3.989E-03  3.145E-03  2.425E-03  1.823E-03  1.329E-03  9.366E-04  6.333E-04  4.078E-04  2.477E-04  1.401E-04  7.257E-05  3.369E-05  1.361E-05  4.590E-06  1.220E-06  2.351E-07  2.893E-08  1.868E-09  4.585E-11  2.404E-13  8.060E-17 -1.128E-27
  316.0000  3.831E-02  3.586E-02  3.345E-02  3.110E-02  2.880E-02  2.656E-02  2.438E-02  2.228E-02  2.025E-02  1.831E-02  1.645E-02  1.468E-02  1.301E-02  1.143E-02  9.961E-03  8.596E-03  7.339E-03  6.191E-03  5.153E-03  4.225E-03  3.406E-03  2.693E-03  2.083E-03  1.571E-03  1.150E-03  8.136E-04  5.528E-04  3.579E-04  2.187E-04  1.245E-04  6.505E-05  3.049E-05  1.245E-05  4.257E-06  1.150E-06  2.261E-07  2.854E-08  1.904E-09  4.876E-11  2.709E-13  9.863E-17 -1.566E-27
  317.0000  6.213E-02  5.832E-02  5.458E-02  5.090E-02  4.729E-02  4.377E-02  4.034E-02  3.702E-02  3.379E-02  3.069E-02  2.771E-02  2.486E-02  2.216E-02  1.960E-02  1.719E-02  1.494E-02  1.285E-02  1.093E-02  9.180E-03  7.601E-03  6.193E-03  4.954E-03  3.882E-03  2.969E-03  2.208E-03  1.590E-03  1.102E-03  7.295E-04  4.572E-04  2.680E-04  1.447E-04  7.049E-05  3.012E-05  1.086E-05  3.127E-06  6.634E-07  9.177E-08  6.838E-09  1.998E-10  1.294E-12  5.589E-16 -1.071E-26
  318.0000  5.569E-02  5.231E-02  4.898E-02  4.571E-02  4.250E-02  3.937E-02  3.631E-02  3.334E-02  3.047E-02  2.770E-02  2.503E-02  2.248E-02  2.006E-02  1.776E-02  1.560E-02  1.358E-02  1.170E-02  9.966E-03  8.385E-03  6.957E-03  5.680E-03  4.555E-03  3.578E-03  2.745E-03  2.048E-03  1.480E-03  1.030E-03  6.849E-04  4.315E-04  2.545E-04  1.384E-04  6.795E-05  2.932E-05  1.070E-05  3.124E-06  6.744E-07  9.540E-08  7.316E-09  2.221E-10  1.516E-12  7.068E-16 -1.526E-26
  319.0000  6.825E-02  6.432E-02  6.043E-02  5.660E-02  5.283E-02  4.914E-02  4.552E-02  4.199E-02  3.856E-02  3.524E-02  3.203E-02  2.894E-02  2.598E-02  2.317E-02  2.050E-02  1.798E-02  1.563E-02  1.344E-02  1.142E-02  9.581E-03  7.918E-03  6.434E-03  5.128E-03  3.997E-03  3.036E-03  2.238E-03  1.592E-03  1.086E-03  7.037E-04  4.287E-04  2.420E-04  1.241E-04  5.634E-05  2.182E-05  6.844E-06  1.609E-06  2.522E-07  2.187E-08  7.686E-10  6.205E-12  3.477E-15 -9.126E-26
  320.0000  7.575E-02  7.132E-02  6.695E-02  6.264E-02  5.841E-02  5.427E-02  5.021E-02  4.626E-02  4.243E-02  3.871E-02  3.513E-02  3.170E-02  2.841E-02  2.528E-02  2.232E-02  1.954E-02  1.694E-02  1.453E-02  1.232E-02  1.030E-02  8.488E-03  6.872E-03  5.456E-03  4.235E-03  3.202E-03  2.348E-03  1.660E-03  1.125E-03  7.237E-04  4.372E-04  2.444E-04  1.240E-04  5.557E-05  2.121E-05  6.540E-06  1.508E-06  2.313E-07  1.960E-08  6.744E-10  5.382E-12  3.062E-15 -8.640E-26
  321.0000  8.553E-02  8.080E-02  7.611E-02  7.149E-02  6.692E-02  6.243E-02  5.803E-02  5.372E-02  4.952E-02  4.543E-02  4.146E-02  3.764E-02  3.396E-02  3.043E-02  2.708E-02  2.390E-02  2.091E-02  1.811E-02  1.551E-02  1.312E-02  1.094E-02  8.979E-03  7.236E-03  5.710E-03  4.396E-03  3.290E-03  2.381E-03  1.655E-03  1.096E-03  6.849E-04  3.979E-04  2.110E-04  9.966E-05  4.045E-05  1.342E-05  3.378E-06  5.756E-07  5.536E-08  2.211E-09  2.094E-11  1.434E-14 -4.909E-25
  322.0000  8.594E-02  8.117E-02  7.645E-02  7.179E-02  6.719E-02  6.267E-02  5.823E-02  5.389E-02  4.966E-02  4.554E-02  4.156E-02  3.771E-02  3.401E-02  3.047E-02  2.710E-02  2.390E-02  2.090E-02  1.809E-02  1.548E-02  1.309E-02  1.091E-02  8.947E-03  7.204E-03  5.679E-03  4.369E-03  3.266E-03  2.360E-03  1.639E-03  1.084E-03  6.760E-04  3.920E-04  2.075E-04  9.776E-05  3.959E-05  1.310E-05  3.291E-06  5.600E-07  5.391E-08  2.167E-09  2.088E-11  1.491E-14 -5.587E-25
  323.0000  7.700E-02  7.278E-02  6.859E-02  6.446E-02  6.038E-02  5.636E-02  5.241E-02  4.855E-02  4.478E-02  4.112E-02  3.756E-02  3.412E-02  3.081E-02  2.764E-02  2.462E-02  2.175E-02  1.905E-02  1.652E-02  1.417E-02  1.201E-02  1.003E-02  8.249E-03  6.662E-03  5.269E-03  4.068E-03  3.053E-03  2.217E-03  1.547E-03  1.029E-03  6.462E-04  3.777E-04  2.017E-04  9.609E-05  3.942E-05  1.325E-05  3.394E-06  5.917E-07  5.875E-08  2.457E-09  2.498E-11  1.920E-14 -8.027E-25
  324.0000  9.609E-02  9.105E-02  8.605E-02  8.110E-02  7.620E-02  7.136E-02  6.659E-02  6.192E-02  5.733E-02  5.286E-02  4.850E-02  4.427E-02  4.018E-02  3.625E-02  3.247E-02  2.888E-02  2.546E-02  2.225E-02  1.924E-02  1.644E-02  1.387E-02  1.152E-02  9.414E-03  7.541E-03  5.905E-03  4.503E-03  3.327E-03  2.369E-03  1.612E-03  1.039E-03  6.255E-04  3.459E-04  1.716E-04  7.382E-05  2.627E-05  7.201E-06  1.363E-06  1.494E-07  7.034E-09  8.201E-11  7.346E-14 -3.633E-24
  325.0000  9.993E-02  9.459E-02  8.930E-02  8.406E-02  7.888E-02  7.377E-02  6.875E-02  6.383E-02  5.901E-02  5.431E-02  4.974E-02  4.532E-02  4.105E-02  3.695E-02  3.302E-02  2.929E-02  2.576E-02  2.244E-02  1.934E-02  1.647E-02  1.384E-02  1.145E-02  9.313E-03  7.423E-03  5.780E-03  4.380E-03  3.214E-03  2.270E-03  1.532E-03  9.770E-04  5.815E-04  3.174E-04  1.550E-04  6.554E-05  2.285E-05  6.118E-06  1.127E-06  1.200E-07  5.489E-09  6.268E-11  5.639E-14 -2.959E-24
  326.0000  1.378E-01  1.306E-01  1.235E-01  1.165E-01  1.095E-01  1.026E-01  9.581E-02  8.913E-02  8.260E-02  7.621E-02  6.998E-02  6.393E-02  5.808E-02  5.245E-02  4.704E-02  4.187E-02  3.697E-02  3.234E-02  2.801E-02  2.398E-02  2.026E-02  1.687E-02  1.381E-02  1.109E-02  8.707E-03  6.660E-03  4.938E-03  3.529E-03  2.413E-03  1.563E-03  9.466E-04  5.273E-04  2.638E-04  1.147E-04  4.138E-05  1.154E-05  2.235E-06  2.529E-07  1.246E-08  1.555E-10  1.557E-13 -9.310E-24
  327.0000  1.386E-01  1.316E-01  1.246E-01  1.176E-01  1.107E-01  1.039E-01  9.718E-02  9.056E-02  8.406E-02  7.770E-02  7.149E-02  6.545E-02  5.960E-02  5.395E-02  4.851E-02  4.331E-02  3.835E-02  3.367E-02  2.926E-02  2.514E-02  2.134E-02  1.785E-02  1.469E-02  1.186E-02  9.373E-03  7.219E-03  5.396E-03  3.891E-03  2.687E-03  1.761E-03  1.081E-03  6.117E-04  3.117E-04  1.386E-04  5.130E-05  1.477E-05  2.974E-06  3.529E-07  1.845E-08  2.480E-10  2.722E-13 -1.838E-23
  328.0000  1.310E-01  1.243E-01  1.176E-01  1.109E-01  1.043E-01  9.778E-02  9.136E-02  8.505E-02  7.885E-02  7.280E-02  6.689E-02  6.116E-02  5.561E-02  5.025E-02  4.511E-02  4.020E-02  3.553E-02  3.112E-02  2.698E-02  2.313E-02  1.957E-02  1.632E-02  1.339E-02  1.077E-02  8.476E-03  6.499E-03  4.833E-03  3.465E-03  2.378E-03  1.547E-03  9.419E-04  5.278E-04  2.661E-04  1.168E-04  4.261E-05  1.207E-05  2.385E-06  2.775E-07  1.424E-08  1.896E-10  2.109E-13 -1.515E-23
  329.0000  1.445E-01  1.373E-01  1.301E-01  1.229E-01  1.159E-01  1.089E-01  1.020E-01  9.516E-02  8.847E-02  8.191E-02  7.550E-02  6.925E-02  6.319E-02  5.732E-02  5.166E-02  4.623E-02  4.106E-02  3.614E-02  3.151E-02  2.717E-02  2.315E-02  1.944E-02  1.608E-02  1.305E-02  1.037E-02  8.037E-03  6.050E-03  4.398E-03  3.066E-03  2.030E-03  1.262E-03  7.243E-04  3.755E-04  1.704E-04  6.467E-05  1.920E-05  4.021E-06  5.018E-07  2.802E-08  4.122E-10  5.144E-13 -4.228E-23
  330.0000  1.698E-01  1.614E-01  1.530E-01  1.447E-01  1.364E-01  1.283E-01  1.202E-01  1.122E-01  1.044E-01  9.675E-02  8.924E-02  8.192E-02  7.480E-02  6.792E-02  6.127E-02  5.490E-02  4.880E-02  4.302E-02  3.755E-02  3.243E-02  2.767E-02  2.328E-02  1.929E-02  1.569E-02  1.250E-02  9.712E-03  7.333E-03  5.349E-03  3.743E-03  2.490E-03  1.556E-03  8.983E-04  4.691E-04  2.147E-04  8.237E-05  2.479E-05  5.278E-06  6.733E-07  3.873E-08  5.936E-10  7.874E-13 -7.129E-23
  331.0000  1.436E-01  1.364E-01  1.293E-01  1.222E-01  1.152E-01  1.082E-01  1.013E-01  9.456E-02  8.791E-02  8.139E-02  7.502E-02  6.881E-02  6.278E-02  5.694E-02  5.132E-02  4.593E-02  4.078E-02  3.590E-02  3.130E-02  2.699E-02  2.299E-02  1.931E-02  1.596E-02  1.296E-02  1.030E-02  7.982E-03  6.009E-03  4.368E-03  3.045E-03  2.017E-03  1.254E-03  7.206E-04  3.739E-04  1.699E-04  6.469E-05  1.930E-05  4.070E-06  5.146E-07  2.942E-08  4.522E-10  6.141E-13 -5.942E-23
  332.0000  1.488E-01  1.415E-01  1.343E-01  1.271E-01  1.199E-01  1.128E-01  1.058E-01  9.894E-02  9.214E-02  8.546E-02  7.892E-02  7.254E-02  6.634E-02  6.032E-02  5.450E-02  4.892E-02  4.357E-02  3.848E-02  3.367E-02  2.915E-02  2.493E-02  2.104E-02  1.749E-02  1.427E-02  1.141E-02  8.910E-03  6.761E-03  4.959E-03  3.493E-03  2.341E-03  1.475E-03  8.608E-04  4.549E-04  2.113E-04  8.256E-05  2.542E-05  5.572E-06  7.387E-07  4.478E-08  7.394E-10  1.097E-12 -1.188E-22
  333.0000  1.600E-01  1.523E-01  1.446E-01  1.369E-01  1.293E-01  1.217E-01  1.143E-01  1.069E-01  9.963E-02  9.249E-02  8.550E-02  7.867E-02  7.201E-02  6.556E-02  5.931E-02  5.330E-02  4.755E-02  4.206E-02  3.686E-02  3.197E-02  2.741E-02  2.318E-02  1.931E-02  1.581E-02  1.268E-02  9.932E-03  7.566E-03  5.574E-03  3.945E-03  2.659E-03  1.687E-03  9.919E-04  5.291E-04  2.485E-04  9.837E-05  3.078E-05  6.888E-06  9.374E-07  5.879E-08  1.016E-09  1.606E-12 -1.914E-22
  334.0000  1.433E-01  1.364E-01  1.294E-01  1.225E-01  1.157E-01  1.089E-01  1.021E-01  9.551E-02  8.898E-02  8.256E-02  7.628E-02  7.014E-02  6.417E-02  5.837E-02  5.278E-02  4.739E-02  4.224E-02  3.733E-02  3.268E-02  2.832E-02  2.425E-02  2.048E-02  1.704E-02  1.393E-02  1.115E-02  8.718E-03  6.627E-03  4.871E-03  3.439E-03  2.311E-03  1.461E-03  8.558E-04  4.546E-04  2.124E-04  8.366E-05  2.603E-05  5.791E-06  7.842E-07  4.911E-08  8.547E-10  1.387E-12 -1.767E-22
  335.0000  1.662E-01  1.583E-01  1.504E-01  1.425E-01  1.347E-01  1.269E-01  1.192E-01  1.116E-01  1.042E-01  9.679E-02  8.957E-02  8.250E-02  7.562E-02  6.893E-02  6.245E-02  5.621E-02  5.022E-02  4.451E-02  3.908E-02  3.397E-02  2.919E-02  2.475E-02  2.068E-02  1.698E-02  1.367E-02  1.075E-02  8.222E-03  6.088E-03  4.334E-03  2.941E-03  1.880E-03  1.115E-03  6.015E-04  2.862E-04  1.152E-04  3.678E-05  8.450E-06  1.191E-06  7.836E-08  1.451E-09  2.546E-12 -3.600E-22
  336.0000  1.431E-01  1.363E-01  1.296E-01  1.228E-01  1.161E-01  1.095E-01  1.029E-01  9.642E-02  9.000E-02  8.369E-02  7.750E-02  7.144E-02  6.553E-02  5.978E-02  5.421E-02  4.884E-02  4.368E-02  3.875E-02  3.407E-02  2.965E-02  2.551E-02  2.167E-02  1.814E-02  1.492E-02  1.204E-02  9.488E-03  7.279E-03  5.406E-03  3.862E-03  2.631E-03  1.690E-03  1.008E-03  5.474E-04  2.625E-04  1.067E-04  3.449E-05  8.046E-06  1.157E-06  7.819E-08  1.503E-09  2.786E-12 -4.294E-22
  337.0000  1.372E-01  1.307E-01  1.242E-01  1.177E-01  1.113E-01  1.049E-01  9.859E-02  9.234E-02  8.617E-02  8.011E-02  7.416E-02  6.834E-02  6.266E-02  5.715E-02  5.181E-02  4.665E-02  4.171E-02  3.699E-02  3.250E-02  2.827E-02  2.431E-02  2.064E-02  1.726E-02  1.419E-02  1.144E-02  9.007E-03  6.903E-03  5.122E-03  3.654E-03  2.486E-03  1.595E-03  9.498E-04  5.146E-04  2.463E-04  9.989E-05  3.223E-05  7.512E-06  1.081E-06  7.338E-08  1.429E-09  2.735E-12 -4.513E-22
  338.0000  1.558E-01  1.484E-01  1.411E-01  1.338E-01  1.266E-01  1.194E-01  1.122E-01  1.052E-01  9.821E-02  9.137E-02  8.464E-02  7.806E-02  7.164E-02  6.539E-02  5.934E-02  5.349E-02  4.788E-02  4.251E-02  3.740E-02  3.258E-02  2.806E-02  2.386E-02  2.000E-02  1.647E-02  1.331E-02  1.051E-02  8.079E-03  6.014E-03  4.307E-03  2.943E-03  1.898E-03  1.137E-03  6.205E-04  2.996E-04  1.228E-04  4.014E-05  9.508E-06  1.397E-06  9.756E-08  1.974E-09  3.992E-12 -7.172E-22
  339.0000  1.674E-01  1.596E-01  1.518E-01  1.441E-01  1.364E-01  1.287E-01  1.211E-01  1.136E-01  1.061E-01  9.883E-02  9.164E-02  8.460E-02  7.772E-02  7.103E-02  6.453E-02  5.825E-02  5.221E-02  4.643E-02  4.092E-02  3.571E-02  3.082E-02  2.627E-02  2.206E-02  1.823E-02  1.477E-02  1.170E-02  9.029E-03  6.750E-03  4.859E-03  3.339E-03  2.166E-03  1.308E-03  7.202E-04  3.515E-04  1.459E-04  4.846E-05  1.171E-05  1.765E-06  1.273E-07  2.691E-09  5.773E-12 -1.132E-21
  340.0000  1.905E-01  1.816E-01  1.728E-01  1.640E-01  1.552E-01  1.465E-01  1.379E-01  1.293E-01  1.209E-01  1.125E-01  1.044E-01  9.637E-02  8.854E-02  8.093E-02  7.354E-02  6.639E-02  5.952E-02  5.294E-02  4.667E-02  4.075E-02  3.518E-02  2.999E-02  2.520E-02  2.082E-02  1.688E-02  1.338E-02  1.033E-02  7.729E-03  5.567E-03  3.829E-03  2.488E-03  1.504E-03  8.296E-04  4.058E-04  1.689E-04  5.634E-05  1.369E-05  2.082E-06  1.522E-07  3.290E-09  7.343E-12 -1.547E-21
  341.0000  1.694E-01  1.616E-01  1.538E-01  1.460E-01  1.382E-01  1.305E-01  1.229E-01  1.153E-01  1.078E-01  1.005E-01  9.322E-02  8.612E-02  7.918E-02  7.242E-02  6.586E-02  5.951E-02  5.340E-02  4.754E-02  4.196E-02  3.667E-02  3.170E-02  2.706E-02  2.277E-02  1.885E-02  1.531E-02  1.216E-02  9.411E-03  7.059E-03  5.100E-03  3.520E-03  2.296E-03  1.395E-03  7.739E-04  3.811E-04  1.600E-04  5.394E-05  1.329E-05  2.056E-06  1.540E-07  3.441E-09  8.073E-12 -1.842E-21
  342.0000  1.750E-01  1.670E-01  1.589E-01  1.509E-01  1.430E-01  1.351E-01  1.272E-01  1.194E-01  1.118E-01  1.042E-01  9.674E-02  8.943E-02  8.229E-02  7.532E-02  6.855E-02  6.199E-02  5.568E-02  4.962E-02  4.384E-02  3.836E-02  3.320E-02  2.839E-02  2.393E-02  1.984E-02  1.615E-02  1.286E-02  9.974E-03  7.503E-03  5.438E-03  3.768E-03  2.468E-03  1.507E-03  8.412E-04  4.173E-04  1.768E-04  6.026E-05  1.506E-05  2.373E-06  1.822E-07  4.213E-09  1.039E-11 -2.565E-21
  343.0000  1.859E-01  1.774E-01  1.689E-01  1.605E-01  1.520E-01  1.437E-01  1.354E-01  1.271E-01  1.190E-01  1.109E-01  1.031E-01  9.530E-02  8.772E-02  8.033E-02  7.314E-02  6.618E-02  5.947E-02  5.303E-02  4.689E-02  4.105E-02  3.556E-02  3.043E-02  2.567E-02  2.131E-02  1.736E-02  1.384E-02  1.075E-02  8.103E-03  5.885E-03  4.086E-03  2.684E-03  1.644E-03  9.208E-04  4.589E-04  1.955E-04  6.712E-05  1.693E-05  2.703E-06  2.113E-07  5.022E-09  1.293E-11 -3.434E-21
  344.0000  1.523E-01  1.453E-01  1.384E-01  1.315E-01  1.246E-01  1.177E-01  1.109E-01  1.042E-01  9.750E-02  9.092E-02  8.446E-02  7.811E-02  7.191E-02  6.585E-02  5.997E-02  5.427E-02  4.877E-02  4.350E-02  3.846E-02  3.368E-02  2.918E-02  2.497E-02  2.107E-02  1.750E-02  1.426E-02  1.137E-02  8.839E-03  6.664E-03  4.842E-03  3.364E-03  2.211E-03  1.356E-03  7.605E-04  3.796E-04  1.621E-04  5.583E-05  1.415E-05  2.275E-06  1.800E-07  4.366E-09  1.166E-11 -3.314E-21
  345.0000  1.721E-01  1.643E-01  1.565E-01  1.487E-01  1.410E-01  1.333E-01  1.257E-01  1.181E-01  1.106E-01  1.032E-01  9.592E-02  8.878E-02  8.178E-02  7.495E-02  6.831E-02  6.188E-02  5.567E-02  4.970E-02  4.400E-02  3.858E-02  3.347E-02  2.869E-02  2.425E-02  2.017E-02  1.648E-02  1.317E-02  1.026E-02  7.759E-03  5.657E-03  3.946E-03  2.606E-03  1.606E-03  9.065E-04  4.560E-04  1.965E-04  6.847E-05  1.761E-05  2.885E-06  2.340E-07  5.873E-09  1.648E-11 -5.054E-21
  346.0000  1.770E-01  1.690E-01  1.610E-01  1.530E-01  1.451E-01  1.372E-01  1.293E-01  1.215E-01  1.139E-01  1.063E-01  9.879E-02  9.145E-02  8.426E-02  7.725E-02  7.042E-02  6.380E-02  5.742E-02  5.128E-02  4.541E-02  3.984E-02  3.458E-02  2.965E-02  2.508E-02  2.087E-02  1.706E-02  1.365E-02  1.064E-02  8.055E-03  5.879E-03  4.106E-03  2.716E-03  1.677E-03  9.488E-04  4.786E-04  2.071E-04  7.249E-05  1.876E-05  3.104E-06  2.554E-07  6.558E-09  1.912E-11 -6.280E-21
  347.0000  1.924E-01  1.838E-01  1.751E-01  1.665E-01  1.579E-01  1.493E-01  1.408E-01  1.324E-01  1.241E-01  1.159E-01  1.078E-01  9.980E-02  9.200E-02  8.439E-02  7.697E-02  6.978E-02  6.284E-02  5.616E-02  4.977E-02  4.370E-02  3.797E-02  3.259E-02  2.759E-02  2.300E-02  1.882E-02  1.508E-02  1.178E-02  8.934E-03  6.536E-03  4.577E-03  3.037E-03  1.882E-03  1.069E-03  5.424E-04  2.362E-04  8.336E-05  2.181E-05  3.660E-06  3.071E-07  8.111E-09  2.470E-11 -8.705E-21
  348.0000  1.694E-01  1.618E-01  1.542E-01  1.467E-01  1.391E-01  1.316E-01  1.242E-01  1.168E-01  1.095E-01  1.023E-01  9.517E-02  8.818E-02  8.132E-02  7.463E-02  6.811E-02  6.179E-02  5.567E-02  4.979E-02  4.416E-02  3.881E-02  3.374E-02  2.899E-02  2.458E-02  2.051E-02  1.681E-02  1.348E-02  1.055E-02  8.019E-03  5.880E-03  4.128E-03  2.747E-03  1.709E-03  9.750E-04  4.970E-04  2.178E-04  7.750E-05  2.049E-05  3.486E-06  2.981E-07  8.095E-09  2.572E-11 -9.721E-21
  349.0000  1.756E-01  1.678E-01  1.600E-01  1.522E-01  1.444E-01  1.367E-01  1.290E-01  1.214E-01  1.138E-01  1.063E-01  9.897E-02  9.174E-02  8.465E-02  7.772E-02  7.097E-02  6.441E-02  5.807E-02  5.197E-02  4.613E-02  4.057E-02  3.530E-02  3.036E-02  2.576E-02  2.152E-02  1.766E-02  1.419E-02  1.112E-02  8.468E-03  6.222E-03  4.379E-03  2.922E-03  1.824E-03  1.045E-03  5.351E-04  2.359E-04  8.458E-05  2.258E-05  3.893E-06  3.392E-07  9.459E-09  3.132E-11 -1.267E-20
  350.0000  2.049E-01  1.958E-01  1.867E-01  1.777E-01  1.686E-01  1.596E-01  1.507E-01  1.418E-01  1.330E-01  1.243E-01  1.157E-01  1.073E-01  9.906E-02  9.099E-02  8.312E-02  7.547E-02  6.808E-02  6.096E-02  5.414E-02  4.764E-02  4.149E-02  3.570E-02  3.032E-02  2.535E-02  2.082E-02  1.675E-02  1.315E-02  1.002E-02  7.378E-03  5.203E-03  3.480E-03  2.178E-03  1.252E-03  6.438E-04  2.853E-04  1.029E-04  2.772E-05  4.834E-06  4.281E-07  1.224E-08  4.213E-11 -1.822E-20
------------------------------------------------------------
