Spectral Irradiance, W m-2 nm-1
values at z =      3.216 km
Columns: wavelength (nm), solar zenith angles (deg.)
    wc, nm     49.000     50.000     51.000     52.000     53.000     54.000     55.000     56.000     57.000     58.000     59.000     60.000     61.000     62.000     63.000     64.000     65.000     66.000     67.000     68.000     69.000     70.000     71.000     72.000     73.000     74.000     75.000     76.000     77.000     78.000     79.000     80.000     81.000     82.000     83.000     84.000     85.000     86.000     87.000     88.000     89.000     90.000
  280.0000  0.000E+00  0.000E+00  0.000E+00  0.000E+00  0.000E+00  0.000E+00  0.000E+00  0.000E+00  0.000E+00  0.000E+00  0.000E+00  0.000E+00  0.000E+00  0.000E+00  0.000E+00  0.000E+00  0.000E+00  0.000E+00  0.000E+00  0.000E+00  0.000E+00  0.000E+00  0.000E+00  0.000E+00  0.000E+00  0.000E+00  0.000E+00  0.000E+00  0.000E+00  0.000E+00  0.000E+00  0.000E+00  0.000E+00  0.000E+00  0.000E+00  0.000E+00  0.000E+00  0.000E+00  0.000E+00  0.000E+00  0.000E+00  0.000E+00
  281.0000  0.000E+00  0.000E+00  0.000E+00  0.000E+00  0.000E+00  0.000E+00  0.000E+00  0.000E+00  0.000E+00  0.000E+00  0.000E+00  0.000E+00  0.000E+00  0.000E+00  0.000E+00  0.000E+00  0.000E+00  0.000E+00  0.000E+00  0.000E+00  0.000E+00  0.000E+00  0.000E+00  0.000E+00  0.000E+00  0.000E+00  0.000E+00  0.000E+00  0.000E+00  0.000E+00  0.000E+00  0.000E+00  0.000E+00  0.000E+00  0.000E+00  0.000E+00  0.000E+00  0.000E+00  0.000E+00  0.000E+00  0.000E+00  0.000E+00
  282.0000  0.000E+00  0.000E+00  0.000E+00  0.000E+00  0.000E+00  0.000E+00  0.000E+00  0.000E+00  0.000E+00  0.000E+00  0.000E+00  0.000E+00  0.000E+00  0.000E+00  0.000E+00  0.000E+00  0.000E+00  0.000E+00  0.000E+00  0.000E+00  0.000E+00  0.000E+00  0.000E+00  0.000E+00  0.000E+00  0.000E+00  0.000E+00  0.000E+00  0.000E+00  0.000E+00  0.000E+00  0.000E+00  0.000E+00  0.000E+00  0.000E+00  0.000E+00  0.000E+00  0.000E+00  0.000E+00  0.000E+00  0.000E+00  0.000E+00
  283.0000  0.000E+00  0.000E+00  0.000E+00  0.000E+00  0.000E+00  0.000E+00  0.000E+00  0.000E+00  0.000E+00  0.000E+00  0.000E+00  0.000E+00  0.000E+00  0.000E+00  0.000E+00  0.000E+00  0.000E+00  0.000E+00  0.000E+00  0.000E+00  0.000E+00  0.000E+00  0.000E+00  0.000E+00  0.000E+00  0.000E+00  0.000E+00  0.000E+00  0.000E+00  0.000E+00  0.000E+00  0.000E+00  0.000E+00  0.000E+00  0.000E+00  0.000E+00  0.000E+00  0.000E+00  0.000E+00  0.000E+00  0.000E+00  0.000E+00
  284.0000  0.000E+00  0.000E+00  0.000E+00  0.000E+00  0.000E+00  0.000E+00  0.000E+00  0.000E+00  0.000E+00  0.000E+00  0.000E+00  0.000E+00  0.000E+00  0.000E+00  0.000E+00  0.000E+00  0.000E+00  0.000E+00  0.000E+00  0.000E+00  0.000E+00  0.000E+00  0.000E+00  0.000E+00  0.000E+00  0.000E+00  0.000E+00  0.000E+00  0.000E+00  0.000E+00  0.000E+00  0.000E+00  0.000E+00  0.000E+00  0.000E+00  0.000E+00  0.000E+00  0.000E+00  0.000E+00  0.000E+00  0.000E+00  0.000E+00
  285.0000  0.000E+00  0.000E+00  0.000E+00  0.000E+00  0.000E+00  0.000E+00  0.000E+00  0.000E+00  0.000E+00  0.000E+00  0.000E+00  0.000E+00  0.000E+00  0.000E+00  0.000E+00  0.000E+00  0.000E+00  0.000E+00  0.000E+00  0.000E+00  0.000E+00  0.000E+00  0.000E+00  0.000E+00  0.000E+00  0.000E+00  0.000E+00  0.000E+00  0.000E+00  0.000E+00  0.000E+00  0.000E+00  0.000E+00  0.000E+00  0.000E+00  0.000E+00  0.000E+00  0.000E+00  0.000E+00  0.000E+00  0.000E+00  0.000E+00
  286.0000  0.000E+00  0.000E+00  0.000E+00  0.000E+00  0.000E+00  0.000E+00  0.000E+00  0.000E+00  0.000E+00  0.000E+00  0.000E+00  0.000E+00  0.000E+00  0.000E+00  0.000E+00  0.000E+00  0.000E+00  0.000E+00  0.000E+00  0.000E+00  0.000E+00  0.000E+00  0.000E+00  0.000E+00  0.000E+00  0.000E+00  0.000E+00  0.000E+00  0.000E+00  0.000E+00  0.000E+00  0.000E+00  0.000E+00  0.000E+00  0.000E+00  0.000E+00  0.000E+00  0.000E+00  0.000E+00  0.000E+00  0.000E+00  0.000E+00
  287.0000  0.000E+00  0.000E+00  0.000E+00  0.000E+00  0.000E+00  0.000E+00  0.000E+00  0.000E+00  0.000E+00  0.000E+00  0.000E+00  0.000E+00  0.000E+00  0.000E+00  0.000E+00  0.000E+00  0.000E+00  0.000E+00  0.000E+00  0.000E+00  0.000E+00  0.000E+00  0.000E+00  0.000E+00  0.000E+00  0.000E+00  0.000E+00  0.000E+00  0.000E+00  0.000E+00  0.000E+00  0.000E+00  0.000E+00  0.000E+00  0.000E+00  0.000E+00  0.000E+00  0.000E+00  0.000E+00  0.000E+00  0.000E+00  0.000E+00
  288.0000  0.000E+00  0.000E+00  0.000E+00  0.000E+00  0.000E+00  0.000E+00  0.000E+00  0.000E+00  0.000E+00  0.000E+00  0.000E+00  0.000E+00  0.000E+00  0.000E+00  0.000E+00  0.000E+00  0.000E+00  0.000E+00  0.000E+00  0.000E+00  0.000E+00  0.000E+00  0.000E+00  0.000E+00  0.000E+00  0.000E+00  0.000E+00  0.000E+00  0.000E+00  0.000E+00  0.000E+00  0.000E+00  0.000E+00  0.000E+00  0.000E+00  0.000E+00  0.000E+00  0.000E+00  0.000E+00  0.000E+00  0.000E+00  0.000E+00
  289.0000  0.000E+00  0.000E+00  0.000E+00  0.000E+00  0.000E+00  0.000E+00  0.000E+00  0.000E+00  0.000E+00  0.000E+00  0.000E+00  0.000E+00  0.000E+00  0.000E+00  0.000E+00  0.000E+00  0.000E+00  0.000E+00  0.000E+00  0.000E+00  0.000E+00  0.000E+00  0.000E+00  0.000E+00  0.000E+00  0.000E+00  0.000E+00  0.000E+00  0.000E+00  0.000E+00  0.000E+00  0.000E+00  0.000E+00  0.000E+00  0.000E+00  0.000E+00  0.000E+00  0.000E+00  0.000E+00  0.000E+00  0.000E+00  0.000E+00
  290.0000  0.000E+00  0.000E+00  0.000E+00  0.000E+00  0.000E+00  0.000E+00  0.000E+00  0.000E+00  0.000E+00  0.000E+00  0.000E+00  0.000E+00  0.000E+00  0.000E+00  0.000E+00  0.000E+00  0.000E+00  0.000E+00  0.000E+00  0.000E+00  0.000E+00  0.000E+00  0.000E+00  0.000E+00  0.000E+00  0.000E+00  0.000E+00  0.000E+00  0.000E+00  0.000E+00  0.000E+00  0.000E+00  0.000E+00  0.000E+00  0.000E+00  0.000E+00  0.000E+00  0.000E+00  0.000E+00  0.000E+00  0.000E+00  0.000E+00
  291.0000  0.000E+00  0.000E+00  0.000E+00  0.000E+00  0.000E+00  0.000E+00  0.000E+00  0.000E+00  0.000E+00  0.000E+00  0.000E+00  0.000E+00  0.000E+00  0.000E+00  0.000E+00  0.000E+00  0.000E+00  0.000E+00  0.000E+00  0.000E+00  0.000E+00  0.000E+00  0.000E+00  0.000E+00  0.000E+00  0.000E+00  0.000E+00  0.000E+00  0.000E+00  0.000E+00  0.000E+00  0.000E+00  0.000E+00  0.000E+00  0.000E+00  0.000E+00  0.000E+00  0.000E+00  0.000E+00  0.000E+00  0.000E+00  0.000E+00
  292.0000  0.000E+00  0.000E+00  0.000E+00  0.000E+00  0.000E+00  0.000E+00  0.000E+00  0.000E+00  0.000E+00  0.000E+00  0.000E+00  0.000E+00  0.000E+00  0.000E+00  0.000E+00  0.000E+00  0.000E+00  0.000E+00  0.000E+00  0.000E+00  0.000E+00  0.000E+00  0.000E+00  0.000E+00  0.000E+00  0.000E+00  0.000E+00  0.000E+00  0.000E+00  0.000E+00  0.000E+00  0.000E+00  0.000E+00  0.000E+00  0.000E+00  0.000E+00  0.000E+00  0.000E+00  0.000E+00  0.000E+00  0.000E+00  0.000E+00
  293.0000  0.000E+00  0.000E+00  0.000E+00  0.000E+00  0.000E+00  0.000E+00  0.000E+00  0.000E+00  0.000E+00  0.000E+00  0.000E+00  0.000E+00  0.000E+00  0.000E+00  0.000E+00  0.000E+00  0.000E+00  0.000E+00  0.000E+00  0.000E+00  0.000E+00  0.000E+00  0.000E+00  0.000E+00  0.000E+00  0.000E+00  0.000E+00  0.000E+00  0.000E+00  0.000E+00  0.000E+00  0.000E+00  0.000E+00  0.000E+00  0.000E+00  0.000E+00  0.000E+00  0.000E+00  0.000E+00  0.000E+00  0.000E+00  0.000E+00
  294.0000  0.000E+00  0.000E+00  0.000E+00  0.000E+00  0.000E+00  0.000E+00  0.000E+00  0.000E+00  0.000E+00  0.000E+00  0.000E+00  0.000E+00  0.000E+00  0.000E+00  0.000E+00  0.000E+00  0.000E+00  0.000E+00  0.000E+00  0.000E+00  0.000E+00  0.000E+00  0.000E+00  0.000E+00  0.000E+00  0.000E+00  0.000E+00  0.000E+00  0.000E+00  0.000E+00  0.000E+00  0.000E+00  0.000E+00  0.000E+00  0.000E+00  0.000E+00  0.000E+00  0.000E+00  0.000E+00  0.000E+00  0.000E+00  0.000E+00
  295.0000  4.430E-08  3.136E-08  2.178E-08  1.481E-08  9.854E-09  6.399E-09  4.050E-09  2.492E-09  1.487E-09  8.586E-10  4.781E-10  2.559E-10  1.311E-10  6.404E-11  2.967E-11  1.297E-11  5.310E-12  2.022E-12  7.097E-13  2.273E-13  6.563E-14  1.684E-14  3.779E-15  7.262E-16  1.167E-16  1.523E-17  1.558E-18  1.195E-19  6.505E-21  2.347E-22  5.143E-24  6.132E-26  3.453E-28  7.653E-31  5.294E-34  8.530E-38  2.249E-42  0.000E+00  0.000E+00  0.000E+00  0.000E+00  0.000E+00
  296.0000  4.001E-07  2.952E-07  2.141E-07  1.525E-07  1.065E-07  7.286E-08  4.871E-08  3.178E-08  2.018E-08  1.245E-08  7.439E-09  4.294E-09  2.386E-09  1.271E-09  6.465E-10  3.124E-10  1.426E-10  6.105E-11  2.434E-11  8.958E-12  3.010E-12  9.121E-13  2.456E-13  5.777E-14  1.161E-14  1.945E-15  2.631E-16  2.764E-17  2.150E-18  1.165E-19  4.075E-21  8.346E-23  8.831E-25  4.109E-27  6.833E-30  3.124E-33  2.847E-37  3.589E-42  0.000E+00  0.000E+00  0.000E+00  0.000E+00
  297.0000  1.021E-06  7.745E-07  5.787E-07  4.253E-07  3.072E-07  2.176E-07  1.510E-07  1.025E-07  6.792E-08  4.383E-08  2.748E-08  1.670E-08  9.803E-09  5.540E-09  3.003E-09  1.554E-09  7.634E-10  3.541E-10  1.540E-10  6.228E-11  2.320E-11  7.872E-12  2.401E-12  6.477E-13  1.516E-13  3.010E-14  4.924E-15  6.408E-16  6.353E-17  4.541E-18  2.183E-19  6.463E-21  1.051E-22  8.098E-25  2.448E-27  2.277E-30  4.834E-34  1.655E-38  6.446E-44  0.000E+00  0.000E+00  0.000E+00
  298.0000  6.549E-06  5.125E-06  3.957E-06  3.011E-06  2.255E-06  1.661E-06  1.202E-06  8.521E-07  5.915E-07  4.011E-07  2.652E-07  1.705E-07  1.064E-07  6.416E-08  3.730E-08  2.081E-08  1.109E-08  5.619E-09  2.689E-09  1.207E-09  5.037E-10  1.936E-10  6.772E-11  2.125E-11  5.886E-12  1.409E-12  2.842E-13  4.684E-14  6.069E-15  5.887E-16  4.020E-17  1.786E-18  4.662E-20  6.270E-22  3.661E-24  7.456E-27  4.020E-30  4.136E-34  5.700E-39  8.408E-45  0.000E+00  0.000E+00
  299.0000  1.670E-05  1.335E-05  1.054E-05  8.217E-06  6.314E-06  4.778E-06  3.556E-06  2.600E-06  1.864E-06  1.308E-06  8.973E-07  6.001E-07  3.904E-07  2.464E-07  1.503E-07  8.837E-08  4.984E-08  2.684E-08  1.373E-08  6.621E-09  2.990E-09  1.253E-09  4.820E-10  1.680E-10  5.228E-11  1.425E-11  3.324E-12  6.454E-13  1.007E-13  1.207E-14  1.051E-15  6.189E-17  2.244E-18  4.441E-20  4.097E-22  1.437E-24  1.481E-27  3.277E-31  1.093E-35  3.776E-41  0.000E+00  0.000E+00
  300.0000  4.285E-05  3.508E-05  2.841E-05  2.273E-05  1.796E-05  1.400E-05  1.076E-05  8.130E-06  6.040E-06  4.404E-06  3.146E-06  2.197E-06  1.497E-06  9.928E-07  6.390E-07  3.979E-07  2.388E-07  1.376E-07  7.568E-08  3.953E-08  1.947E-08  8.976E-09  3.834E-09  1.500E-09  5.307E-10  1.669E-10  4.569E-11  1.062E-11  2.033E-12  3.078E-13  3.505E-14  2.815E-15  1.466E-16  4.438E-18  6.774E-20  4.326E-22  9.095E-25  4.673E-28  4.121E-32  4.114E-37  2.256E-43  0.000E+00
  301.0000  1.269E-04  1.058E-04  8.730E-05  7.129E-05  5.755E-05  4.589E-05  3.610E-05  2.800E-05  2.137E-05  1.604E-05  1.182E-05  8.531E-06  6.023E-06  4.149E-06  2.782E-06  1.810E-06  1.139E-06  6.908E-07  4.018E-07  2.230E-07  1.174E-07  5.820E-08  2.693E-08  1.151E-08  4.491E-09  1.575E-09  4.874E-10  1.301E-10  2.911E-11  5.266E-12  7.359E-13  7.490E-14  5.143E-15  2.156E-16  4.836E-18  4.883E-20  1.772E-22  1.737E-25  3.231E-29  7.317E-34  9.049E-40  0.000E+00
  302.0000  2.354E-04  1.993E-04  1.672E-04  1.390E-04  1.143E-04  9.292E-05  7.464E-05  5.918E-05  4.625E-05  3.559E-05  2.693E-05  2.000E-05  1.456E-05  1.037E-05  7.200E-06  4.866E-06  3.191E-06  2.023E-06  1.235E-06  7.225E-07  4.028E-07  2.126E-07  1.054E-07  4.864E-08  2.065E-08  7.960E-09  2.738E-09  8.233E-10  2.108E-10  4.450E-11  7.424E-12  9.275E-13  8.089E-14  4.492E-15  1.406E-16  2.110E-18  1.228E-20  2.106E-23  7.490E-27  3.463E-31  8.755E-37  0.000E+00
  303.0000  7.376E-04  6.346E-04  5.415E-04  4.581E-04  3.839E-04  3.185E-04  2.613E-04  2.119E-04  1.696E-04  1.339E-04  1.041E-04  7.964E-05  5.981E-05  4.403E-05  3.170E-05  2.228E-05  1.523E-05  1.011E-05  6.481E-06  4.000E-06  2.365E-06  1.331E-06  7.081E-07  3.532E-07  1.635E-07  6.941E-08  2.660E-08  9.032E-09  2.655E-09  6.559E-10  1.311E-10  2.020E-11  2.249E-12  1.664E-13  7.318E-15  1.647E-16  1.553E-18  4.714E-21  3.245E-24  3.099E-28  1.612E-33  0.000E+00
  304.0000  1.122E-03  9.751E-04  8.411E-04  7.197E-04  6.104E-04  5.129E-04  4.266E-04  3.510E-04  2.853E-04  2.290E-04  1.812E-04  1.412E-04  1.082E-04  8.137E-05  5.996E-05  4.319E-05  3.034E-05  2.072E-05  1.371E-05  8.760E-06  5.376E-06  3.153E-06  1.755E-06  9.205E-07  4.505E-07  2.034E-07  8.352E-08  3.066E-08  9.847E-09  2.691E-09  6.040E-10  1.064E-10  1.386E-11  1.233E-12  6.747E-14  1.970E-15  2.536E-17  1.113E-19  1.178E-22  1.815E-26  1.543E-31 -6.306E-44
  305.0000  2.319E-03  2.042E-03  1.785E-03  1.550E-03  1.335E-03  1.140E-03  9.641E-04  8.077E-04  6.694E-04  5.484E-04  4.436E-04  3.539E-04  2.780E-04  2.148E-04  1.629E-04  1.211E-04  8.797E-05  6.232E-05  4.291E-05  2.862E-05  1.841E-05  1.137E-05  6.699E-06  3.740E-06  1.962E-06  9.572E-07  4.288E-07  1.736E-07  6.229E-08  1.932E-08  5.015E-09  1.045E-09  1.657E-10  1.858E-11  1.337E-12  5.407E-14  1.027E-15  7.145E-18  1.289E-20  3.578E-24  5.489E-29 -3.767E-41
  306.0000  2.848E-03  2.528E-03  2.230E-03  1.954E-03  1.699E-03  1.466E-03  1.254E-03  1.063E-03  8.921E-04  7.406E-04  6.076E-04  4.921E-04  3.929E-04  3.089E-04  2.387E-04  1.810E-04  1.344E-04  9.750E-05  6.887E-05  4.723E-05  3.133E-05  2.000E-05  1.223E-05  7.108E-06  3.901E-06  2.001E-06  9.480E-07  4.089E-07  1.576E-07  5.305E-08  1.513E-08  3.518E-09  6.335E-10  8.251E-11  7.090E-12  3.545E-13  8.672E-15  8.156E-17  2.091E-19  8.595E-23  1.979E-27 -1.995E-39
  307.0000  4.854E-03  4.347E-03  3.870E-03  3.423E-03  3.008E-03  2.624E-03  2.271E-03  1.949E-03  1.657E-03  1.395E-03  1.162E-03  9.559E-04  7.764E-04  6.217E-04  4.901E-04  3.796E-04  2.884E-04  2.144E-04  1.556E-04  1.099E-04  7.526E-05  4.977E-05  3.162E-05  1.919E-05  1.104E-05  5.969E-06  3.000E-06  1.383E-06  5.751E-07  2.110E-07  6.647E-08  1.733E-08  3.569E-09  5.443E-10  5.640E-11  3.525E-12  1.126E-13  1.453E-15  5.388E-18  3.338E-21  1.169E-25 -1.733E-37
  308.0000  7.341E-03  6.626E-03  5.948E-03  5.309E-03  4.709E-03  4.149E-03  3.629E-03  3.149E-03  2.710E-03  2.311E-03  1.951E-03  1.629E-03  1.344E-03  1.094E-03  8.781E-04  6.934E-04  5.379E-04  4.091E-04  3.043E-04  2.207E-04  1.556E-04  1.063E-04  6.993E-05  4.412E-05  2.650E-05  1.504E-05  7.977E-06  3.908E-06  1.741E-06  6.909E-07  2.382E-07  6.897E-08  1.605E-08  2.826E-09  3.473E-10  2.660E-11  1.084E-12  1.868E-14  9.703E-17  8.759E-20  4.522E-24 -9.658E-36
  309.0000  8.814E-03  7.992E-03  7.209E-03  6.467E-03  5.767E-03  5.110E-03  4.496E-03  3.927E-03  3.403E-03  2.923E-03  2.487E-03  2.094E-03  1.743E-03  1.433E-03  1.162E-03  9.275E-04  7.282E-04  5.610E-04  4.232E-04  3.117E-04  2.235E-04  1.554E-04  1.044E-04  6.732E-05  4.145E-05  2.418E-05  1.323E-05  6.710E-06  3.109E-06  1.291E-06  4.688E-07  1.442E-07  3.598E-08  6.884E-09  9.335E-10  8.045E-11  3.775E-12  7.708E-14  4.891E-16  5.550E-19  3.670E-23 -1.014E-34
  310.0000  1.121E-02  1.025E-02  9.324E-03  8.440E-03  7.598E-03  6.801E-03  6.049E-03  5.345E-03  4.687E-03  4.079E-03  3.518E-03  3.006E-03  2.542E-03  2.126E-03  1.755E-03  1.429E-03  1.146E-03  9.037E-04  6.988E-04  5.289E-04  3.906E-04  2.806E-04  1.953E-04  1.311E-04  8.433E-05  5.164E-05  2.985E-05  1.610E-05  8.002E-06  3.599E-06  1.432E-06  4.899E-07  1.385E-07  3.066E-08  4.944E-09  5.239E-10  3.147E-11  8.618E-13  7.697E-15  1.278E-17  1.247E-21 -4.935E-33
  311.0000  2.106E-02  1.932E-02  1.764E-02  1.603E-02  1.449E-02  1.303E-02  1.164E-02  1.033E-02  9.111E-03  7.971E-03  6.917E-03  5.948E-03  5.064E-03  4.265E-03  3.550E-03  2.915E-03  2.359E-03  1.878E-03  1.468E-03  1.124E-03  8.410E-04  6.126E-04  4.330E-04  2.955E-04  1.937E-04  1.212E-04  7.170E-05  3.973E-05  2.034E-05  9.470E-06  3.921E-06  1.404E-06  4.188E-07  9.880E-08  1.718E-08  1.993E-09  1.335E-10  4.167E-12  4.350E-14  8.653E-17  1.033E-20 -5.106E-32
  312.0000  2.186E-02  2.015E-02  1.849E-02  1.689E-02  1.535E-02  1.389E-02  1.249E-02  1.116E-02  9.911E-03  8.738E-03  7.644E-03  6.630E-03  5.698E-03  4.848E-03  4.078E-03  3.388E-03  2.776E-03  2.240E-03  1.777E-03  1.383E-03  1.053E-03  7.817E-04  5.642E-04  3.942E-04  2.652E-04  1.707E-04  1.043E-04  5.995E-05  3.200E-05  1.561E-05  6.826E-06  2.603E-06  8.354E-07  2.149E-07  4.143E-08  5.434E-09  4.219E-10  1.571E-11  2.019E-13  5.085E-16  7.811E-20 -4.982E-31
  313.0000  2.826E-02  2.616E-02  2.413E-02  2.215E-02  2.025E-02  1.842E-02  1.667E-02  1.499E-02  1.341E-02  1.191E-02  1.050E-02  9.184E-03  7.964E-03  6.841E-03  5.815E-03  4.885E-03  4.052E-03  3.313E-03  2.666E-03  2.106E-03  1.631E-03  1.234E-03  9.089E-04  6.495E-04  4.480E-04  2.965E-04  1.870E-04  1.113E-04  6.181E-05  3.157E-05  1.455E-05  5.895E-06  2.031E-06  5.683E-07  1.210E-07  1.788E-08  1.601E-09  7.072E-11  1.111E-12  3.518E-15  6.906E-19 -5.657E-30
  314.0000  3.284E-02  3.047E-02  2.815E-02  2.591E-02  2.374E-02  2.164E-02  1.963E-02  1.771E-02  1.588E-02  1.415E-02  1.252E-02  1.099E-02  9.568E-03  8.252E-03  7.045E-03  5.948E-03  4.959E-03  4.077E-03  3.300E-03  2.625E-03  2.047E-03  1.561E-03  1.160E-03  8.368E-04  5.834E-04  3.908E-04  2.497E-04  1.509E-04  8.525E-05  4.440E-05  2.092E-05  8.704E-06  3.093E-06  8.972E-07  1.995E-07  3.106E-08  2.964E-09  1.415E-10  2.444E-12  8.671E-15  1.951E-18 -1.890E-29
  315.0000  3.897E-02  3.633E-02  3.375E-02  3.123E-02  2.878E-02  2.640E-02  2.411E-02  2.190E-02  1.979E-02  1.777E-02  1.585E-02  1.404E-02  1.234E-02  1.076E-02  9.288E-03  7.936E-03  6.702E-03  5.589E-03  4.593E-03  3.715E-03  2.950E-03  2.294E-03  1.743E-03  1.288E-03  9.224E-04  6.366E-04  4.206E-04  2.640E-04  1.557E-04  8.514E-05  4.244E-05  1.884E-05  7.226E-06  2.293E-06  5.672E-07  1.003E-07  1.115E-08  6.388E-10  1.367E-11  6.178E-14  1.796E-17 -2.246E-28
  316.0000  3.255E-02  3.037E-02  2.823E-02  2.615E-02  2.412E-02  2.215E-02  2.025E-02  1.841E-02  1.665E-02  1.497E-02  1.338E-02  1.187E-02  1.045E-02  9.119E-03  7.887E-03  6.751E-03  5.714E-03  4.775E-03  3.934E-03  3.190E-03  2.540E-03  1.982E-03  1.511E-03  1.121E-03  8.061E-04  5.590E-04  3.714E-04  2.344E-04  1.392E-04  7.674E-05  3.861E-05  1.733E-05  6.729E-06  2.168E-06  5.462E-07  9.879E-08  1.129E-08  6.706E-10  1.503E-11  7.230E-14  2.292E-17 -3.267E-28
  317.0000  5.461E-02  5.113E-02  4.771E-02  4.437E-02  4.110E-02  3.791E-02  3.482E-02  3.183E-02  2.895E-02  2.618E-02  2.353E-02  2.101E-02  1.863E-02  1.638E-02  1.428E-02  1.234E-02  1.054E-02  8.897E-03  7.412E-03  6.084E-03  4.909E-03  3.886E-03  3.010E-03  2.273E-03  1.667E-03  1.181E-03  8.041E-04  5.218E-04  3.197E-04  1.826E-04  9.573E-05  4.506E-05  1.850E-05  6.365E-06  1.734E-06  3.443E-07  4.404E-08  2.993E-09  7.868E-11  4.545E-13  1.759E-16 -3.091E-27
  318.0000  4.913E-02  4.603E-02  4.298E-02  4.000E-02  3.708E-02  3.423E-02  3.147E-02  2.879E-02  2.621E-02  2.373E-02  2.135E-02  1.909E-02  1.694E-02  1.492E-02  1.303E-02  1.127E-02  9.645E-03  8.158E-03  6.810E-03  5.602E-03  4.532E-03  3.597E-03  2.794E-03  2.116E-03  1.558E-03  1.108E-03  7.580E-04  4.944E-04  3.047E-04  1.752E-04  9.257E-05  4.397E-05  1.825E-05  6.360E-06  1.760E-06  3.563E-07  4.670E-08  3.274E-09  8.971E-11  5.479E-13  2.296E-16 -4.559E-27
  319.0000  6.259E-02  5.887E-02  5.521E-02  5.161E-02  4.808E-02  4.461E-02  4.123E-02  3.794E-02  3.475E-02  3.166E-02  2.869E-02  2.584E-02  2.312E-02  2.054E-02  1.810E-02  1.581E-02  1.368E-02  1.170E-02  9.893E-03  8.249E-03  6.773E-03  5.465E-03  4.322E-03  3.340E-03  2.513E-03  1.833E-03  1.288E-03  8.668E-04  5.534E-04  3.313E-04  1.833E-04  9.188E-05  4.061E-05  1.524E-05  4.604E-06  1.036E-06  1.540E-07  1.255E-08  4.109E-10  3.072E-12  1.598E-15 -3.951E-26
  320.0000  6.839E-02  6.426E-02  6.019E-02  5.618E-02  5.226E-02  4.842E-02  4.468E-02  4.105E-02  3.752E-02  3.413E-02  3.086E-02  2.773E-02  2.476E-02  2.194E-02  1.928E-02  1.679E-02  1.448E-02  1.235E-02  1.040E-02  8.636E-03  7.060E-03  5.669E-03  4.460E-03  3.426E-03  2.561E-03  1.855E-03  1.293E-03  8.625E-04  5.450E-04  3.226E-04  1.761E-04  8.695E-05  3.776E-05  1.388E-05  4.097E-06  8.965E-07  1.292E-07  1.018E-08  3.221E-10  2.348E-12  1.225E-15 -3.230E-26
  321.0000  8.038E-02  7.584E-02  7.134E-02  6.691E-02  6.255E-02  5.826E-02  5.406E-02  4.996E-02  4.596E-02  4.208E-02  3.832E-02  3.471E-02  3.124E-02  2.792E-02  2.477E-02  2.180E-02  1.900E-02  1.640E-02  1.399E-02  1.178E-02  9.782E-03  7.988E-03  6.402E-03  5.020E-03  3.839E-03  2.851E-03  2.046E-03  1.408E-03  9.230E-04  5.694E-04  3.261E-04  1.702E-04  7.882E-05  3.128E-05  1.010E-05  2.464E-06  4.043E-07  3.720E-08  1.412E-09  1.265E-11  8.215E-15 -2.692E-25
  322.0000  8.025E-02  7.569E-02  7.118E-02  6.674E-02  6.236E-02  5.806E-02  5.385E-02  4.974E-02  4.574E-02  4.185E-02  3.810E-02  3.448E-02  3.101E-02  2.770E-02  2.456E-02  2.159E-02  1.881E-02  1.622E-02  1.382E-02  1.163E-02  9.643E-03  7.864E-03  6.293E-03  4.928E-03  3.762E-03  2.789E-03  1.996E-03  1.371E-03  8.963E-04  5.514E-04  3.147E-04  1.636E-04  7.546E-05  2.980E-05  9.577E-06  2.323E-06  3.792E-07  3.476E-08  1.320E-09  1.198E-11  8.067E-15 -2.887E-25
  323.0000  7.225E-02  6.820E-02  6.419E-02  6.023E-02  5.633E-02  5.249E-02  4.874E-02  4.506E-02  4.148E-02  3.801E-02  3.464E-02  3.140E-02  2.828E-02  2.530E-02  2.247E-02  1.979E-02  1.727E-02  1.493E-02  1.275E-02  1.076E-02  8.944E-03  7.316E-03  5.875E-03  4.617E-03  3.540E-03  2.636E-03  1.897E-03  1.311E-03  8.625E-04  5.347E-04  3.079E-04  1.617E-04  7.553E-05  3.027E-05  9.902E-06  2.454E-06  4.117E-07  3.906E-08  1.551E-09  1.489E-11  1.084E-14 -4.342E-25
  324.0000  9.293E-02  8.800E-02  8.311E-02  7.826E-02  7.347E-02  6.875E-02  6.410E-02  5.954E-02  5.508E-02  5.072E-02  4.649E-02  4.238E-02  3.842E-02  3.460E-02  3.096E-02  2.748E-02  2.419E-02  2.109E-02  1.820E-02  1.552E-02  1.306E-02  1.082E-02  8.814E-03  7.037E-03  5.490E-03  4.169E-03  3.067E-03  2.172E-03  1.470E-03  9.406E-04  5.620E-04  3.081E-04  1.512E-04  6.428E-05  2.255E-05  6.077E-06  1.127E-06  1.207E-07  5.527E-09  6.254E-11  5.442E-14 -2.627E-24
  325.0000  9.498E-02  8.981E-02  8.469E-02  7.963E-02  7.463E-02  6.971E-02  6.488E-02  6.014E-02  5.552E-02  5.101E-02  4.664E-02  4.241E-02  3.834E-02  3.443E-02  3.070E-02  2.716E-02  2.382E-02  2.069E-02  1.778E-02  1.509E-02  1.263E-02  1.041E-02  8.425E-03  6.681E-03  5.173E-03  3.896E-03  2.839E-03  1.990E-03  1.330E-03  8.400E-04  4.942E-04  2.661E-04  1.279E-04  5.310E-05  1.811E-05  4.725E-06  8.443E-07  8.667E-08  3.802E-09  4.151E-11  3.577E-14 -1.814E-24
  326.0000  1.331E-01  1.261E-01  1.192E-01  1.123E-01  1.054E-01  9.872E-02  9.210E-02  8.560E-02  7.924E-02  7.303E-02  6.698E-02  6.111E-02  5.545E-02  4.999E-02  4.476E-02  3.978E-02  3.506E-02  3.061E-02  2.645E-02  2.259E-02  1.904E-02  1.581E-02  1.290E-02  1.032E-02  8.075E-03  6.150E-03  4.539E-03  3.226E-03  2.192E-03  1.410E-03  8.475E-04  4.677E-04  2.315E-04  9.944E-05  3.534E-05  9.684E-06  1.837E-06  2.027E-07  9.705E-09  1.175E-10  1.142E-13 -6.666E-24
  327.0000  1.355E-01  1.285E-01  1.216E-01  1.148E-01  1.080E-01  1.013E-01  9.466E-02  8.816E-02  8.178E-02  7.553E-02  6.944E-02  6.352E-02  5.779E-02  5.225E-02  4.694E-02  4.186E-02  3.702E-02  3.245E-02  2.816E-02  2.417E-02  2.047E-02  1.709E-02  1.404E-02  1.131E-02  8.915E-03  6.847E-03  5.101E-03  3.666E-03  2.521E-03  1.645E-03  1.004E-03  5.649E-04  2.858E-04  1.260E-04  4.619E-05  1.314E-05  2.610E-06  3.047E-07  1.563E-08  2.058E-10  2.215E-13 -1.471E-23
  328.0000  1.263E-01  1.197E-01  1.132E-01  1.067E-01  1.002E-01  9.389E-02  8.763E-02  8.149E-02  7.547E-02  6.959E-02  6.387E-02  5.831E-02  5.294E-02  4.777E-02  4.281E-02  3.808E-02  3.359E-02  2.936E-02  2.539E-02  2.171E-02  1.833E-02  1.524E-02  1.246E-02  9.986E-03  7.827E-03  5.974E-03  4.420E-03  3.152E-03  2.149E-03  1.388E-03  8.379E-04  4.651E-04  2.318E-04  1.004E-04  3.606E-05  1.002E-05  1.937E-06  2.196E-07  1.094E-08  1.410E-10  1.520E-13 -1.066E-23
  329.0000  1.421E-01  1.350E-01  1.279E-01  1.208E-01  1.138E-01  1.069E-01  1.001E-01  9.334E-02  8.673E-02  8.026E-02  7.393E-02  6.777E-02  6.180E-02  5.601E-02  5.045E-02  4.511E-02  4.003E-02  3.520E-02  3.066E-02  2.641E-02  2.247E-02  1.885E-02  1.556E-02  1.261E-02  1.000E-02  7.736E-03  5.810E-03  4.213E-03  2.928E-03  1.933E-03  1.197E-03  6.839E-04  3.527E-04  1.591E-04  5.996E-05  1.766E-05  3.660E-06  4.514E-07  2.487E-08  3.604E-10  4.433E-13 -3.598E-23
  330.0000  1.674E-01  1.590E-01  1.507E-01  1.425E-01  1.343E-01  1.262E-01  1.183E-01  1.104E-01  1.026E-01  9.505E-02  8.763E-02  8.040E-02  7.337E-02  6.658E-02  6.003E-02  5.374E-02  4.774E-02  4.204E-02  3.667E-02  3.164E-02  2.696E-02  2.266E-02  1.875E-02  1.523E-02  1.211E-02  9.396E-03  7.080E-03  5.153E-03  3.597E-03  2.386E-03  1.486E-03  8.547E-04  4.443E-04  2.023E-04  7.714E-05  2.304E-05  4.864E-06  6.142E-07  3.491E-08  5.284E-10  6.922E-13 -6.203E-23
  331.0000  1.402E-01  1.332E-01  1.261E-01  1.192E-01  1.122E-01  1.054E-01  9.864E-02  9.199E-02  8.545E-02  7.905E-02  7.280E-02  6.672E-02  6.081E-02  5.511E-02  4.961E-02  4.435E-02  3.933E-02  3.457E-02  3.010E-02  2.591E-02  2.203E-02  1.847E-02  1.524E-02  1.234E-02  9.780E-03  7.559E-03  5.672E-03  4.108E-03  2.852E-03  1.881E-03  1.163E-03  6.639E-04  3.420E-04  1.541E-04  5.807E-05  1.711E-05  3.558E-06  4.423E-07  2.481E-08  3.734E-10  4.969E-13 -4.733E-23
  332.0000  1.470E-01  1.398E-01  1.326E-01  1.255E-01  1.184E-01  1.114E-01  1.044E-01  9.758E-02  9.084E-02  8.423E-02  7.775E-02  7.144E-02  6.529E-02  5.934E-02  5.359E-02  4.807E-02  4.279E-02  3.776E-02  3.302E-02  2.856E-02  2.441E-02  2.058E-02  1.708E-02  1.393E-02  1.112E-02  8.672E-03  6.569E-03  4.810E-03  3.381E-03  2.260E-03  1.421E-03  8.263E-04  4.352E-04  2.013E-04  7.824E-05  2.394E-05  5.211E-06  6.851E-07  4.113E-08  6.720E-10  9.865E-13 -1.060E-22
  333.0000  1.588E-01  1.511E-01  1.434E-01  1.358E-01  1.282E-01  1.207E-01  1.133E-01  1.059E-01  9.870E-02  9.161E-02  8.466E-02  7.787E-02  7.127E-02  6.485E-02  5.866E-02  5.269E-02  4.698E-02  4.154E-02  3.639E-02  3.155E-02  2.703E-02  2.285E-02  1.902E-02  1.556E-02  1.247E-02  9.756E-03  7.423E-03  5.463E-03  3.861E-03  2.598E-03  1.646E-03  9.655E-04  5.138E-04  2.406E-04  9.494E-05  2.959E-05  6.591E-06  8.919E-07  5.558E-08  9.540E-10  1.497E-12 -1.774E-22
  334.0000  1.412E-01  1.343E-01  1.274E-01  1.206E-01  1.138E-01  1.070E-01  1.004E-01  9.382E-02  8.736E-02  8.102E-02  7.482E-02  6.876E-02  6.286E-02  5.715E-02  5.163E-02  4.633E-02  4.126E-02  3.643E-02  3.187E-02  2.758E-02  2.359E-02  1.990E-02  1.653E-02  1.349E-02  1.079E-02  8.417E-03  6.385E-03  4.682E-03  3.296E-03  2.208E-03  1.391E-03  8.118E-04  4.291E-04  1.994E-04  7.803E-05  2.409E-05  5.309E-06  7.112E-07  4.398E-08  7.553E-10  1.210E-12 -1.526E-22
  335.0000  1.652E-01  1.573E-01  1.495E-01  1.416E-01  1.338E-01  1.261E-01  1.184E-01  1.109E-01  1.034E-01  9.608E-02  8.889E-02  8.186E-02  7.501E-02  6.836E-02  6.192E-02  5.571E-02  4.976E-02  4.408E-02  3.870E-02  3.362E-02  2.887E-02  2.447E-02  2.043E-02  1.677E-02  1.349E-02  1.060E-02  8.103E-03  5.994E-03  4.263E-03  2.889E-03  1.844E-03  1.093E-03  5.880E-04  2.792E-04  1.121E-04  3.568E-05  8.167E-06  1.146E-06  7.504E-08  1.382E-09  2.413E-12 -3.395E-22
  336.0000  1.425E-01  1.358E-01  1.290E-01  1.223E-01  1.156E-01  1.090E-01  1.025E-01  9.597E-02  8.957E-02  8.328E-02  7.710E-02  7.106E-02  6.517E-02  5.944E-02  5.390E-02  4.855E-02  4.341E-02  3.850E-02  3.384E-02  2.945E-02  2.533E-02  2.151E-02  1.799E-02  1.480E-02  1.193E-02  9.401E-03  7.208E-03  5.350E-03  3.820E-03  2.600E-03  1.669E-03  9.945E-04  5.391E-04  2.582E-04  1.047E-04  3.379E-05  7.864E-06  1.127E-06  7.596E-08  1.455E-09  2.687E-12 -4.128E-22
  337.0000  1.360E-01  1.295E-01  1.230E-01  1.166E-01  1.102E-01  1.038E-01  9.755E-02  9.134E-02  8.522E-02  7.920E-02  7.330E-02  6.752E-02  6.189E-02  5.642E-02  5.112E-02  4.602E-02  4.112E-02  3.645E-02  3.201E-02  2.783E-02  2.391E-02  2.028E-02  1.695E-02  1.392E-02  1.121E-02  8.818E-03  6.749E-03  5.000E-03  3.562E-03  2.419E-03  1.548E-03  9.199E-04  4.970E-04  2.371E-04  9.577E-05  3.076E-05  7.128E-06  1.019E-06  6.865E-08  1.326E-09  2.518E-12 -4.129E-22
  338.0000  1.547E-01  1.474E-01  1.401E-01  1.329E-01  1.256E-01  1.185E-01  1.114E-01  1.044E-01  9.743E-02  9.062E-02  8.393E-02  7.739E-02  7.100E-02  6.479E-02  5.877E-02  5.296E-02  4.739E-02  4.206E-02  3.699E-02  3.221E-02  2.773E-02  2.357E-02  1.973E-02  1.625E-02  1.312E-02  1.035E-02  7.948E-03  5.911E-03  4.229E-03  2.886E-03  1.858E-03  1.111E-03  6.051E-04  2.914E-04  1.191E-04  3.880E-05  9.154E-06  1.339E-06  9.297E-08  1.870E-09  3.760E-12 -6.724E-22
  339.0000  1.670E-01  1.592E-01  1.514E-01  1.437E-01  1.360E-01  1.283E-01  1.207E-01  1.132E-01  1.058E-01  9.852E-02  9.135E-02  8.432E-02  7.746E-02  7.078E-02  6.429E-02  5.803E-02  5.201E-02  4.624E-02  4.075E-02  3.556E-02  3.068E-02  2.614E-02  2.195E-02  1.813E-02  1.469E-02  1.163E-02  8.974E-03  6.706E-03  4.825E-03  3.314E-03  2.149E-03  1.297E-03  7.134E-04  3.478E-04  1.442E-04  4.785E-05  1.155E-05  1.737E-06  1.250E-07  2.636E-09  5.643E-12 -1.104E-21
  340.0000  1.897E-01  1.808E-01  1.720E-01  1.632E-01  1.545E-01  1.458E-01  1.371E-01  1.286E-01  1.202E-01  1.119E-01  1.038E-01  9.580E-02  8.801E-02  8.042E-02  7.306E-02  6.595E-02  5.911E-02  5.256E-02  4.633E-02  4.043E-02  3.489E-02  2.973E-02  2.497E-02  2.063E-02  1.672E-02  1.324E-02  1.022E-02  7.639E-03  5.498E-03  3.778E-03  2.452E-03  1.481E-03  8.156E-04  3.983E-04  1.655E-04  5.507E-05  1.335E-05  2.022E-06  1.474E-07  3.172E-09  7.052E-12 -1.481E-21
  341.0000  1.689E-01  1.611E-01  1.533E-01  1.455E-01  1.378E-01  1.301E-01  1.224E-01  1.149E-01  1.074E-01  1.001E-01  9.286E-02  8.578E-02  7.886E-02  7.212E-02  6.557E-02  5.924E-02  5.315E-02  4.731E-02  4.175E-02  3.648E-02  3.152E-02  2.690E-02  2.263E-02  1.873E-02  1.521E-02  1.208E-02  9.341E-03  7.004E-03  5.058E-03  3.489E-03  2.274E-03  1.381E-03  7.651E-04  3.764E-04  1.578E-04  5.312E-05  1.306E-05  2.016E-06  1.507E-07  3.358E-09  7.856E-12 -1.788E-21
  342.0000  1.748E-01  1.668E-01  1.587E-01  1.508E-01  1.428E-01  1.349E-01  1.270E-01  1.193E-01  1.116E-01  1.040E-01  9.659E-02  8.929E-02  8.215E-02  7.519E-02  6.843E-02  6.188E-02  5.557E-02  4.952E-02  4.375E-02  3.828E-02  3.313E-02  2.832E-02  2.387E-02  1.979E-02  1.611E-02  1.282E-02  9.944E-03  7.479E-03  5.420E-03  3.754E-03  2.459E-03  1.501E-03  8.374E-04  4.152E-04  1.758E-04  5.989E-05  1.495E-05  2.355E-06  1.806E-07  4.172E-09  1.028E-11 -2.535E-21
  343.0000  1.856E-01  1.772E-01  1.687E-01  1.602E-01  1.518E-01  1.434E-01  1.351E-01  1.269E-01  1.188E-01  1.108E-01  1.029E-01  9.513E-02  8.756E-02  8.017E-02  7.300E-02  6.605E-02  5.934E-02  5.291E-02  4.678E-02  4.096E-02  3.547E-02  3.035E-02  2.560E-02  2.125E-02  1.731E-02  1.380E-02  1.072E-02  8.074E-03  5.862E-03  4.069E-03  2.672E-03  1.636E-03  9.160E-04  4.563E-04  1.943E-04  6.665E-05  1.680E-05  2.679E-06  2.092E-07  4.967E-09  1.278E-11 -3.388E-21
  344.0000  1.517E-01  1.448E-01  1.379E-01  1.310E-01  1.241E-01  1.172E-01  1.104E-01  1.037E-01  9.708E-02  9.053E-02  8.408E-02  7.775E-02  7.156E-02  6.553E-02  5.966E-02  5.398E-02  4.850E-02  4.325E-02  3.823E-02  3.348E-02  2.900E-02  2.481E-02  2.093E-02  1.737E-02  1.415E-02  1.128E-02  8.763E-03  6.602E-03  4.794E-03  3.329E-03  2.186E-03  1.339E-03  7.503E-04  3.741E-04  1.595E-04  5.483E-05  1.387E-05  2.224E-06  1.754E-07  4.242E-09  1.130E-11 -3.202E-21
  345.0000  1.718E-01  1.641E-01  1.563E-01  1.485E-01  1.408E-01  1.331E-01  1.255E-01  1.179E-01  1.104E-01  1.030E-01  9.575E-02  8.862E-02  8.163E-02  7.481E-02  6.818E-02  6.175E-02  5.555E-02  4.959E-02  4.390E-02  3.849E-02  3.339E-02  2.861E-02  2.418E-02  2.012E-02  1.643E-02  1.313E-02  1.023E-02  7.731E-03  5.636E-03  3.930E-03  2.594E-03  1.598E-03  9.018E-04  4.534E-04  1.953E-04  6.798E-05  1.747E-05  2.859E-06  2.316E-07  5.806E-09  1.627E-11 -4.985E-21
  346.0000  1.765E-01  1.685E-01  1.605E-01  1.526E-01  1.447E-01  1.368E-01  1.289E-01  1.212E-01  1.135E-01  1.059E-01  9.846E-02  9.114E-02  8.397E-02  7.697E-02  7.016E-02  6.356E-02  5.719E-02  5.107E-02  4.522E-02  3.966E-02  3.442E-02  2.951E-02  2.495E-02  2.076E-02  1.696E-02  1.356E-02  1.058E-02  8.000E-03  5.837E-03  4.075E-03  2.693E-03  1.662E-03  9.395E-04  4.735E-04  2.046E-04  7.153E-05  1.849E-05  3.053E-06  2.506E-07  6.421E-09  1.868E-11 -6.125E-21
  347.0000  1.920E-01  1.834E-01  1.747E-01  1.661E-01  1.575E-01  1.490E-01  1.405E-01  1.321E-01  1.238E-01  1.156E-01  1.075E-01  9.954E-02  9.175E-02  8.415E-02  7.675E-02  6.957E-02  6.264E-02  5.598E-02  4.961E-02  4.355E-02  3.783E-02  3.247E-02  2.748E-02  2.290E-02  1.874E-02  1.501E-02  1.172E-02  8.888E-03  6.500E-03  4.550E-03  3.017E-03  1.869E-03  1.061E-03  5.379E-04  2.340E-04  8.252E-05  2.156E-05  3.613E-06  3.027E-07  7.980E-09  2.426E-11 -8.540E-21
  348.0000  1.691E-01  1.616E-01  1.540E-01  1.464E-01  1.389E-01  1.314E-01  1.240E-01  1.166E-01  1.093E-01  1.021E-01  9.499E-02  8.801E-02  8.116E-02  7.448E-02  6.797E-02  6.165E-02  5.555E-02  4.967E-02  4.405E-02  3.871E-02  3.365E-02  2.891E-02  2.450E-02  2.044E-02  1.675E-02  1.344E-02  1.052E-02  7.988E-03  5.856E-03  4.110E-03  2.734E-03  1.700E-03  9.696E-04  4.940E-04  2.163E-04  7.692E-05  2.032E-05  3.453E-06  2.950E-07  7.999E-09  2.538E-11 -9.584E-21
  349.0000  1.754E-01  1.676E-01  1.598E-01  1.520E-01  1.442E-01  1.365E-01  1.288E-01  1.212E-01  1.136E-01  1.062E-01  9.883E-02  9.161E-02  8.452E-02  7.760E-02  7.085E-02  6.430E-02  5.797E-02  5.188E-02  4.604E-02  4.049E-02  3.523E-02  3.030E-02  2.570E-02  2.147E-02  1.762E-02  1.415E-02  1.109E-02  8.443E-03  6.202E-03  4.364E-03  2.911E-03  1.816E-03  1.040E-03  5.326E-04  2.347E-04  8.410E-05  2.244E-05  3.865E-06  3.364E-07  9.373E-09  3.101E-11 -1.254E-20
  350.0000  2.046E-01  1.956E-01  1.865E-01  1.774E-01  1.684E-01  1.594E-01  1.504E-01  1.416E-01  1.328E-01  1.241E-01  1.156E-01  1.071E-01  9.889E-02  9.082E-02  8.296E-02  7.533E-02  6.794E-02  6.083E-02  5.402E-02  4.753E-02  4.139E-02  3.562E-02  3.024E-02  2.528E-02  2.076E-02  1.670E-02  1.311E-02  9.990E-03  7.351E-03  5.183E-03  3.465E-03  2.168E-03  1.246E-03  6.403E-04  2.835E-04  1.022E-04  2.751E-05  4.793E-06  4.240E-07  1.211E-08  4.164E-11 -1.799E-20
------------------------------------------------------------
