Spectral Irradiance, W m-2 nm-1
values at z =      3.216 km
Columns: wavelength (nm), solar zenith angles (deg.)
    wc, nm     49.000     50.000     51.000     52.000     53.000     54.000     55.000     56.000     57.000     58.000     59.000     60.000     61.000     62.000     63.000     64.000     65.000     66.000     67.000     68.000     69.000     70.000     71.000     72.000     73.000     74.000     75.000     76.000     77.000     78.000     79.000     80.000     81.000     82.000     83.000     84.000     85.000     86.000     87.000     88.000     89.000     90.000
  280.0000  0.000E+00  0.000E+00  0.000E+00  0.000E+00  0.000E+00  0.000E+00  0.000E+00  0.000E+00  0.000E+00  0.000E+00  0.000E+00  0.000E+00  0.000E+00  0.000E+00  0.000E+00  0.000E+00  0.000E+00  0.000E+00  0.000E+00  0.000E+00  0.000E+00  0.000E+00  0.000E+00  0.000E+00  0.000E+00  0.000E+00  0.000E+00  0.000E+00  0.000E+00  0.000E+00  0.000E+00  0.000E+00  0.000E+00  0.000E+00  0.000E+00  0.000E+00  0.000E+00  0.000E+00  0.000E+00  0.000E+00  0.000E+00  0.000E+00
  281.0000  0.000E+00  0.000E+00  0.000E+00  0.000E+00  0.000E+00  0.000E+00  0.000E+00  0.000E+00  0.000E+00  0.000E+00  0.000E+00  0.000E+00  0.000E+00  0.000E+00  0.000E+00  0.000E+00  0.000E+00  0.000E+00  0.000E+00  0.000E+00  0.000E+00  0.000E+00  0.000E+00  0.000E+00  0.000E+00  0.000E+00  0.000E+00  0.000E+00  0.000E+00  0.000E+00  0.000E+00  0.000E+00  0.000E+00  0.000E+00  0.000E+00  0.000E+00  0.000E+00  0.000E+00  0.000E+00  0.000E+00  0.000E+00  0.000E+00
  282.0000  0.000E+00  0.000E+00  0.000E+00  0.000E+00  0.000E+00  0.000E+00  0.000E+00  0.000E+00  0.000E+00  0.000E+00  0.000E+00  0.000E+00  0.000E+00  0.000E+00  0.000E+00  0.000E+00  0.000E+00  0.000E+00  0.000E+00  0.000E+00  0.000E+00  0.000E+00  0.000E+00  0.000E+00  0.000E+00  0.000E+00  0.000E+00  0.000E+00  0.000E+00  0.000E+00  0.000E+00  0.000E+00  0.000E+00  0.000E+00  0.000E+00  0.000E+00  0.000E+00  0.000E+00  0.000E+00  0.000E+00  0.000E+00  0.000E+00
  283.0000  0.000E+00  0.000E+00  0.000E+00  0.000E+00  0.000E+00  0.000E+00  0.000E+00  0.000E+00  0.000E+00  0.000E+00  0.000E+00  0.000E+00  0.000E+00  0.000E+00  0.000E+00  0.000E+00  0.000E+00  0.000E+00  0.000E+00  0.000E+00  0.000E+00  0.000E+00  0.000E+00  0.000E+00  0.000E+00  0.000E+00  0.000E+00  0.000E+00  0.000E+00  0.000E+00  0.000E+00  0.000E+00  0.000E+00  0.000E+00  0.000E+00  0.000E+00  0.000E+00  0.000E+00  0.000E+00  0.000E+00  0.000E+00  0.000E+00
  284.0000  0.000E+00  0.000E+00  0.000E+00  0.000E+00  0.000E+00  0.000E+00  0.000E+00  0.000E+00  0.000E+00  0.000E+00  0.000E+00  0.000E+00  0.000E+00  0.000E+00  0.000E+00  0.000E+00  0.000E+00  0.000E+00  0.000E+00  0.000E+00  0.000E+00  0.000E+00  0.000E+00  0.000E+00  0.000E+00  0.000E+00  0.000E+00  0.000E+00  0.000E+00  0.000E+00  0.000E+00  0.000E+00  0.000E+00  0.000E+00  0.000E+00  0.000E+00  0.000E+00  0.000E+00  0.000E+00  0.000E+00  0.000E+00  0.000E+00
  285.0000  0.000E+00  0.000E+00  0.000E+00  0.000E+00  0.000E+00  0.000E+00  0.000E+00  0.000E+00  0.000E+00  0.000E+00  0.000E+00  0.000E+00  0.000E+00  0.000E+00  0.000E+00  0.000E+00  0.000E+00  0.000E+00  0.000E+00  0.000E+00  0.000E+00  0.000E+00  0.000E+00  0.000E+00  0.000E+00  0.000E+00  0.000E+00  0.000E+00  0.000E+00  0.000E+00  0.000E+00  0.000E+00  0.000E+00  0.000E+00  0.000E+00  0.000E+00  0.000E+00  0.000E+00  0.000E+00  0.000E+00  0.000E+00  0.000E+00
  286.0000  0.000E+00  0.000E+00  0.000E+00  0.000E+00  0.000E+00  0.000E+00  0.000E+00  0.000E+00  0.000E+00  0.000E+00  0.000E+00  0.000E+00  0.000E+00  0.000E+00  0.000E+00  0.000E+00  0.000E+00  0.000E+00  0.000E+00  0.000E+00  0.000E+00  0.000E+00  0.000E+00  0.000E+00  0.000E+00  0.000E+00  0.000E+00  0.000E+00  0.000E+00  0.000E+00  0.000E+00  0.000E+00  0.000E+00  0.000E+00  0.000E+00  0.000E+00  0.000E+00  0.000E+00  0.000E+00  0.000E+00  0.000E+00  0.000E+00
  287.0000  0.000E+00  0.000E+00  0.000E+00  0.000E+00  0.000E+00  0.000E+00  0.000E+00  0.000E+00  0.000E+00  0.000E+00  0.000E+00  0.000E+00  0.000E+00  0.000E+00  0.000E+00  0.000E+00  0.000E+00  0.000E+00  0.000E+00  0.000E+00  0.000E+00  0.000E+00  0.000E+00  0.000E+00  0.000E+00  0.000E+00  0.000E+00  0.000E+00  0.000E+00  0.000E+00  0.000E+00  0.000E+00  0.000E+00  0.000E+00  0.000E+00  0.000E+00  0.000E+00  0.000E+00  0.000E+00  0.000E+00  0.000E+00  0.000E+00
  288.0000  0.000E+00  0.000E+00  0.000E+00  0.000E+00  0.000E+00  0.000E+00  0.000E+00  0.000E+00  0.000E+00  0.000E+00  0.000E+00  0.000E+00  0.000E+00  0.000E+00  0.000E+00  0.000E+00  0.000E+00  0.000E+00  0.000E+00  0.000E+00  0.000E+00  0.000E+00  0.000E+00  0.000E+00  0.000E+00  0.000E+00  0.000E+00  0.000E+00  0.000E+00  0.000E+00  0.000E+00  0.000E+00  0.000E+00  0.000E+00  0.000E+00  0.000E+00  0.000E+00  0.000E+00  0.000E+00  0.000E+00  0.000E+00  0.000E+00
  289.0000  0.000E+00  0.000E+00  0.000E+00  0.000E+00  0.000E+00  0.000E+00  0.000E+00  0.000E+00  0.000E+00  0.000E+00  0.000E+00  0.000E+00  0.000E+00  0.000E+00  0.000E+00  0.000E+00  0.000E+00  0.000E+00  0.000E+00  0.000E+00  0.000E+00  0.000E+00  0.000E+00  0.000E+00  0.000E+00  0.000E+00  0.000E+00  0.000E+00  0.000E+00  0.000E+00  0.000E+00  0.000E+00  0.000E+00  0.000E+00  0.000E+00  0.000E+00  0.000E+00  0.000E+00  0.000E+00  0.000E+00  0.000E+00  0.000E+00
  290.0000  0.000E+00  0.000E+00  0.000E+00  0.000E+00  0.000E+00  0.000E+00  0.000E+00  0.000E+00  0.000E+00  0.000E+00  0.000E+00  0.000E+00  0.000E+00  0.000E+00  0.000E+00  0.000E+00  0.000E+00  0.000E+00  0.000E+00  0.000E+00  0.000E+00  0.000E+00  0.000E+00  0.000E+00  0.000E+00  0.000E+00  0.000E+00  0.000E+00  0.000E+00  0.000E+00  0.000E+00  0.000E+00  0.000E+00  0.000E+00  0.000E+00  0.000E+00  0.000E+00  0.000E+00  0.000E+00  0.000E+00  0.000E+00  0.000E+00
  291.0000  2.055E-08  1.426E-08  9.699E-09  6.452E-09  4.192E-09  2.655E-09  1.636E-09  9.789E-10  5.670E-10  3.170E-10  1.706E-10  8.805E-11  4.339E-11  2.033E-11  9.004E-12  3.748E-12  1.457E-12  5.241E-13  1.730E-13  5.180E-14  1.390E-14  3.292E-15  6.761E-16  1.178E-16  1.700E-17  1.966E-18  1.756E-19  1.156E-20  5.290E-22  1.566E-23  2.732E-25  2.501E-27  1.033E-29  1.590E-32  7.126E-36  6.827E-40  9.809E-45  0.000E+00  0.000E+00  0.000E+00  0.000E+00  0.000E+00
  292.0000  1.502E-07  1.088E-07  7.741E-08  5.402E-08  3.693E-08  2.469E-08  1.611E-08  1.024E-08  6.326E-09  3.789E-09  2.195E-09  1.225E-09  6.567E-10  3.367E-10  1.643E-10  7.593E-11  3.303E-11  1.343E-11  5.059E-12  1.750E-12  5.498E-13  1.548E-13  3.843E-14  8.261E-15  1.503E-15  2.254E-16  2.691E-17  2.457E-18  1.629E-19  7.360E-21  2.088E-22  3.353E-24  2.670E-26  8.878E-29  9.901E-32  2.804E-35  1.435E-39  8.408E-45  0.000E+00  0.000E+00  0.000E+00  0.000E+00
  293.0000  5.340E-07  3.972E-07  2.906E-07  2.089E-07  1.474E-07  1.018E-07  6.884E-08  4.543E-08  2.921E-08  1.826E-08  1.107E-08  6.484E-09  3.661E-09  1.984E-09  1.028E-09  5.068E-10  2.364E-10  1.036E-10  4.237E-11  1.603E-11  5.549E-12  1.738E-12  4.852E-13  1.187E-13  2.495E-14  4.390E-15  6.272E-16  7.009E-17  5.844E-18  3.428E-19  1.313E-20  2.986E-22  3.566E-24  1.910E-26  3.744E-29  2.074E-32  2.360E-36  3.824E-41  0.000E+00  0.000E+00  0.000E+00  0.000E+00
  294.0000  2.513E-06  1.930E-06  1.462E-06  1.089E-06  7.983E-07  5.745E-07  4.054E-07  2.800E-07  1.890E-07  1.244E-07  7.970E-08  4.954E-08  2.980E-08  1.729E-08  9.636E-09  5.138E-09  2.609E-09  1.254E-09  5.664E-10  2.388E-10  9.311E-11  3.321E-11  1.070E-11  3.066E-12  7.675E-13  1.641E-13  2.919E-14  4.173E-15  4.600E-16  3.710E-17  2.049E-18  7.116E-20  1.393E-21  1.333E-23  5.195E-26  6.516E-29  1.960E-32  1.001E-36  6.006E-42  0.000E+00  0.000E+00  0.000E+00
  295.0000  7.560E-06  5.941E-06  4.607E-06  3.522E-06  2.652E-06  1.964E-06  1.428E-06  1.019E-06  7.119E-07  4.861E-07  3.237E-07  2.098E-07  1.319E-07  8.029E-08  4.712E-08  2.656E-08  1.431E-08  7.340E-09  3.558E-09  1.620E-09  6.865E-10  2.684E-10  9.562E-11  3.063E-11  8.677E-12  2.130E-12  4.418E-13  7.515E-14  1.009E-14  1.019E-15  7.283E-17  3.410E-18  9.457E-20  1.364E-21  8.634E-24  1.929E-26  1.154E-29  1.328E-33  2.037E-38  2.943E-44  0.000E+00  0.000E+00
  296.0000  3.259E-05  2.630E-05  2.097E-05  1.651E-05  1.282E-05  9.811E-06  7.390E-06  5.471E-06  3.976E-06  2.832E-06  1.972E-06  1.341E-06  8.880E-07  5.710E-07  3.556E-07  2.136E-07  1.234E-07  6.816E-08  3.584E-08  1.782E-08  8.316E-09  3.613E-09  1.446E-09  5.266E-10  1.720E-10  4.946E-11  1.226E-11  2.547E-12  4.289E-13  5.611E-14  5.401E-15  3.568E-16  1.478E-17  3.418E-19  3.783E-21  1.642E-23  2.168E-26  6.349E-30  2.861E-34  1.305E-39  0.000E+00  0.000E+00
  297.0000  5.041E-05  4.141E-05  3.364E-05  2.702E-05  2.144E-05  1.678E-05  1.294E-05  9.828E-06  7.338E-06  5.378E-06  3.862E-06  2.714E-06  1.861E-06  1.243E-06  8.057E-07  5.057E-07  3.061E-07  1.779E-07  9.887E-08  5.221E-08  2.603E-08  1.215E-08  5.264E-09  2.093E-09  7.531E-10  2.414E-10  6.753E-11  1.608E-11  3.163E-12  4.937E-13  5.821E-14  4.864E-15  2.652E-16  8.463E-18  1.372E-19  9.384E-22  2.129E-24  1.184E-27  1.120E-31  1.155E-36  5.927E-43  0.000E+00
  298.0000  1.861E-04  1.559E-04  1.293E-04  1.062E-04  8.623E-05  6.918E-05  5.478E-05  4.278E-05  3.290E-05  2.489E-05  1.849E-05  1.347E-05  9.599E-06  6.681E-06  4.529E-06  2.982E-06  1.901E-06  1.169E-06  6.905E-07  3.896E-07  2.088E-07  1.055E-07  4.990E-08  2.184E-08  8.748E-09  3.159E-09  1.010E-09  2.796E-10  6.521E-11  1.237E-11  1.823E-12  1.974E-13  1.455E-14  6.625E-16  1.636E-17  1.845E-19  7.597E-22  8.550E-25  1.826E-28  4.598E-33  5.704E-39  0.000E+00
  299.0000  3.241E-04  2.752E-04  2.317E-04  1.932E-04  1.594E-04  1.301E-04  1.050E-04  8.356E-05  6.561E-05  5.073E-05  3.859E-05  2.882E-05  2.110E-05  1.512E-05  1.057E-05  7.197E-06  4.757E-06  3.042E-06  1.874E-06  1.107E-06  6.241E-07  3.334E-07  1.675E-07  7.841E-08  3.383E-08  1.327E-08  4.657E-09  1.432E-09  3.760E-10  8.164E-11  1.407E-11  1.824E-12  1.659E-13  9.675E-15  3.202E-16  5.121E-18  3.198E-20  5.894E-23  2.232E-26  1.057E-30  2.479E-36  0.000E+00
  300.0000  5.462E-04  4.709E-04  4.028E-04  3.415E-04  2.869E-04  2.387E-04  1.964E-04  1.598E-04  1.283E-04  1.017E-04  7.934E-05  6.092E-05  4.594E-05  3.397E-05  2.458E-05  1.736E-05  1.194E-05  7.970E-06  5.145E-06  3.198E-06  1.906E-06  1.082E-06  5.810E-07  2.928E-07  1.371E-07  5.894E-08  2.291E-08  7.903E-09  2.365E-09  5.960E-10  1.219E-10  1.927E-11  2.209E-12  1.691E-13  7.724E-15  1.813E-16  1.789E-18  5.670E-21  4.020E-24  3.799E-28  1.777E-33 -0.000E+00
  301.0000  1.175E-03  1.025E-03  8.872E-04  7.621E-04  6.491E-04  5.478E-04  4.578E-04  3.785E-04  3.094E-04  2.497E-04  1.988E-04  1.559E-04  1.202E-04  9.111E-05  6.766E-05  4.916E-05  3.485E-05  2.404E-05  1.608E-05  1.039E-05  6.462E-06  3.843E-06  2.173E-06  1.159E-06  5.778E-07  2.663E-07  1.119E-07  4.219E-08  1.395E-08  3.942E-09  9.192E-10  1.691E-10  2.317E-11  2.185E-12  1.278E-13  4.028E-15  5.651E-17  2.718E-19  3.129E-22  5.060E-26  4.084E-31 -1.275E-43
  302.0000  1.655E-03  1.458E-03  1.276E-03  1.108E-03  9.550E-04  8.162E-04  6.912E-04  5.796E-04  4.809E-04  3.944E-04  3.194E-04  2.551E-04  2.007E-04  1.553E-04  1.180E-04  8.784E-05  6.393E-05  4.538E-05  3.131E-05  2.093E-05  1.350E-05  8.358E-06  4.940E-06  2.767E-06  1.457E-06  7.134E-07  3.209E-07  1.306E-07  4.709E-08  1.469E-08  3.837E-09  8.056E-10  1.287E-10  1.454E-11  1.054E-12  4.290E-14  8.167E-16  5.646E-18  9.917E-21  2.566E-24  3.355E-29 -1.648E-41
  303.0000  3.914E-03  3.483E-03  3.081E-03  2.707E-03  2.362E-03  2.044E-03  1.755E-03  1.493E-03  1.258E-03  1.049E-03  8.644E-04  7.035E-04  5.646E-04  4.464E-04  3.470E-04  2.649E-04  1.980E-04  1.447E-04  1.030E-04  7.129E-05  4.774E-05  3.080E-05  1.905E-05  1.122E-05  6.241E-06  3.252E-06  1.568E-06  6.895E-07  2.717E-07  9.375E-08  2.751E-08  6.606E-09  1.234E-09  1.678E-10  1.514E-11  7.999E-13  2.079E-14  2.081E-16  5.618E-19  2.343E-22  4.979E-27 -3.805E-39
  304.0000  4.983E-03  4.464E-03  3.976E-03  3.519E-03  3.094E-03  2.701E-03  2.339E-03  2.009E-03  1.709E-03  1.440E-03  1.200E-03  9.888E-04  8.040E-04  6.445E-04  5.086E-04  3.944E-04  3.001E-04  2.234E-04  1.624E-04  1.149E-04  7.880E-05  5.221E-05  3.324E-05  2.022E-05  1.166E-05  6.323E-06  3.188E-06  1.475E-06  6.153E-07  2.267E-07  7.169E-08  1.878E-08  3.885E-09  5.951E-10  6.189E-11  3.875E-12  1.234E-13  1.573E-15  5.644E-18  3.245E-21  9.686E-26 -1.038E-37
  305.0000  8.225E-03  7.430E-03  6.676E-03  5.964E-03  5.295E-03  4.670E-03  4.089E-03  3.553E-03  3.061E-03  2.613E-03  2.209E-03  1.847E-03  1.526E-03  1.245E-03  1.001E-03  7.920E-04  6.157E-04  4.693E-04  3.499E-04  2.545E-04  1.799E-04  1.232E-04  8.138E-05  5.153E-05  3.108E-05  1.772E-05  9.446E-06  4.653E-06  2.085E-06  8.333E-07  2.895E-07  8.452E-08  1.984E-08  3.529E-09  4.380E-10  3.385E-11  1.387E-12  2.387E-14  1.215E-16  1.032E-19  4.602E-24 -7.190E-36
  306.0000  8.754E-03  7.950E-03  7.184E-03  6.456E-03  5.768E-03  5.122E-03  4.517E-03  3.954E-03  3.435E-03  2.958E-03  2.523E-03  2.131E-03  1.780E-03  1.468E-03  1.195E-03  9.576E-04  7.551E-04  5.844E-04  4.430E-04  3.281E-04  2.366E-04  1.656E-04  1.120E-04  7.281E-05  4.522E-05  2.662E-05  1.472E-05  7.557E-06  3.548E-06  1.496E-06  5.523E-07  1.731E-07  4.416E-08  8.660E-09  1.207E-09  1.072E-10  5.188E-12  1.089E-13  7.006E-16  7.765E-19  4.607E-23 -9.622E-35
  307.0000  1.283E-02  1.172E-02  1.065E-02  9.631E-03  8.663E-03  7.746E-03  6.883E-03  6.074E-03  5.321E-03  4.624E-03  3.983E-03  3.399E-03  2.870E-03  2.395E-03  1.974E-03  1.605E-03  1.284E-03  1.010E-03  7.791E-04  5.881E-04  4.330E-04  3.101E-04  2.150E-04  1.437E-04  9.202E-05  5.607E-05  3.222E-05  1.727E-05  8.515E-06  3.795E-06  1.495E-06  5.049E-07  1.405E-07  3.054E-08  4.809E-09  4.940E-10  2.848E-11  7.364E-13  6.053E-15  8.850E-18  7.037E-22 -1.966E-33
  308.0000  1.691E-02  1.553E-02  1.419E-02  1.291E-02  1.168E-02  1.051E-02  9.405E-03  8.361E-03  7.381E-03  6.467E-03  5.621E-03  4.841E-03  4.129E-03  3.484E-03  2.906E-03  2.391E-03  1.940E-03  1.548E-03  1.214E-03  9.320E-04  6.994E-04  5.113E-04  3.628E-04  2.486E-04  1.638E-04  1.029E-04  6.126E-05  3.415E-05  1.761E-05  8.263E-06  3.451E-06  1.248E-06  3.761E-07  8.978E-08  1.580E-08  1.855E-09  1.255E-10  3.928E-12  4.042E-14  7.631E-17  7.972E-21 -2.937E-32
  309.0000  1.882E-02  1.733E-02  1.589E-02  1.450E-02  1.317E-02  1.190E-02  1.069E-02  9.543E-03  8.463E-03  7.451E-03  6.509E-03  5.637E-03  4.837E-03  4.107E-03  3.448E-03  2.859E-03  2.337E-03  1.882E-03  1.489E-03  1.155E-03  8.763E-04  6.484E-04  4.662E-04  3.243E-04  2.171E-04  1.390E-04  8.442E-05  4.817E-05  2.550E-05  1.233E-05  5.329E-06  2.005E-06  6.334E-07  1.598E-07  3.004E-08  3.817E-09  2.840E-10  9.977E-12  1.179E-13  2.616E-16  3.284E-20 -1.490E-31
  310.0000  2.082E-02  1.927E-02  1.777E-02  1.631E-02  1.491E-02  1.356E-02  1.226E-02  1.103E-02  9.857E-03  8.752E-03  7.714E-03  6.745E-03  5.847E-03  5.020E-03  4.265E-03  3.581E-03  2.969E-03  2.426E-03  1.950E-03  1.540E-03  1.191E-03  9.001E-04  6.624E-04  4.727E-04  3.256E-04  2.152E-04  1.354E-04  8.042E-05  4.455E-05  2.268E-05  1.041E-05  4.197E-06  1.437E-06  3.988E-07  8.396E-08  1.221E-08  1.068E-09  4.554E-11  6.755E-13  1.939E-15  3.196E-19 -1.902E-30
  311.0000  3.697E-02  3.430E-02  3.170E-02  2.918E-02  2.674E-02  2.438E-02  2.212E-02  1.996E-02  1.791E-02  1.596E-02  1.412E-02  1.240E-02  1.080E-02  9.315E-03  7.955E-03  6.718E-03  5.603E-03  4.608E-03  3.732E-03  2.970E-03  2.317E-03  1.767E-03  1.314E-03  9.485E-04  6.616E-04  4.434E-04  2.835E-04  1.714E-04  9.688E-05  5.048E-05  2.379E-05  9.896E-06  3.514E-06  1.018E-06  2.255E-07  3.488E-08  3.288E-09  1.535E-10  2.541E-12  8.315E-15  1.599E-18 -1.144E-29
  312.0000  3.543E-02  3.297E-02  3.058E-02  2.824E-02  2.597E-02  2.378E-02  2.167E-02  1.964E-02  1.770E-02  1.585E-02  1.410E-02  1.245E-02  1.091E-02  9.476E-03  8.150E-03  6.935E-03  5.832E-03  4.840E-03  3.957E-03  3.182E-03  2.512E-03  1.940E-03  1.463E-03  1.072E-03  7.608E-04  5.196E-04  3.394E-04  2.102E-04  1.221E-04  6.563E-05  3.206E-05  1.390E-05  5.183E-06  1.590E-06  3.773E-07  6.335E-08  6.594E-09  3.469E-10  6.621E-12  2.556E-14  5.913E-18 -5.191E-29
  313.0000  4.240E-02  3.958E-02  3.682E-02  3.412E-02  3.150E-02  2.895E-02  2.648E-02  2.410E-02  2.182E-02  1.964E-02  1.756E-02  1.560E-02  1.375E-02  1.201E-02  1.041E-02  8.920E-03  7.561E-03  6.329E-03  5.224E-03  4.244E-03  3.387E-03  2.649E-03  2.024E-03  1.506E-03  1.086E-03  7.556E-04  5.038E-04  3.193E-04  1.905E-04  1.055E-04  5.337E-05  2.409E-05  9.416E-06  3.054E-06  7.743E-07  1.408E-07  1.613E-08  9.523E-10  2.087E-11  9.461E-14  2.621E-17 -2.812E-28
  314.0000  4.786E-02  4.474E-02  4.168E-02  3.868E-02  3.576E-02  3.292E-02  3.017E-02  2.752E-02  2.496E-02  2.252E-02  2.018E-02  1.797E-02  1.588E-02  1.392E-02  1.209E-02  1.040E-02  8.845E-03  7.432E-03  6.160E-03  5.028E-03  4.033E-03  3.171E-03  2.438E-03  1.826E-03  1.327E-03  9.308E-04  6.264E-04  4.012E-04  2.422E-04  1.360E-04  6.989E-05  3.214E-05  1.283E-05  4.270E-06  1.117E-06  2.107E-07  2.527E-08  1.579E-09  3.714E-11  1.839E-13  5.692E-17 -7.080E-28
  315.0000  5.225E-02  4.900E-02  4.580E-02  4.267E-02  3.960E-02  3.660E-02  3.369E-02  3.086E-02  2.814E-02  2.551E-02  2.299E-02  2.059E-02  1.831E-02  1.616E-02  1.414E-02  1.226E-02  1.052E-02  8.920E-03  7.467E-03  6.161E-03  5.001E-03  3.984E-03  3.107E-03  2.364E-03  1.749E-03  1.251E-03  8.607E-04  5.652E-04  3.509E-04  2.035E-04  1.085E-04  5.210E-05  2.188E-05  7.725E-06  2.168E-06  4.453E-07  5.913E-08  4.178E-09  1.136E-10  6.660E-13  2.485E-16 -3.785E-27
  316.0000  4.329E-02  4.062E-02  3.799E-02  3.541E-02  3.289E-02  3.043E-02  2.803E-02  2.570E-02  2.345E-02  2.128E-02  1.920E-02  1.722E-02  1.533E-02  1.354E-02  1.187E-02  1.030E-02  8.854E-03  7.522E-03  6.309E-03  5.217E-03  4.244E-03  3.389E-03  2.651E-03  2.023E-03  1.501E-03  1.078E-03  7.449E-04  4.915E-04  3.068E-04  1.791E-04  9.619E-05  4.657E-05  1.976E-05  7.061E-06  2.011E-06  4.208E-07  5.720E-08  4.164E-09  1.179E-10  7.296E-13  2.946E-16 -5.074E-27
  317.0000  6.844E-02  6.437E-02  6.036E-02  5.642E-02  5.255E-02  4.875E-02  4.505E-02  4.145E-02  3.796E-02  3.458E-02  3.133E-02  2.821E-02  2.524E-02  2.241E-02  1.974E-02  1.724E-02  1.491E-02  1.275E-02  1.078E-02  8.982E-03  7.371E-03  5.944E-03  4.698E-03  3.628E-03  2.728E-03  1.987E-03  1.396E-03  9.379E-04  5.978E-04  3.573E-04  1.973E-04  9.860E-05  4.342E-05  1.622E-05  4.868E-06  1.085E-06  1.592E-07  1.271E-08  4.020E-10  2.836E-12  1.330E-15 -2.722E-26
  318.0000  6.119E-02  5.759E-02  5.403E-02  5.053E-02  4.709E-02  4.372E-02  4.043E-02  3.722E-02  3.411E-02  3.110E-02  2.821E-02  2.542E-02  2.277E-02  2.024E-02  1.785E-02  1.561E-02  1.352E-02  1.158E-02  9.801E-03  8.184E-03  6.729E-03  5.438E-03  4.308E-03  3.336E-03  2.515E-03  1.839E-03  1.296E-03  8.746E-04  5.601E-04  3.366E-04  1.870E-04  9.419E-05  4.185E-05  1.580E-05  4.805E-06  1.088E-06  1.630E-07  1.337E-08  4.385E-10  3.253E-12  1.643E-15 -3.776E-26
  319.0000  7.284E-02  6.873E-02  6.467E-02  6.066E-02  5.671E-02  5.283E-02  4.903E-02  4.531E-02  4.169E-02  3.818E-02  3.478E-02  3.150E-02  2.836E-02  2.535E-02  2.250E-02  1.980E-02  1.727E-02  1.491E-02  1.272E-02  1.072E-02  8.901E-03  7.271E-03  5.829E-03  4.573E-03  3.499E-03  2.600E-03  1.866E-03  1.285E-03  8.427E-04  5.202E-04  2.980E-04  1.555E-04  7.203E-05  2.857E-05  9.213E-06  2.239E-06  3.651E-07  3.317E-08  1.229E-09  1.052E-11  6.230E-15 -1.710E-25
  320.0000  8.179E-02  7.713E-02  7.252E-02  6.797E-02  6.350E-02  5.911E-02  5.481E-02  5.061E-02  4.652E-02  4.255E-02  3.872E-02  3.503E-02  3.150E-02  2.812E-02  2.492E-02  2.190E-02  1.906E-02  1.643E-02  1.399E-02  1.176E-02  9.745E-03  7.940E-03  6.347E-03  4.964E-03  3.785E-03  2.802E-03  2.002E-03  1.373E-03  8.952E-04  5.492E-04  3.125E-04  1.618E-04  7.426E-05  2.915E-05  9.288E-06  2.227E-06  3.579E-07  3.205E-08  1.174E-09  1.003E-11  6.087E-15 -1.807E-25
  321.0000  8.960E-02  8.473E-02  7.990E-02  7.512E-02  7.040E-02  6.576E-02  6.120E-02  5.673E-02  5.236E-02  4.811E-02  4.399E-02  4.000E-02  3.615E-02  3.247E-02  2.895E-02  2.561E-02  2.246E-02  1.950E-02  1.675E-02  1.422E-02  1.190E-02  9.802E-03  7.932E-03  6.288E-03  4.867E-03  3.663E-03  2.668E-03  1.868E-03  1.248E-03  7.866E-04  4.619E-04  2.480E-04  1.188E-04  4.906E-05  1.661E-05  4.280E-06  7.502E-07  7.460E-08  3.096E-09  3.056E-11  2.178E-14 -7.702E-25
  322.0000  9.047E-02  8.554E-02  8.066E-02  7.582E-02  7.105E-02  6.636E-02  6.175E-02  5.723E-02  5.282E-02  4.852E-02  4.435E-02  4.032E-02  3.644E-02  3.272E-02  2.917E-02  2.580E-02  2.262E-02  1.963E-02  1.686E-02  1.430E-02  1.197E-02  9.856E-03  7.973E-03  6.317E-03  4.887E-03  3.677E-03  2.676E-03  1.873E-03  1.250E-03  7.876E-04  4.621E-04  2.480E-04  1.187E-04  4.898E-05  1.657E-05  4.274E-06  7.503E-07  7.494E-08  3.141E-09  3.168E-11  2.363E-14 -9.166E-25
  323.0000  8.078E-02  7.642E-02  7.210E-02  6.782E-02  6.360E-02  5.944E-02  5.535E-02  5.135E-02  4.743E-02  4.361E-02  3.991E-02  3.632E-02  3.286E-02  2.954E-02  2.637E-02  2.335E-02  2.051E-02  1.783E-02  1.534E-02  1.304E-02  1.093E-02  9.026E-03  7.320E-03  5.817E-03  4.515E-03  3.409E-03  2.491E-03  1.751E-03  1.175E-03  7.449E-04  4.401E-04  2.381E-04  1.151E-04  4.805E-05  1.649E-05  4.327E-06  7.767E-07  7.979E-08  3.471E-09  3.681E-11  2.947E-14 -1.273E-24
  324.0000  9.853E-02  9.341E-02  8.833E-02  8.329E-02  7.830E-02  7.338E-02  6.853E-02  6.376E-02  5.908E-02  5.452E-02  5.007E-02  4.574E-02  4.156E-02  3.753E-02  3.366E-02  2.997E-02  2.646E-02  2.315E-02  2.005E-02  1.717E-02  1.451E-02  1.208E-02  9.891E-03  7.943E-03  6.237E-03  4.770E-03  3.537E-03  2.528E-03  1.728E-03  1.119E-03  6.777E-04  3.773E-04  1.886E-04  8.189E-05  2.946E-05  8.179E-06  1.572E-06  1.754E-07  8.429E-09  1.005E-10  9.200E-14 -4.634E-24
  325.0000  1.038E-01  9.834E-02  9.291E-02  8.753E-02  8.222E-02  7.697E-02  7.181E-02  6.674E-02  6.177E-02  5.693E-02  5.221E-02  4.763E-02  4.321E-02  3.896E-02  3.488E-02  3.099E-02  2.731E-02  2.384E-02  2.060E-02  1.759E-02  1.482E-02  1.230E-02  1.004E-02  8.033E-03  6.281E-03  4.782E-03  3.528E-03  2.507E-03  1.702E-03  1.094E-03  6.570E-04  3.622E-04  1.790E-04  7.675E-05  2.720E-05  7.426E-06  1.400E-06  1.532E-07  7.229E-09  8.538E-11  7.934E-14 -4.270E-24
  326.0000  1.414E-01  1.341E-01  1.269E-01  1.197E-01  1.126E-01  1.056E-01  9.868E-02  9.188E-02  8.521E-02  7.868E-02  7.232E-02  6.613E-02  6.014E-02  5.437E-02  4.882E-02  4.351E-02  3.847E-02  3.371E-02  2.924E-02  2.507E-02  2.123E-02  1.771E-02  1.454E-02  1.170E-02  9.214E-03  7.069E-03  5.261E-03  3.775E-03  2.592E-03  1.688E-03  1.028E-03  5.768E-04  2.909E-04  1.277E-04  4.659E-05  1.317E-05  2.590E-06  2.985E-07  1.502E-08  1.919E-10  1.964E-13 -1.196E-23
  327.0000  1.411E-01  1.339E-01  1.268E-01  1.198E-01  1.128E-01  1.059E-01  9.910E-02  9.240E-02  8.582E-02  7.937E-02  7.307E-02  6.694E-02  6.100E-02  5.525E-02  4.972E-02  4.443E-02  3.938E-02  3.460E-02  3.010E-02  2.590E-02  2.201E-02  1.844E-02  1.520E-02  1.229E-02  9.732E-03  7.511E-03  5.627E-03  4.069E-03  2.819E-03  1.853E-03  1.142E-03  6.493E-04  3.327E-04  1.488E-04  5.550E-05  1.612E-05  3.280E-06  3.941E-07  2.089E-08  2.851E-10  3.177E-13 -2.172E-23
  328.0000  1.347E-01  1.278E-01  1.210E-01  1.142E-01  1.075E-01  1.008E-01  9.426E-02  8.781E-02  8.149E-02  7.530E-02  6.926E-02  6.338E-02  5.769E-02  5.220E-02  4.691E-02  4.186E-02  3.705E-02  3.250E-02  2.823E-02  2.424E-02  2.056E-02  1.718E-02  1.413E-02  1.140E-02  8.997E-03  6.922E-03  5.167E-03  3.720E-03  2.565E-03  1.678E-03  1.028E-03  5.804E-04  2.951E-04  1.308E-04  4.830E-05  1.387E-05  2.787E-06  3.307E-07  1.736E-08  2.368E-10  2.695E-13 -1.972E-23
  329.0000  1.463E-01  1.390E-01  1.318E-01  1.246E-01  1.175E-01  1.104E-01  1.034E-01  9.656E-02  8.980E-02  8.318E-02  7.670E-02  7.038E-02  6.425E-02  5.831E-02  5.259E-02  4.709E-02  4.185E-02  3.687E-02  3.217E-02  2.776E-02  2.367E-02  1.990E-02  1.647E-02  1.339E-02  1.065E-02  8.270E-03  6.236E-03  4.542E-03  3.173E-03  2.106E-03  1.313E-03  7.562E-04  3.935E-04  1.793E-04  6.845E-05  2.045E-05  4.315E-06  5.432E-07  3.065E-08  4.559E-10  5.752E-13 -4.771E-23
  330.0000  1.716E-01  1.632E-01  1.547E-01  1.464E-01  1.381E-01  1.298E-01  1.217E-01  1.137E-01  1.058E-01  9.804E-02  9.047E-02  8.308E-02  7.590E-02  6.894E-02  6.223E-02  5.578E-02  4.962E-02  4.376E-02  3.823E-02  3.304E-02  2.821E-02  2.376E-02  1.970E-02  1.604E-02  1.279E-02  9.956E-03  7.528E-03  5.500E-03  3.856E-03  2.571E-03  1.610E-03  9.325E-04  4.885E-04  2.245E-04  8.652E-05  2.618E-05  5.611E-06  7.213E-07  4.186E-08  6.478E-10  8.673E-13 -7.914E-23
  331.0000  1.461E-01  1.389E-01  1.317E-01  1.245E-01  1.174E-01  1.104E-01  1.034E-01  9.654E-02  8.980E-02  8.319E-02  7.672E-02  7.042E-02  6.429E-02  5.836E-02  5.264E-02  4.715E-02  4.191E-02  3.693E-02  3.223E-02  2.783E-02  2.373E-02  1.997E-02  1.653E-02  1.344E-02  1.070E-02  8.314E-03  6.274E-03  4.574E-03  3.199E-03  2.126E-03  1.328E-03  7.662E-04  3.998E-04  1.829E-04  7.015E-05  2.111E-05  4.502E-06  5.764E-07  3.344E-08  5.221E-10  7.197E-13 -7.047E-23
  332.0000  1.501E-01  1.428E-01  1.355E-01  1.283E-01  1.211E-01  1.140E-01  1.069E-01  9.996E-02  9.312E-02  8.640E-02  7.981E-02  7.339E-02  6.713E-02  6.106E-02  5.520E-02  4.956E-02  4.416E-02  3.903E-02  3.416E-02  2.959E-02  2.533E-02  2.139E-02  1.779E-02  1.454E-02  1.164E-02  9.093E-03  6.908E-03  5.074E-03  3.579E-03  2.403E-03  1.518E-03  8.875E-04  4.704E-04  2.192E-04  8.596E-05  2.658E-05  5.859E-06  7.817E-07  4.773E-08  7.943E-10  1.187E-12 -1.295E-22
  333.0000  1.609E-01  1.532E-01  1.454E-01  1.378E-01  1.301E-01  1.225E-01  1.150E-01  1.076E-01  1.003E-01  9.316E-02  8.613E-02  7.927E-02  7.258E-02  6.609E-02  5.981E-02  5.377E-02  4.797E-02  4.245E-02  3.722E-02  3.230E-02  2.770E-02  2.344E-02  1.954E-02  1.600E-02  1.284E-02  1.007E-02  7.674E-03  5.659E-03  4.009E-03  2.706E-03  1.719E-03  1.012E-03  5.409E-04  2.545E-04  1.010E-04  3.171E-05  7.120E-06  9.730E-07  6.132E-08  1.065E-09  1.692E-12 -2.026E-22
  334.0000  1.450E-01  1.380E-01  1.310E-01  1.240E-01  1.171E-01  1.103E-01  1.035E-01  9.680E-02  9.021E-02  8.373E-02  7.739E-02  7.119E-02  6.516E-02  5.931E-02  5.365E-02  4.820E-02  4.299E-02  3.802E-02  3.331E-02  2.888E-02  2.475E-02  2.093E-02  1.743E-02  1.426E-02  1.143E-02  8.951E-03  6.814E-03  5.018E-03  3.549E-03  2.391E-03  1.516E-03  8.905E-04  4.746E-04  2.227E-04  8.815E-05  2.759E-05  6.180E-06  8.438E-07  5.334E-08  9.378E-10  1.537E-12 -1.974E-22
  335.0000  1.670E-01  1.590E-01  1.511E-01  1.432E-01  1.354E-01  1.276E-01  1.199E-01  1.122E-01  1.047E-01  9.733E-02  9.008E-02  8.299E-02  7.608E-02  6.936E-02  6.286E-02  5.659E-02  5.057E-02  4.483E-02  3.937E-02  3.423E-02  2.942E-02  2.496E-02  2.086E-02  1.714E-02  1.380E-02  1.086E-02  8.313E-03  6.160E-03  4.388E-03  2.980E-03  1.907E-03  1.133E-03  6.118E-04  2.916E-04  1.176E-04  3.763E-05  8.669E-06  1.226E-06  8.094E-08  1.505E-09  2.651E-12 -3.761E-22
  336.0000  1.435E-01  1.367E-01  1.300E-01  1.232E-01  1.165E-01  1.099E-01  1.033E-01  9.676E-02  9.033E-02  8.400E-02  7.779E-02  7.172E-02  6.579E-02  6.003E-02  5.444E-02  4.906E-02  4.388E-02  3.894E-02  3.424E-02  2.981E-02  2.565E-02  2.179E-02  1.824E-02  1.501E-02  1.212E-02  9.554E-03  7.333E-03  5.449E-03  3.895E-03  2.655E-03  1.707E-03  1.019E-03  5.536E-04  2.658E-04  1.082E-04  3.502E-05  8.184E-06  1.179E-06  7.991E-08  1.540E-09  2.863E-12 -4.423E-22
  337.0000  1.382E-01  1.316E-01  1.251E-01  1.186E-01  1.121E-01  1.057E-01  9.937E-02  9.309E-02  8.689E-02  8.079E-02  7.481E-02  6.896E-02  6.325E-02  5.770E-02  5.232E-02  4.713E-02  4.215E-02  3.740E-02  3.288E-02  2.861E-02  2.462E-02  2.091E-02  1.750E-02  1.439E-02  1.161E-02  9.152E-03  7.021E-03  5.214E-03  3.725E-03  2.538E-03  1.630E-03  9.728E-04  5.282E-04  2.535E-04  1.031E-04  3.339E-05  7.813E-06  1.130E-06  7.714E-08  1.512E-09  2.910E-12 -4.824E-22
  338.0000  1.565E-01  1.492E-01  1.418E-01  1.345E-01  1.272E-01  1.200E-01  1.129E-01  1.058E-01  9.881E-02  9.193E-02  8.518E-02  7.857E-02  7.212E-02  6.585E-02  5.976E-02  5.389E-02  4.824E-02  4.285E-02  3.771E-02  3.287E-02  2.832E-02  2.409E-02  2.019E-02  1.665E-02  1.346E-02  1.063E-02  8.178E-03  6.093E-03  4.368E-03  2.987E-03  1.928E-03  1.157E-03  6.323E-04  3.059E-04  1.256E-04  4.117E-05  9.783E-06  1.443E-06  1.012E-07  2.056E-09  4.176E-12 -7.527E-22
  339.0000  1.677E-01  1.599E-01  1.521E-01  1.444E-01  1.366E-01  1.290E-01  1.214E-01  1.138E-01  1.064E-01  9.906E-02  9.186E-02  8.481E-02  7.792E-02  7.121E-02  6.470E-02  5.841E-02  5.236E-02  4.657E-02  4.105E-02  3.583E-02  3.093E-02  2.636E-02  2.215E-02  1.830E-02  1.483E-02  1.175E-02  9.071E-03  6.784E-03  4.884E-03  3.357E-03  2.180E-03  1.317E-03  7.253E-04  3.542E-04  1.472E-04  4.893E-05  1.184E-05  1.786E-06  1.291E-07  2.732E-09  5.872E-12 -1.153E-21
  340.0000  1.912E-01  1.823E-01  1.734E-01  1.646E-01  1.558E-01  1.470E-01  1.384E-01  1.298E-01  1.214E-01  1.130E-01  1.048E-01  9.679E-02  8.895E-02  8.131E-02  7.389E-02  6.673E-02  5.983E-02  5.323E-02  4.694E-02  4.098E-02  3.539E-02  3.018E-02  2.536E-02  2.097E-02  1.701E-02  1.349E-02  1.042E-02  7.797E-03  5.620E-03  3.868E-03  2.515E-03  1.522E-03  8.402E-04  4.115E-04  1.716E-04  5.732E-05  1.396E-05  2.127E-06  1.560E-07  3.381E-09  7.570E-12 -1.599E-21
  341.0000  1.698E-01  1.620E-01  1.541E-01  1.463E-01  1.386E-01  1.308E-01  1.232E-01  1.156E-01  1.081E-01  1.007E-01  9.349E-02  8.638E-02  7.943E-02  7.265E-02  6.607E-02  5.971E-02  5.358E-02  4.771E-02  4.211E-02  3.681E-02  3.183E-02  2.717E-02  2.287E-02  1.894E-02  1.538E-02  1.222E-02  9.463E-03  7.101E-03  5.133E-03  3.544E-03  2.313E-03  1.406E-03  7.805E-04  3.847E-04  1.617E-04  5.457E-05  1.346E-05  2.086E-06  1.565E-07  3.506E-09  8.240E-12 -1.883E-21
  342.0000  1.751E-01  1.671E-01  1.591E-01  1.511E-01  1.431E-01  1.352E-01  1.274E-01  1.196E-01  1.119E-01  1.043E-01  9.685E-02  8.954E-02  8.239E-02  7.541E-02  6.864E-02  6.208E-02  5.575E-02  4.969E-02  4.391E-02  3.842E-02  3.326E-02  2.843E-02  2.397E-02  1.988E-02  1.618E-02  1.288E-02  9.996E-03  7.520E-03  5.452E-03  3.778E-03  2.476E-03  1.512E-03  8.441E-04  4.189E-04  1.775E-04  6.054E-05  1.513E-05  2.387E-06  1.834E-07  4.244E-09  1.048E-11 -2.589E-21
  343.0000  1.861E-01  1.776E-01  1.691E-01  1.606E-01  1.522E-01  1.438E-01  1.355E-01  1.273E-01  1.191E-01  1.111E-01  1.032E-01  9.543E-02  8.784E-02  8.044E-02  7.325E-02  6.628E-02  5.956E-02  5.312E-02  4.697E-02  4.113E-02  3.563E-02  3.049E-02  2.572E-02  2.135E-02  1.740E-02  1.387E-02  1.078E-02  8.124E-03  5.901E-03  4.098E-03  2.693E-03  1.650E-03  9.244E-04  4.608E-04  1.964E-04  6.747E-05  1.703E-05  2.720E-06  2.129E-07  5.065E-09  1.306E-11 -3.470E-21
  344.0000  1.527E-01  1.457E-01  1.388E-01  1.318E-01  1.249E-01  1.181E-01  1.112E-01  1.045E-01  9.781E-02  9.122E-02  8.475E-02  7.839E-02  7.217E-02  6.610E-02  6.020E-02  5.448E-02  4.897E-02  4.368E-02  3.863E-02  3.384E-02  2.932E-02  2.510E-02  2.118E-02  1.760E-02  1.434E-02  1.144E-02  8.897E-03  6.710E-03  4.878E-03  3.391E-03  2.230E-03  1.369E-03  7.682E-04  3.838E-04  1.641E-04  5.660E-05  1.437E-05  2.315E-06  1.835E-07  4.462E-09  1.195E-11 -3.401E-21
  345.0000  1.723E-01  1.645E-01  1.567E-01  1.489E-01  1.412E-01  1.335E-01  1.258E-01  1.182E-01  1.107E-01  1.033E-01  9.605E-02  8.890E-02  8.190E-02  7.506E-02  6.842E-02  6.197E-02  5.575E-02  4.978E-02  4.407E-02  3.865E-02  3.353E-02  2.874E-02  2.430E-02  2.022E-02  1.651E-02  1.320E-02  1.029E-02  7.780E-03  5.674E-03  3.958E-03  2.614E-03  1.612E-03  9.101E-04  4.579E-04  1.975E-04  6.883E-05  1.771E-05  2.904E-06  2.358E-07  5.923E-09  1.664E-11 -5.106E-21
  346.0000  1.773E-01  1.693E-01  1.613E-01  1.533E-01  1.454E-01  1.375E-01  1.296E-01  1.218E-01  1.141E-01  1.065E-01  9.903E-02  9.168E-02  8.449E-02  7.746E-02  7.062E-02  6.399E-02  5.759E-02  5.144E-02  4.556E-02  3.997E-02  3.470E-02  2.976E-02  2.517E-02  2.096E-02  1.713E-02  1.371E-02  1.069E-02  8.096E-03  5.911E-03  4.130E-03  2.733E-03  1.689E-03  9.558E-04  4.825E-04  2.089E-04  7.321E-05  1.897E-05  3.143E-06  2.590E-07  6.662E-09  1.946E-11 -6.399E-21
  347.0000  1.927E-01  1.840E-01  1.754E-01  1.668E-01  1.582E-01  1.496E-01  1.411E-01  1.327E-01  1.243E-01  1.161E-01  1.080E-01  1.000E-01  9.219E-02  8.456E-02  7.714E-02  6.994E-02  6.298E-02  5.630E-02  4.990E-02  4.382E-02  3.807E-02  3.268E-02  2.768E-02  2.307E-02  1.888E-02  1.513E-02  1.182E-02  8.969E-03  6.564E-03  4.598E-03  3.051E-03  1.892E-03  1.076E-03  5.457E-04  2.378E-04  8.400E-05  2.200E-05  3.695E-06  3.104E-07  8.210E-09  2.503E-11 -8.832E-21
  348.0000  1.696E-01  1.620E-01  1.544E-01  1.469E-01  1.393E-01  1.318E-01  1.244E-01  1.170E-01  1.096E-01  1.024E-01  9.530E-02  8.830E-02  8.145E-02  7.475E-02  6.822E-02  6.189E-02  5.577E-02  4.988E-02  4.424E-02  3.888E-02  3.381E-02  2.905E-02  2.463E-02  2.055E-02  1.685E-02  1.352E-02  1.058E-02  8.042E-03  5.898E-03  4.142E-03  2.757E-03  1.715E-03  9.791E-04  4.993E-04  2.189E-04  7.794E-05  2.062E-05  3.511E-06  3.005E-07  8.169E-09  2.598E-11 -9.824E-21
  349.0000  1.758E-01  1.680E-01  1.601E-01  1.523E-01  1.446E-01  1.368E-01  1.291E-01  1.215E-01  1.139E-01  1.064E-01  9.908E-02  9.184E-02  8.475E-02  7.781E-02  7.105E-02  6.449E-02  5.815E-02  5.204E-02  4.619E-02  4.063E-02  3.536E-02  3.041E-02  2.580E-02  2.156E-02  1.769E-02  1.422E-02  1.115E-02  8.486E-03  6.236E-03  4.390E-03  2.930E-03  1.829E-03  1.048E-03  5.370E-04  2.368E-04  8.495E-05  2.269E-05  3.914E-06  3.412E-07  9.524E-09  3.156E-11 -1.278E-20
  350.0000  2.051E-01  1.960E-01  1.869E-01  1.779E-01  1.688E-01  1.598E-01  1.508E-01  1.420E-01  1.332E-01  1.245E-01  1.159E-01  1.075E-01  9.920E-02  9.111E-02  8.323E-02  7.558E-02  6.818E-02  6.105E-02  5.422E-02  4.772E-02  4.156E-02  3.577E-02  3.038E-02  2.540E-02  2.087E-02  1.679E-02  1.318E-02  1.005E-02  7.398E-03  5.218E-03  3.491E-03  2.185E-03  1.256E-03  6.464E-04  2.865E-04  1.035E-04  2.787E-05  4.865E-06  4.312E-07  1.233E-08  4.250E-11 -1.839E-20
------------------------------------------------------------
