Spectral Irradiance, W m-2 nm-1
values at z =      3.216 km
Columns: wavelength (nm), solar zenith angles (deg.)
    wc, nm     49.000     50.000     51.000     52.000     53.000     54.000     55.000     56.000     57.000     58.000     59.000     60.000     61.000     62.000     63.000     64.000     65.000     66.000     67.000     68.000     69.000     70.000     71.000     72.000     73.000     74.000     75.000     76.000     77.000     78.000     79.000     80.000     81.000     82.000     83.000     84.000     85.000     86.000     87.000     88.000     89.000     90.000
  280.0000  0.000E+00  0.000E+00  0.000E+00  0.000E+00  0.000E+00  0.000E+00  0.000E+00  0.000E+00  0.000E+00  0.000E+00  0.000E+00  0.000E+00  0.000E+00  0.000E+00  0.000E+00  0.000E+00  0.000E+00  0.000E+00  0.000E+00  0.000E+00  0.000E+00  0.000E+00  0.000E+00  0.000E+00  0.000E+00  0.000E+00  0.000E+00  0.000E+00  0.000E+00  0.000E+00  0.000E+00  0.000E+00  0.000E+00  0.000E+00  0.000E+00  0.000E+00  0.000E+00  0.000E+00  0.000E+00  0.000E+00  0.000E+00  0.000E+00
  281.0000  0.000E+00  0.000E+00  0.000E+00  0.000E+00  0.000E+00  0.000E+00  0.000E+00  0.000E+00  0.000E+00  0.000E+00  0.000E+00  0.000E+00  0.000E+00  0.000E+00  0.000E+00  0.000E+00  0.000E+00  0.000E+00  0.000E+00  0.000E+00  0.000E+00  0.000E+00  0.000E+00  0.000E+00  0.000E+00  0.000E+00  0.000E+00  0.000E+00  0.000E+00  0.000E+00  0.000E+00  0.000E+00  0.000E+00  0.000E+00  0.000E+00  0.000E+00  0.000E+00  0.000E+00  0.000E+00  0.000E+00  0.000E+00  0.000E+00
  282.0000  0.000E+00  0.000E+00  0.000E+00  0.000E+00  0.000E+00  0.000E+00  0.000E+00  0.000E+00  0.000E+00  0.000E+00  0.000E+00  0.000E+00  0.000E+00  0.000E+00  0.000E+00  0.000E+00  0.000E+00  0.000E+00  0.000E+00  0.000E+00  0.000E+00  0.000E+00  0.000E+00  0.000E+00  0.000E+00  0.000E+00  0.000E+00  0.000E+00  0.000E+00  0.000E+00  0.000E+00  0.000E+00  0.000E+00  0.000E+00  0.000E+00  0.000E+00  0.000E+00  0.000E+00  0.000E+00  0.000E+00  0.000E+00  0.000E+00
  283.0000  0.000E+00  0.000E+00  0.000E+00  0.000E+00  0.000E+00  0.000E+00  0.000E+00  0.000E+00  0.000E+00  0.000E+00  0.000E+00  0.000E+00  0.000E+00  0.000E+00  0.000E+00  0.000E+00  0.000E+00  0.000E+00  0.000E+00  0.000E+00  0.000E+00  0.000E+00  0.000E+00  0.000E+00  0.000E+00  0.000E+00  0.000E+00  0.000E+00  0.000E+00  0.000E+00  0.000E+00  0.000E+00  0.000E+00  0.000E+00  0.000E+00  0.000E+00  0.000E+00  0.000E+00  0.000E+00  0.000E+00  0.000E+00  0.000E+00
  284.0000  0.000E+00  0.000E+00  0.000E+00  0.000E+00  0.000E+00  0.000E+00  0.000E+00  0.000E+00  0.000E+00  0.000E+00  0.000E+00  0.000E+00  0.000E+00  0.000E+00  0.000E+00  0.000E+00  0.000E+00  0.000E+00  0.000E+00  0.000E+00  0.000E+00  0.000E+00  0.000E+00  0.000E+00  0.000E+00  0.000E+00  0.000E+00  0.000E+00  0.000E+00  0.000E+00  0.000E+00  0.000E+00  0.000E+00  0.000E+00  0.000E+00  0.000E+00  0.000E+00  0.000E+00  0.000E+00  0.000E+00  0.000E+00  0.000E+00
  285.0000  0.000E+00  0.000E+00  0.000E+00  0.000E+00  0.000E+00  0.000E+00  0.000E+00  0.000E+00  0.000E+00  0.000E+00  0.000E+00  0.000E+00  0.000E+00  0.000E+00  0.000E+00  0.000E+00  0.000E+00  0.000E+00  0.000E+00  0.000E+00  0.000E+00  0.000E+00  0.000E+00  0.000E+00  0.000E+00  0.000E+00  0.000E+00  0.000E+00  0.000E+00  0.000E+00  0.000E+00  0.000E+00  0.000E+00  0.000E+00  0.000E+00  0.000E+00  0.000E+00  0.000E+00  0.000E+00  0.000E+00  0.000E+00  0.000E+00
  286.0000  0.000E+00  0.000E+00  0.000E+00  0.000E+00  0.000E+00  0.000E+00  0.000E+00  0.000E+00  0.000E+00  0.000E+00  0.000E+00  0.000E+00  0.000E+00  0.000E+00  0.000E+00  0.000E+00  0.000E+00  0.000E+00  0.000E+00  0.000E+00  0.000E+00  0.000E+00  0.000E+00  0.000E+00  0.000E+00  0.000E+00  0.000E+00  0.000E+00  0.000E+00  0.000E+00  0.000E+00  0.000E+00  0.000E+00  0.000E+00  0.000E+00  0.000E+00  0.000E+00  0.000E+00  0.000E+00  0.000E+00  0.000E+00  0.000E+00
  287.0000  0.000E+00  0.000E+00  0.000E+00  0.000E+00  0.000E+00  0.000E+00  0.000E+00  0.000E+00  0.000E+00  0.000E+00  0.000E+00  0.000E+00  0.000E+00  0.000E+00  0.000E+00  0.000E+00  0.000E+00  0.000E+00  0.000E+00  0.000E+00  0.000E+00  0.000E+00  0.000E+00  0.000E+00  0.000E+00  0.000E+00  0.000E+00  0.000E+00  0.000E+00  0.000E+00  0.000E+00  0.000E+00  0.000E+00  0.000E+00  0.000E+00  0.000E+00  0.000E+00  0.000E+00  0.000E+00  0.000E+00  0.000E+00  0.000E+00
  288.0000  0.000E+00  0.000E+00  0.000E+00  0.000E+00  0.000E+00  0.000E+00  0.000E+00  0.000E+00  0.000E+00  0.000E+00  0.000E+00  0.000E+00  0.000E+00  0.000E+00  0.000E+00  0.000E+00  0.000E+00  0.000E+00  0.000E+00  0.000E+00  0.000E+00  0.000E+00  0.000E+00  0.000E+00  0.000E+00  0.000E+00  0.000E+00  0.000E+00  0.000E+00  0.000E+00  0.000E+00  0.000E+00  0.000E+00  0.000E+00  0.000E+00  0.000E+00  0.000E+00  0.000E+00  0.000E+00  0.000E+00  0.000E+00  0.000E+00
  289.0000  0.000E+00  0.000E+00  0.000E+00  0.000E+00  0.000E+00  0.000E+00  0.000E+00  0.000E+00  0.000E+00  0.000E+00  0.000E+00  0.000E+00  0.000E+00  0.000E+00  0.000E+00  0.000E+00  0.000E+00  0.000E+00  0.000E+00  0.000E+00  0.000E+00  0.000E+00  0.000E+00  0.000E+00  0.000E+00  0.000E+00  0.000E+00  0.000E+00  0.000E+00  0.000E+00  0.000E+00  0.000E+00  0.000E+00  0.000E+00  0.000E+00  0.000E+00  0.000E+00  0.000E+00  0.000E+00  0.000E+00  0.000E+00  0.000E+00
  290.0000  1.421E-08  9.795E-09  6.616E-09  4.369E-09  2.818E-09  1.770E-09  1.082E-09  6.413E-10  3.679E-10  2.036E-10  1.084E-10  5.529E-11  2.691E-11  1.244E-11  5.430E-12  2.226E-12  8.504E-13  3.004E-13  9.721E-14  2.850E-14  7.469E-15  1.724E-15  3.441E-16  5.813E-17  8.098E-18  9.010E-19  7.706E-20  4.830E-21  2.091E-22  5.808E-24  9.422E-26  7.925E-28  2.967E-30  4.063E-33  1.585E-36  1.287E-40  1.401E-45  0.000E+00  0.000E+00  0.000E+00  0.000E+00  0.000E+00
  291.0000  7.076E-08  5.036E-08  3.516E-08  2.406E-08  1.610E-08  1.053E-08  6.709E-09  4.159E-09  2.502E-09  1.457E-09  8.183E-10  4.422E-10  2.289E-10  1.131E-10  5.301E-11  2.346E-11  9.740E-12  3.764E-12  1.343E-12  4.376E-13  1.288E-13  3.375E-14  7.748E-15  1.527E-15  2.524E-16  3.398E-17  3.598E-18  2.869E-19  1.632E-20  6.185E-22  1.434E-23  1.824E-25  1.106E-27  2.672E-30  2.039E-33  3.678E-37  1.099E-41  0.000E+00  0.000E+00  0.000E+00  0.000E+00  0.000E+00
  292.0000  4.346E-07  3.217E-07  2.342E-07  1.674E-07  1.174E-07  8.065E-08  5.416E-08  3.550E-08  2.266E-08  1.405E-08  8.445E-09  4.904E-09  2.742E-09  1.471E-09  7.540E-10  3.673E-10  1.691E-10  7.310E-11  2.945E-11  1.096E-11  3.726E-12  1.144E-12  3.126E-13  7.469E-14  1.528E-14  2.610E-15  3.608E-16  3.884E-17  3.104E-18  1.734E-19  6.282E-21  1.339E-22  1.482E-24  7.260E-27  1.280E-29  6.241E-33  6.093E-37  8.209E-42  0.000E+00  0.000E+00  0.000E+00  0.000E+00
  293.0000  1.389E-06  1.054E-06  7.869E-07  5.781E-07  4.173E-07  2.955E-07  2.050E-07  1.390E-07  9.206E-08  5.936E-08  3.720E-08  2.258E-08  1.325E-08  7.479E-09  4.050E-09  2.093E-09  1.027E-09  4.759E-10  2.067E-10  8.345E-11  3.103E-11  1.051E-11  3.198E-12  8.608E-13  2.010E-13  3.976E-14  6.481E-15  8.399E-16  8.284E-17  5.885E-18  2.808E-19  8.236E-21  1.323E-22  1.004E-24  2.972E-27  2.685E-30  5.461E-34  1.752E-38  6.166E-44  0.000E+00  0.000E+00  0.000E+00
  294.0000  5.738E-06  4.482E-06  3.454E-06  2.623E-06  1.961E-06  1.441E-06  1.040E-06  7.358E-07  5.094E-07  3.445E-07  2.271E-07  1.456E-07  9.048E-08  5.438E-08  3.148E-08  1.749E-08  9.279E-09  4.677E-09  2.226E-09  9.931E-10  4.118E-10  1.571E-10  5.453E-11  1.696E-11  4.651E-12  1.101E-12  2.193E-13  3.563E-14  4.541E-15  4.322E-16  2.886E-17  1.249E-18  3.157E-20  4.083E-22  2.271E-24  4.344E-27  2.158E-30  1.988E-34  2.346E-39  2.803E-45  0.000E+00  0.000E+00
  295.0000  1.575E-05  1.257E-05  9.901E-06  7.697E-06  5.898E-06  4.450E-06  3.302E-06  2.406E-06  1.719E-06  1.202E-06  8.214E-07  5.470E-07  3.543E-07  2.225E-07  1.350E-07  7.893E-08  4.425E-08  2.367E-08  1.202E-08  5.752E-09  2.576E-09  1.069E-09  4.070E-10  1.403E-10  4.308E-11  1.157E-11  2.656E-12  5.061E-13  7.729E-14  9.042E-15  7.654E-16  4.357E-17  1.518E-18  2.860E-20  2.484E-22  8.078E-25  7.552E-28  1.469E-31  4.111E-36  1.106E-41  0.000E+00  0.000E+00
  296.0000  6.111E-05  4.994E-05  4.036E-05  3.223E-05  2.541E-05  1.976E-05  1.514E-05  1.142E-05  8.458E-06  6.148E-06  4.377E-06  3.047E-06  2.069E-06  1.366E-06  8.758E-07  5.429E-07  3.242E-07  1.858E-07  1.016E-07  5.273E-08  2.580E-08  1.180E-08  4.997E-09  1.937E-09  6.780E-10  2.107E-10  5.692E-11  1.304E-11  2.452E-12  3.638E-13  4.046E-14  3.160E-15  1.591E-16  4.626E-18  6.712E-20  4.019E-22  7.772E-25  3.568E-28  2.690E-32  2.137E-37  8.268E-44  0.000E+00
  297.0000  8.800E-05  7.310E-05  6.011E-05  4.890E-05  3.931E-05  3.121E-05  2.444E-05  1.886E-05  1.432E-05  1.069E-05  7.829E-06  5.615E-06  3.937E-06  2.693E-06  1.791E-06  1.156E-06  7.206E-07  4.327E-07  2.490E-07  1.366E-07  7.097E-08  3.468E-08  1.580E-08  6.638E-09  2.540E-09  8.718E-10  2.633E-10  6.838E-11  1.483E-11  2.588E-12  3.468E-13  3.361E-14  2.178E-15  8.516E-17  1.755E-18  1.596E-20  5.080E-23  4.207E-26  6.280E-30  1.059E-34  8.679E-41  0.000E+00
  298.0000  3.002E-04  2.539E-04  2.128E-04  1.767E-04  1.451E-04  1.178E-04  9.454E-05  7.485E-05  5.842E-05  4.488E-05  3.390E-05  2.514E-05  1.826E-05  1.297E-05  8.991E-06  6.062E-06  3.965E-06  2.506E-06  1.525E-06  8.893E-07  4.939E-07  2.596E-07  1.281E-07  5.883E-08  2.484E-08  9.511E-09  3.248E-09  9.683E-10  2.456E-10  5.125E-11  8.436E-12  1.037E-12  8.869E-14  4.806E-15  1.458E-16  2.100E-18  1.156E-20  1.831E-23  5.787E-27  2.222E-31  4.122E-37  0.000E+00
  299.0000  4.951E-04  4.241E-04  3.603E-04  3.033E-04  2.529E-04  2.086E-04  1.702E-04  1.372E-04  1.091E-04  8.555E-05  6.604E-05  5.011E-05  3.731E-05  2.722E-05  1.941E-05  1.349E-05  9.123E-06  5.978E-06  3.783E-06  2.301E-06  1.339E-06  7.402E-07  3.864E-07  1.887E-07  8.529E-08  3.525E-08  1.311E-08  4.304E-09  1.218E-09  2.878E-10  5.467E-11  7.932E-12  8.232E-13  5.600E-14  2.225E-15  4.419E-17  3.569E-19  8.907E-22  4.771E-25  3.284E-29  1.101E-34  0.000E+00
  300.0000  7.857E-04  6.824E-04  5.883E-04  5.030E-04  4.263E-04  3.579E-04  2.974E-04  2.445E-04  1.986E-04  1.592E-04  1.258E-04  9.792E-05  7.493E-05  5.628E-05  4.141E-05  2.978E-05  2.088E-05  1.423E-05  9.400E-06  5.991E-06  3.668E-06  2.145E-06  1.190E-06  6.221E-07  3.032E-07  1.363E-07  5.568E-08  2.032E-08  6.483E-09  1.757E-09  3.907E-10  6.803E-11  8.733E-12  7.631E-13  4.077E-14  1.153E-15  1.418E-17  5.829E-20  5.566E-23  7.251E-27  4.609E-32 -1.121E-44
  301.0000  1.615E-03  1.417E-03  1.236E-03  1.069E-03  9.176E-04  7.807E-04  6.581E-04  5.491E-04  4.532E-04  3.695E-04  2.975E-04  2.361E-04  1.844E-04  1.416E-04  1.068E-04  7.879E-05  5.681E-05  3.992E-05  2.724E-05  1.800E-05  1.146E-05  6.992E-06  4.068E-06  2.239E-06  1.156E-06  5.543E-07  2.434E-07  9.636E-08  3.370E-08  1.015E-08  2.545E-09  5.098E-10  7.705E-11  8.158E-12  5.473E-13  2.030E-14  3.454E-16  2.085E-18  3.115E-21  6.670E-25  7.037E-30 -2.717E-42
  302.0000  2.186E-03  1.937E-03  1.705E-03  1.491E-03  1.293E-03  1.113E-03  9.499E-04  8.030E-04  6.720E-04  5.561E-04  4.548E-04  3.670E-04  2.920E-04  2.286E-04  1.759E-04  1.328E-04  9.810E-05  7.076E-05  4.969E-05  3.386E-05  2.229E-05  1.412E-05  8.558E-06  4.928E-06  2.676E-06  1.356E-06  6.338E-07  2.692E-07  1.020E-07  3.363E-08  9.368E-09  2.118E-09  3.688E-10  4.613E-11  3.771E-12  1.770E-13  3.991E-15  3.367E-17  7.429E-20  2.459E-23  4.064E-28 -2.392E-40
  303.0000  4.967E-03  4.443E-03  3.950E-03  3.489E-03  3.061E-03  2.666E-03  2.304E-03  1.974E-03  1.675E-03  1.407E-03  1.170E-03  9.603E-04  7.781E-04  6.215E-04  4.885E-04  3.772E-04  2.857E-04  2.116E-04  1.530E-04  1.076E-04  7.334E-05  4.825E-05  3.048E-05  1.838E-05  1.050E-05  5.633E-06  2.807E-06  1.281E-06  5.263E-07  1.905E-07  5.904E-08  1.511E-08  3.040E-09  4.506E-10  4.506E-11  2.690E-12  8.081E-14  9.588E-16  3.147E-18  1.620E-21  4.210E-26 -3.757E-38
  304.0000  6.165E-03  5.548E-03  4.964E-03  4.415E-03  3.902E-03  3.424E-03  2.983E-03  2.577E-03  2.208E-03  1.873E-03  1.573E-03  1.306E-03  1.071E-03  8.662E-04  6.903E-04  5.410E-04  4.163E-04  3.138E-04  2.311E-04  1.659E-04  1.156E-04  7.797E-05  5.061E-05  3.144E-05  1.856E-05  1.033E-05  5.364E-06  2.565E-06  1.111E-06  4.270E-07  1.419E-07  3.933E-08  8.690E-09  1.439E-09  1.640E-10  1.145E-11  4.150E-13  6.161E-15  2.632E-17  1.826E-20  6.522E-25 -8.025E-37
  305.0000  9.856E-03  8.936E-03  8.060E-03  7.230E-03  6.447E-03  5.712E-03  5.026E-03  4.390E-03  3.803E-03  3.266E-03  2.778E-03  2.339E-03  1.947E-03  1.600E-03  1.297E-03  1.036E-03  8.129E-04  6.262E-04  4.722E-04  3.477E-04  2.492E-04  1.732E-04  1.163E-04  7.496E-05  4.613E-05  2.688E-05  1.469E-05  7.444E-06  3.443E-06  1.427E-06  5.166E-07  1.583E-07  3.931E-08  7.467E-09  1.002E-09  8.494E-11  3.885E-12  7.606E-14  4.489E-16  4.474E-19  2.325E-23 -4.084E-35
  306.0000  1.028E-02  9.364E-03  8.490E-03  7.658E-03  6.869E-03  6.124E-03  5.424E-03  4.771E-03  4.164E-03  3.605E-03  3.093E-03  2.627E-03  2.208E-03  1.834E-03  1.503E-03  1.215E-03  9.662E-04  7.548E-04  5.779E-04  4.327E-04  3.159E-04  2.240E-04  1.537E-04  1.015E-04  6.417E-05  3.854E-05  2.179E-05  1.146E-05  5.536E-06  2.410E-06  9.233E-07  3.021E-07  8.099E-08  1.684E-08  2.515E-09  2.424E-10  1.293E-11  3.045E-13  2.234E-15  2.853E-18  1.938E-22 -4.491E-34
  307.0000  1.474E-02  1.350E-02  1.231E-02  1.116E-02  1.008E-02  9.042E-03  8.065E-03  7.146E-03  6.286E-03  5.487E-03  4.750E-03  4.074E-03  3.459E-03  2.904E-03  2.409E-03  1.972E-03  1.590E-03  1.260E-03  9.807E-04  7.473E-04  5.560E-04  4.027E-04  2.827E-04  1.916E-04  1.246E-04  7.721E-05  4.522E-05  2.477E-05  1.251E-05  5.735E-06  2.332E-06  8.173E-07  2.375E-07  5.429E-08  9.075E-09  1.001E-09  6.277E-11  1.793E-12  1.651E-14  2.729E-17  2.440E-21 -7.461E-33
  308.0000  1.905E-02  1.753E-02  1.607E-02  1.465E-02  1.330E-02  1.201E-02  1.078E-02  9.612E-03  8.517E-03  7.492E-03  6.538E-03  5.656E-03  4.848E-03  4.111E-03  3.447E-03  2.854E-03  2.330E-03  1.873E-03  1.479E-03  1.145E-03  8.669E-04  6.400E-04  4.589E-04  3.183E-04  2.124E-04  1.355E-04  8.196E-05  4.655E-05  2.451E-05  1.178E-05  5.056E-06  1.887E-06  5.903E-07  1.471E-07  2.727E-08  3.402E-09  2.473E-10  8.432E-12  9.570E-14  2.007E-16  2.319E-20 -9.235E-32
  309.0000  2.098E-02  1.936E-02  1.779E-02  1.628E-02  1.482E-02  1.343E-02  1.210E-02  1.083E-02  9.639E-03  8.517E-03  7.468E-03  6.494E-03  5.596E-03  4.774E-03  4.028E-03  3.358E-03  2.761E-03  2.237E-03  1.782E-03  1.392E-03  1.065E-03  7.952E-04  5.774E-04  4.060E-04  2.751E-04  1.785E-04  1.100E-04  6.384E-05  3.444E-05  1.701E-05  7.542E-06  2.921E-06  9.542E-07  2.504E-07  4.933E-08  6.625E-09  5.264E-10  1.998E-11  2.581E-13  6.303E-16  8.670E-20 -4.222E-31
  310.0000  2.275E-02  2.109E-02  1.949E-02  1.792E-02  1.641E-02  1.496E-02  1.356E-02  1.223E-02  1.096E-02  9.761E-03  8.629E-03  7.570E-03  6.585E-03  5.675E-03  4.841E-03  4.083E-03  3.401E-03  2.793E-03  2.258E-03  1.794E-03  1.397E-03  1.063E-03  7.886E-04  5.678E-04  3.949E-04  2.638E-04  1.681E-04  1.012E-04  5.693E-05  2.950E-05  1.382E-05  5.705E-06  2.008E-06  5.753E-07  1.258E-07  1.914E-08  1.767E-09  8.026E-11  1.280E-12  3.973E-15  7.059E-19 -4.453E-30
  311.0000  4.007E-02  3.723E-02  3.447E-02  3.179E-02  2.918E-02  2.667E-02  2.425E-02  2.193E-02  1.972E-02  1.762E-02  1.564E-02  1.377E-02  1.203E-02  1.041E-02  8.928E-03  7.569E-03  6.340E-03  5.239E-03  4.264E-03  3.412E-03  2.678E-03  2.056E-03  1.540E-03  1.120E-03  7.885E-04  5.337E-04  3.450E-04  2.112E-04  1.211E-04  6.411E-05  3.078E-05  1.308E-05  4.761E-06  1.420E-06  3.257E-07  5.250E-08  5.196E-09  2.569E-10  4.543E-12  1.596E-14  3.285E-18 -2.478E-29
  312.0000  3.796E-02  3.538E-02  3.286E-02  3.039E-02  2.800E-02  2.568E-02  2.344E-02  2.129E-02  1.923E-02  1.726E-02  1.539E-02  1.363E-02  1.197E-02  1.043E-02  8.998E-03  7.683E-03  6.484E-03  5.403E-03  4.437E-03  3.585E-03  2.844E-03  2.209E-03  1.676E-03  1.237E-03  8.844E-04  6.092E-04  4.017E-04  2.514E-04  1.478E-04  8.057E-05  3.999E-05  1.766E-05  6.727E-06  2.116E-06  5.173E-07  8.998E-08  9.766E-09  5.397E-10  1.090E-11  4.474E-14  1.097E-17 -1.008E-28
  313.0000  4.493E-02  4.199E-02  3.911E-02  3.630E-02  3.355E-02  3.088E-02  2.829E-02  2.580E-02  2.340E-02  2.110E-02  1.890E-02  1.682E-02  1.486E-02  1.302E-02  1.131E-02  9.721E-03  8.265E-03  6.942E-03  5.750E-03  4.690E-03  3.759E-03  2.954E-03  2.269E-03  1.698E-03  1.233E-03  8.636E-04  5.804E-04  3.712E-04  2.237E-04  1.254E-04  6.426E-05  2.946E-05  1.172E-05  3.883E-06  1.009E-06  1.890E-07  2.243E-08  1.381E-09  3.173E-11  1.514E-13  4.407E-17 -4.913E-28
  314.0000  5.051E-02  4.726E-02  4.408E-02  4.096E-02  3.792E-02  3.496E-02  3.208E-02  2.930E-02  2.663E-02  2.406E-02  2.161E-02  1.927E-02  1.707E-02  1.500E-02  1.306E-02  1.126E-02  9.607E-03  8.098E-03  6.735E-03  5.517E-03  4.443E-03  3.509E-03  2.711E-03  2.041E-03  1.492E-03  1.054E-03  7.143E-04  4.614E-04  2.811E-04  1.596E-04  8.303E-05  3.873E-05  1.573E-05  5.336E-06  1.428E-06  2.770E-07  3.433E-08  2.229E-09  5.478E-11  2.844E-13  9.217E-17 -1.188E-27
  315.0000  5.448E-02  5.114E-02  4.784E-02  4.461E-02  4.144E-02  3.835E-02  3.534E-02  3.241E-02  2.959E-02  2.686E-02  2.425E-02  2.175E-02  1.937E-02  1.713E-02  1.502E-02  1.304E-02  1.122E-02  9.536E-03  8.004E-03  6.623E-03  5.393E-03  4.311E-03  3.375E-03  2.579E-03  1.916E-03  1.378E-03  9.534E-04  6.302E-04  3.941E-04  2.305E-04  1.241E-04  6.024E-05  2.563E-05  9.189E-06  2.625E-06  5.510E-07  7.505E-08  5.463E-09  1.538E-10  9.354E-13  3.617E-16 -5.666E-27
  316.0000  4.508E-02  4.234E-02  3.964E-02  3.698E-02  3.438E-02  3.184E-02  2.936E-02  2.695E-02  2.462E-02  2.238E-02  2.022E-02  1.815E-02  1.619E-02  1.433E-02  1.258E-02  1.095E-02  9.426E-03  8.027E-03  6.750E-03  5.597E-03  4.567E-03  3.659E-03  2.872E-03  2.201E-03  1.641E-03  1.184E-03  8.228E-04  5.463E-04  3.435E-04  2.021E-04  1.096E-04  5.364E-05  2.304E-05  8.359E-06  2.423E-06  5.176E-07  7.211E-08  5.405E-09  1.582E-10  1.015E-12  4.243E-16 -7.508E-27
  317.0000  7.068E-02  6.653E-02  6.243E-02  5.839E-02  5.442E-02  5.054E-02  4.674E-02  4.305E-02  3.946E-02  3.598E-02  3.264E-02  2.942E-02  2.635E-02  2.344E-02  2.068E-02  1.809E-02  1.567E-02  1.343E-02  1.137E-02  9.496E-03  7.812E-03  6.316E-03  5.006E-03  3.879E-03  2.926E-03  2.141E-03  1.510E-03  1.020E-03  6.537E-04  3.933E-04  2.187E-04  1.103E-04  4.904E-05  1.853E-05  5.641E-06  1.278E-06  1.912E-07  1.562E-08  5.075E-10  3.684E-12  1.776E-15 -3.714E-26
  318.0000  6.314E-02  5.946E-02  5.582E-02  5.224E-02  4.872E-02  4.527E-02  4.190E-02  3.862E-02  3.542E-02  3.233E-02  2.935E-02  2.649E-02  2.375E-02  2.114E-02  1.867E-02  1.635E-02  1.419E-02  1.217E-02  1.032E-02  8.639E-03  7.120E-03  5.769E-03  4.583E-03  3.560E-03  2.693E-03  1.977E-03  1.399E-03  9.488E-04  6.110E-04  3.695E-04  2.068E-04  1.050E-04  4.711E-05  1.799E-05  5.546E-06  1.277E-06  1.949E-07  1.635E-08  5.501E-10  4.195E-12  2.176E-15 -5.107E-26
  319.0000  7.443E-02  7.027E-02  6.615E-02  6.207E-02  5.806E-02  5.412E-02  5.025E-02  4.648E-02  4.279E-02  3.921E-02  3.575E-02  3.241E-02  2.920E-02  2.613E-02  2.321E-02  2.045E-02  1.785E-02  1.543E-02  1.319E-02  1.113E-02  9.255E-03  7.574E-03  6.084E-03  4.783E-03  3.668E-03  2.733E-03  1.967E-03  1.360E-03  8.949E-04  5.548E-04  3.194E-04  1.677E-04  7.818E-05  3.125E-05  1.017E-05  2.500E-06  4.130E-07  3.811E-08  1.438E-09  1.254E-11  7.566E-15 -2.108E-25
  320.0000  8.391E-02  7.917E-02  7.448E-02  6.985E-02  6.529E-02  6.081E-02  5.643E-02  5.214E-02  4.797E-02  4.392E-02  4.000E-02  3.622E-02  3.260E-02  2.914E-02  2.585E-02  2.274E-02  1.983E-02  1.711E-02  1.460E-02  1.229E-02  1.020E-02  8.331E-03  6.676E-03  5.234E-03  4.002E-03  2.972E-03  2.131E-03  1.467E-03  9.609E-04  5.926E-04  3.391E-04  1.768E-04  8.179E-05  3.240E-05  1.044E-05  2.537E-06  4.140E-07  3.775E-08  1.412E-09  1.234E-11  7.655E-15 -2.311E-25
  321.0000  9.101E-02  8.608E-02  8.120E-02  7.637E-02  7.160E-02  6.691E-02  6.229E-02  5.777E-02  5.335E-02  4.904E-02  4.486E-02  4.082E-02  3.692E-02  3.317E-02  2.960E-02  2.621E-02  2.300E-02  1.999E-02  1.719E-02  1.460E-02  1.223E-02  1.009E-02  8.179E-03  6.493E-03  5.034E-03  3.796E-03  2.771E-03  1.945E-03  1.302E-03  8.237E-04  4.854E-04  2.618E-04  1.260E-04  5.232E-05  1.783E-05  4.632E-06  8.195E-07  8.240E-08  3.463E-09  3.466E-11  2.504E-14 -8.950E-25
  322.0000  9.203E-02  8.705E-02  8.211E-02  7.722E-02  7.239E-02  6.764E-02  6.297E-02  5.839E-02  5.392E-02  4.956E-02  4.533E-02  4.124E-02  3.729E-02  3.351E-02  2.989E-02  2.646E-02  2.322E-02  2.018E-02  1.735E-02  1.473E-02  1.234E-02  1.018E-02  8.247E-03  6.546E-03  5.073E-03  3.825E-03  2.790E-03  1.958E-03  1.311E-03  8.287E-04  4.882E-04  2.632E-04  1.267E-04  5.259E-05  1.793E-05  4.663E-06  8.272E-07  8.363E-08  3.555E-09  3.640E-11  2.756E-14 -1.081E-24
  323.0000  8.207E-02  7.767E-02  7.330E-02  6.898E-02  6.471E-02  6.051E-02  5.637E-02  5.231E-02  4.835E-02  4.448E-02  4.072E-02  3.708E-02  3.357E-02  3.020E-02  2.698E-02  2.391E-02  2.101E-02  1.829E-02  1.575E-02  1.340E-02  1.125E-02  9.301E-03  7.554E-03  6.013E-03  4.675E-03  3.536E-03  2.590E-03  1.825E-03  1.228E-03  7.810E-04  4.632E-04  2.517E-04  1.223E-04  5.133E-05  1.774E-05  4.692E-06  8.504E-07  8.837E-08  3.895E-09  4.189E-11  3.400E-14 -1.484E-24
  324.0000  9.935E-02  9.421E-02  8.910E-02  8.403E-02  7.902E-02  7.406E-02  6.918E-02  6.438E-02  5.968E-02  5.508E-02  5.060E-02  4.624E-02  4.203E-02  3.797E-02  3.407E-02  3.034E-02  2.680E-02  2.346E-02  2.033E-02  1.742E-02  1.473E-02  1.227E-02  1.006E-02  8.082E-03  6.352E-03  4.863E-03  3.610E-03  2.584E-03  1.769E-03  1.147E-03  6.961E-04  3.884E-04  1.946E-04  8.477E-05  3.060E-05  8.534E-06  1.648E-06  1.851E-07  8.953E-09  1.075E-10  9.917E-14 -5.025E-24
  325.0000  1.051E-01  9.962E-02  9.415E-02  8.873E-02  8.336E-02  7.807E-02  7.286E-02  6.774E-02  6.272E-02  5.782E-02  5.306E-02  4.843E-02  4.396E-02  3.965E-02  3.552E-02  3.158E-02  2.785E-02  2.433E-02  2.104E-02  1.798E-02  1.517E-02  1.260E-02  1.030E-02  8.247E-03  6.458E-03  4.924E-03  3.639E-03  2.591E-03  1.763E-03  1.136E-03  6.843E-04  3.785E-04  1.878E-04  8.090E-05  2.883E-05  7.922E-06  1.505E-06  1.662E-07  7.924E-09  9.465E-11  8.891E-14 -4.826E-24
  326.0000  1.426E-01  1.353E-01  1.280E-01  1.208E-01  1.137E-01  1.066E-01  9.966E-02  9.281E-02  8.609E-02  7.952E-02  7.311E-02  6.688E-02  6.085E-02  5.502E-02  4.943E-02  4.408E-02  3.899E-02  3.418E-02  2.966E-02  2.545E-02  2.156E-02  1.800E-02  1.478E-02  1.191E-02  9.389E-03  7.211E-03  5.373E-03  3.860E-03  2.655E-03  1.732E-03  1.057E-03  5.944E-04  3.006E-04  1.324E-04  4.846E-05  1.376E-05  2.721E-06  3.155E-07  1.599E-08  2.058E-10  2.122E-13 -1.300E-23
  327.0000  1.419E-01  1.347E-01  1.276E-01  1.205E-01  1.135E-01  1.066E-01  9.976E-02  9.302E-02  8.641E-02  7.993E-02  7.361E-02  6.745E-02  6.147E-02  5.569E-02  5.013E-02  4.481E-02  3.973E-02  3.492E-02  3.039E-02  2.616E-02  2.224E-02  1.864E-02  1.537E-02  1.244E-02  9.854E-03  7.611E-03  5.707E-03  4.130E-03  2.864E-03  1.885E-03  1.164E-03  6.624E-04  3.399E-04  1.524E-04  5.698E-05  1.660E-05  3.389E-06  4.088E-07  2.177E-08  2.987E-10  3.345E-13 -2.297E-23
  328.0000  1.359E-01  1.290E-01  1.221E-01  1.153E-01  1.085E-01  1.018E-01  9.525E-02  8.876E-02  8.239E-02  7.615E-02  7.006E-02  6.414E-02  5.840E-02  5.286E-02  4.753E-02  4.243E-02  3.758E-02  3.298E-02  2.866E-02  2.463E-02  2.090E-02  1.748E-02  1.439E-02  1.162E-02  9.178E-03  7.069E-03  5.283E-03  3.810E-03  2.631E-03  1.724E-03  1.059E-03  5.991E-04  3.054E-04  1.359E-04  5.036E-05  1.453E-05  2.935E-06  3.506E-07  1.854E-08  2.549E-10  2.925E-13 -2.153E-23
  329.0000  1.469E-01  1.396E-01  1.323E-01  1.251E-01  1.180E-01  1.109E-01  1.039E-01  9.702E-02  9.025E-02  8.360E-02  7.710E-02  7.077E-02  6.461E-02  5.865E-02  5.290E-02  4.738E-02  4.211E-02  3.711E-02  3.239E-02  2.796E-02  2.385E-02  2.006E-02  1.661E-02  1.350E-02  1.075E-02  8.350E-03  6.299E-03  4.591E-03  3.209E-03  2.132E-03  1.331E-03  7.671E-04  3.997E-04  1.824E-04  6.975E-05  2.089E-05  4.417E-06  5.578E-07  3.158E-08  4.714E-10  5.970E-13 -4.968E-23
  330.0000  1.722E-01  1.638E-01  1.553E-01  1.469E-01  1.386E-01  1.303E-01  1.222E-01  1.141E-01  1.062E-01  9.847E-02  9.088E-02  8.347E-02  7.626E-02  6.928E-02  6.255E-02  5.608E-02  4.989E-02  4.401E-02  3.846E-02  3.324E-02  2.839E-02  2.392E-02  1.984E-02  1.616E-02  1.289E-02  1.004E-02  7.594E-03  5.552E-03  3.895E-03  2.598E-03  1.629E-03  9.442E-04  4.952E-04  2.278E-04  8.795E-05  2.666E-05  5.727E-06  7.381E-07  4.296E-08  6.669E-10  8.957E-13 -8.194E-23
  331.0000  1.470E-01  1.397E-01  1.325E-01  1.253E-01  1.182E-01  1.111E-01  1.041E-01  9.721E-02  9.044E-02  8.380E-02  7.730E-02  7.096E-02  6.480E-02  5.884E-02  5.309E-02  4.756E-02  4.229E-02  3.728E-02  3.255E-02  2.811E-02  2.399E-02  2.019E-02  1.673E-02  1.361E-02  1.084E-02  8.428E-03  6.365E-03  4.645E-03  3.252E-03  2.164E-03  1.353E-03  7.821E-04  4.088E-04  1.874E-04  7.207E-05  2.176E-05  4.655E-06  5.986E-07  3.490E-08  5.477E-10  7.588E-13 -7.460E-23
  332.0000  1.505E-01  1.432E-01  1.359E-01  1.287E-01  1.215E-01  1.143E-01  1.073E-01  1.003E-01  9.345E-02  8.671E-02  8.011E-02  7.367E-02  6.740E-02  6.131E-02  5.543E-02  4.978E-02  4.436E-02  3.921E-02  3.433E-02  2.974E-02  2.547E-02  2.151E-02  1.790E-02  1.463E-02  1.171E-02  9.155E-03  6.958E-03  5.113E-03  3.609E-03  2.424E-03  1.532E-03  8.966E-04  4.756E-04  2.219E-04  8.713E-05  2.698E-05  5.958E-06  7.965E-07  4.875E-08  8.135E-10  1.219E-12 -1.332E-22
  333.0000  1.612E-01  1.535E-01  1.457E-01  1.380E-01  1.304E-01  1.228E-01  1.153E-01  1.079E-01  1.006E-01  9.338E-02  8.635E-02  7.947E-02  7.277E-02  6.627E-02  5.998E-02  5.392E-02  4.812E-02  4.258E-02  3.734E-02  3.240E-02  2.779E-02  2.352E-02  1.961E-02  1.606E-02  1.290E-02  1.011E-02  7.710E-03  5.688E-03  4.031E-03  2.721E-03  1.730E-03  1.019E-03  5.448E-04  2.566E-04  1.019E-04  3.202E-05  7.200E-06  9.852E-07  6.218E-08  1.082E-09  1.722E-12 -2.064E-22
  334.0000  1.456E-01  1.385E-01  1.315E-01  1.245E-01  1.176E-01  1.107E-01  1.039E-01  9.723E-02  9.062E-02  8.413E-02  7.777E-02  7.155E-02  6.550E-02  5.962E-02  5.394E-02  4.848E-02  4.324E-02  3.825E-02  3.352E-02  2.907E-02  2.492E-02  2.108E-02  1.756E-02  1.437E-02  1.153E-02  9.030E-03  6.878E-03  5.068E-03  3.587E-03  2.418E-03  1.534E-03  9.023E-04  4.815E-04  2.263E-04  8.970E-05  2.813E-05  6.315E-06  8.646E-07  5.483E-08  9.672E-10  1.591E-12 -2.047E-22
  335.0000  1.672E-01  1.593E-01  1.513E-01  1.434E-01  1.356E-01  1.278E-01  1.201E-01  1.124E-01  1.049E-01  9.751E-02  9.025E-02  8.315E-02  7.623E-02  6.950E-02  6.299E-02  5.671E-02  5.069E-02  4.493E-02  3.947E-02  3.432E-02  2.950E-02  2.503E-02  2.092E-02  1.719E-02  1.385E-02  1.090E-02  8.344E-03  6.184E-03  4.407E-03  2.993E-03  1.916E-03  1.139E-03  6.152E-04  2.934E-04  1.184E-04  3.792E-05  8.743E-06  1.237E-06  8.182E-08  1.523E-09  2.687E-12 -3.817E-22
  336.0000  1.437E-01  1.369E-01  1.301E-01  1.234E-01  1.167E-01  1.100E-01  1.034E-01  9.687E-02  9.044E-02  8.411E-02  7.789E-02  7.181E-02  6.588E-02  6.011E-02  5.452E-02  4.913E-02  4.395E-02  3.900E-02  3.430E-02  2.986E-02  2.570E-02  2.184E-02  1.828E-02  1.505E-02  1.214E-02  9.576E-03  7.351E-03  5.463E-03  3.905E-03  2.663E-03  1.712E-03  1.023E-03  5.557E-04  2.669E-04  1.086E-04  3.520E-05  8.231E-06  1.187E-06  8.049E-08  1.553E-09  2.889E-12 -4.467E-22
  337.0000  1.385E-01  1.319E-01  1.254E-01  1.189E-01  1.124E-01  1.060E-01  9.963E-02  9.334E-02  8.713E-02  8.102E-02  7.503E-02  6.917E-02  6.345E-02  5.788E-02  5.249E-02  4.730E-02  4.230E-02  3.753E-02  3.300E-02  2.873E-02  2.472E-02  2.100E-02  1.758E-02  1.446E-02  1.167E-02  9.201E-03  7.060E-03  5.246E-03  3.749E-03  2.555E-03  1.642E-03  9.806E-04  5.328E-04  2.559E-04  1.042E-04  3.378E-05  7.917E-06  1.146E-06  7.843E-08  1.540E-09  2.971E-12 -4.933E-22
  338.0000  1.568E-01  1.494E-01  1.421E-01  1.348E-01  1.275E-01  1.202E-01  1.131E-01  1.060E-01  9.900E-02  9.212E-02  8.536E-02  7.874E-02  7.228E-02  6.600E-02  5.991E-02  5.402E-02  4.837E-02  4.296E-02  3.782E-02  3.296E-02  2.840E-02  2.416E-02  2.026E-02  1.670E-02  1.350E-02  1.067E-02  8.211E-03  6.119E-03  4.388E-03  3.002E-03  1.939E-03  1.164E-03  6.363E-04  3.080E-04  1.266E-04  4.152E-05  9.876E-06  1.458E-06  1.024E-07  2.084E-09  4.238E-12 -7.650E-22
  339.0000  1.679E-01  1.600E-01  1.522E-01  1.445E-01  1.367E-01  1.291E-01  1.214E-01  1.139E-01  1.065E-01  9.914E-02  9.194E-02  8.488E-02  7.799E-02  7.127E-02  6.476E-02  5.847E-02  5.241E-02  4.661E-02  4.109E-02  3.587E-02  3.096E-02  2.639E-02  2.217E-02  1.832E-02  1.485E-02  1.177E-02  9.085E-03  6.795E-03  4.893E-03  3.364E-03  2.184E-03  1.320E-03  7.271E-04  3.551E-04  1.476E-04  4.909E-05  1.188E-05  1.794E-06  1.297E-07  2.746E-09  5.906E-12 -1.160E-21
  340.0000  1.914E-01  1.825E-01  1.736E-01  1.648E-01  1.560E-01  1.472E-01  1.386E-01  1.300E-01  1.215E-01  1.132E-01  1.050E-01  9.694E-02  8.908E-02  8.144E-02  7.401E-02  6.684E-02  5.993E-02  5.332E-02  4.702E-02  4.106E-02  3.546E-02  3.024E-02  2.542E-02  2.102E-02  1.705E-02  1.352E-02  1.045E-02  7.820E-03  5.637E-03  3.881E-03  2.524E-03  1.528E-03  8.438E-04  4.134E-04  1.725E-04  5.765E-05  1.405E-05  2.143E-06  1.573E-07  3.413E-09  7.647E-12 -1.616E-21
  341.0000  1.699E-01  1.621E-01  1.543E-01  1.464E-01  1.387E-01  1.310E-01  1.233E-01  1.157E-01  1.082E-01  1.008E-01  9.358E-02  8.646E-02  7.951E-02  7.273E-02  6.615E-02  5.978E-02  5.365E-02  4.777E-02  4.217E-02  3.686E-02  3.187E-02  2.721E-02  2.291E-02  1.897E-02  1.541E-02  1.225E-02  9.481E-03  7.115E-03  5.143E-03  3.552E-03  2.319E-03  1.410E-03  7.828E-04  3.859E-04  1.623E-04  5.478E-05  1.352E-05  2.096E-06  1.574E-07  3.527E-09  8.297E-12 -1.897E-21
  342.0000  1.752E-01  1.672E-01  1.591E-01  1.511E-01  1.432E-01  1.353E-01  1.274E-01  1.196E-01  1.119E-01  1.043E-01  9.689E-02  8.957E-02  8.242E-02  7.544E-02  6.867E-02  6.210E-02  5.578E-02  4.972E-02  4.393E-02  3.844E-02  3.328E-02  2.845E-02  2.398E-02  1.989E-02  1.619E-02  1.289E-02  1.000E-02  7.526E-03  5.457E-03  3.781E-03  2.478E-03  1.514E-03  8.450E-04  4.194E-04  1.778E-04  6.063E-05  1.516E-05  2.391E-06  1.838E-07  4.255E-09  1.051E-11 -2.596E-21
  343.0000  1.862E-01  1.777E-01  1.692E-01  1.607E-01  1.523E-01  1.439E-01  1.356E-01  1.273E-01  1.192E-01  1.111E-01  1.032E-01  9.547E-02  8.788E-02  8.048E-02  7.328E-02  6.631E-02  5.960E-02  5.315E-02  4.699E-02  4.115E-02  3.565E-02  3.050E-02  2.574E-02  2.137E-02  1.741E-02  1.388E-02  1.079E-02  8.132E-03  5.907E-03  4.103E-03  2.695E-03  1.652E-03  9.256E-04  4.615E-04  1.967E-04  6.759E-05  1.706E-05  2.726E-06  2.134E-07  5.079E-09  1.310E-11 -3.481E-21
  344.0000  1.528E-01  1.458E-01  1.389E-01  1.320E-01  1.250E-01  1.182E-01  1.114E-01  1.046E-01  9.791E-02  9.132E-02  8.484E-02  7.848E-02  7.225E-02  6.618E-02  6.027E-02  5.455E-02  4.904E-02  4.374E-02  3.869E-02  3.389E-02  2.937E-02  2.514E-02  2.122E-02  1.763E-02  1.437E-02  1.147E-02  8.917E-03  6.726E-03  4.890E-03  3.400E-03  2.237E-03  1.373E-03  7.708E-04  3.853E-04  1.648E-04  5.685E-05  1.444E-05  2.328E-06  1.847E-07  4.494E-09  1.204E-11 -3.430E-21
  345.0000  1.723E-01  1.645E-01  1.567E-01  1.490E-01  1.412E-01  1.335E-01  1.259E-01  1.183E-01  1.108E-01  1.034E-01  9.609E-02  8.894E-02  8.194E-02  7.510E-02  6.845E-02  6.200E-02  5.578E-02  4.981E-02  4.410E-02  3.867E-02  3.356E-02  2.876E-02  2.432E-02  2.023E-02  1.653E-02  1.321E-02  1.030E-02  7.787E-03  5.679E-03  3.962E-03  2.617E-03  1.614E-03  9.113E-04  4.586E-04  1.978E-04  6.895E-05  1.775E-05  2.911E-06  2.364E-07  5.939E-09  1.669E-11 -5.123E-21
  346.0000  1.774E-01  1.694E-01  1.614E-01  1.534E-01  1.455E-01  1.376E-01  1.297E-01  1.219E-01  1.142E-01  1.066E-01  9.912E-02  9.176E-02  8.456E-02  7.753E-02  7.069E-02  6.405E-02  5.765E-02  5.149E-02  4.561E-02  4.002E-02  3.474E-02  2.980E-02  2.521E-02  2.099E-02  1.716E-02  1.373E-02  1.071E-02  8.109E-03  5.922E-03  4.138E-03  2.739E-03  1.692E-03  9.582E-04  4.838E-04  2.095E-04  7.345E-05  1.904E-05  3.156E-06  2.603E-07  6.698E-09  1.957E-11 -6.439E-21
  347.0000  1.928E-01  1.841E-01  1.755E-01  1.668E-01  1.582E-01  1.497E-01  1.412E-01  1.327E-01  1.244E-01  1.161E-01  1.080E-01  1.001E-01  9.225E-02  8.462E-02  7.719E-02  6.999E-02  6.303E-02  5.634E-02  4.994E-02  4.385E-02  3.810E-02  3.271E-02  2.770E-02  2.309E-02  1.890E-02  1.515E-02  1.184E-02  8.981E-03  6.573E-03  4.605E-03  3.056E-03  1.895E-03  1.078E-03  5.469E-04  2.384E-04  8.422E-05  2.206E-05  3.707E-06  3.116E-07  8.244E-09  2.514E-11 -8.875E-21
  348.0000  1.696E-01  1.620E-01  1.545E-01  1.469E-01  1.394E-01  1.319E-01  1.244E-01  1.170E-01  1.097E-01  1.025E-01  9.534E-02  8.835E-02  8.149E-02  7.478E-02  6.826E-02  6.192E-02  5.580E-02  4.991E-02  4.427E-02  3.891E-02  3.383E-02  2.907E-02  2.465E-02  2.057E-02  1.686E-02  1.353E-02  1.059E-02  8.050E-03  5.904E-03  4.147E-03  2.760E-03  1.718E-03  9.805E-04  5.001E-04  2.193E-04  7.808E-05  2.066E-05  3.519E-06  3.013E-07  8.193E-09  2.606E-11 -9.859E-21
  349.0000  1.758E-01  1.680E-01  1.602E-01  1.524E-01  1.446E-01  1.369E-01  1.292E-01  1.215E-01  1.139E-01  1.065E-01  9.911E-02  9.188E-02  8.478E-02  7.784E-02  7.108E-02  6.452E-02  5.817E-02  5.207E-02  4.622E-02  4.065E-02  3.538E-02  3.043E-02  2.582E-02  2.157E-02  1.770E-02  1.423E-02  1.115E-02  8.492E-03  6.241E-03  4.393E-03  2.932E-03  1.831E-03  1.049E-03  5.376E-04  2.371E-04  8.507E-05  2.273E-05  3.921E-06  3.419E-07  9.546E-09  3.164E-11 -1.281E-20
  350.0000  2.052E-01  1.961E-01  1.870E-01  1.779E-01  1.689E-01  1.599E-01  1.509E-01  1.420E-01  1.332E-01  1.245E-01  1.159E-01  1.075E-01  9.924E-02  9.115E-02  8.327E-02  7.562E-02  6.822E-02  6.109E-02  5.425E-02  4.775E-02  4.158E-02  3.579E-02  3.040E-02  2.542E-02  2.088E-02  1.680E-02  1.319E-02  1.006E-02  7.405E-03  5.223E-03  3.495E-03  2.188E-03  1.258E-03  6.473E-04  2.870E-04  1.036E-04  2.793E-05  4.875E-06  4.322E-07  1.237E-08  4.263E-11 -1.845E-20
------------------------------------------------------------
