Spectral Irradiance, W m-2 nm-1
values at z =      3.216 km
Columns: wavelength (nm), solar zenith angles (deg.)
    wc, nm     49.000     50.000     51.000     52.000     53.000     54.000     55.000     56.000     57.000     58.000     59.000     60.000     61.000     62.000     63.000     64.000     65.000     66.000     67.000     68.000     69.000     70.000     71.000     72.000     73.000     74.000     75.000     76.000     77.000     78.000     79.000     80.000     81.000     82.000     83.000     84.000     85.000     86.000     87.000     88.000     89.000     90.000
  280.0000  0.000E+00  0.000E+00  0.000E+00  0.000E+00  0.000E+00  0.000E+00  0.000E+00  0.000E+00  0.000E+00  0.000E+00  0.000E+00  0.000E+00  0.000E+00  0.000E+00  0.000E+00  0.000E+00  0.000E+00  0.000E+00  0.000E+00  0.000E+00  0.000E+00  0.000E+00  0.000E+00  0.000E+00  0.000E+00  0.000E+00  0.000E+00  0.000E+00  0.000E+00  0.000E+00  0.000E+00  0.000E+00  0.000E+00  0.000E+00  0.000E+00  0.000E+00  0.000E+00  0.000E+00  0.000E+00  0.000E+00  0.000E+00  0.000E+00
  281.0000  0.000E+00  0.000E+00  0.000E+00  0.000E+00  0.000E+00  0.000E+00  0.000E+00  0.000E+00  0.000E+00  0.000E+00  0.000E+00  0.000E+00  0.000E+00  0.000E+00  0.000E+00  0.000E+00  0.000E+00  0.000E+00  0.000E+00  0.000E+00  0.000E+00  0.000E+00  0.000E+00  0.000E+00  0.000E+00  0.000E+00  0.000E+00  0.000E+00  0.000E+00  0.000E+00  0.000E+00  0.000E+00  0.000E+00  0.000E+00  0.000E+00  0.000E+00  0.000E+00  0.000E+00  0.000E+00  0.000E+00  0.000E+00  0.000E+00
  282.0000  0.000E+00  0.000E+00  0.000E+00  0.000E+00  0.000E+00  0.000E+00  0.000E+00  0.000E+00  0.000E+00  0.000E+00  0.000E+00  0.000E+00  0.000E+00  0.000E+00  0.000E+00  0.000E+00  0.000E+00  0.000E+00  0.000E+00  0.000E+00  0.000E+00  0.000E+00  0.000E+00  0.000E+00  0.000E+00  0.000E+00  0.000E+00  0.000E+00  0.000E+00  0.000E+00  0.000E+00  0.000E+00  0.000E+00  0.000E+00  0.000E+00  0.000E+00  0.000E+00  0.000E+00  0.000E+00  0.000E+00  0.000E+00  0.000E+00
  283.0000  0.000E+00  0.000E+00  0.000E+00  0.000E+00  0.000E+00  0.000E+00  0.000E+00  0.000E+00  0.000E+00  0.000E+00  0.000E+00  0.000E+00  0.000E+00  0.000E+00  0.000E+00  0.000E+00  0.000E+00  0.000E+00  0.000E+00  0.000E+00  0.000E+00  0.000E+00  0.000E+00  0.000E+00  0.000E+00  0.000E+00  0.000E+00  0.000E+00  0.000E+00  0.000E+00  0.000E+00  0.000E+00  0.000E+00  0.000E+00  0.000E+00  0.000E+00  0.000E+00  0.000E+00  0.000E+00  0.000E+00  0.000E+00  0.000E+00
  284.0000  0.000E+00  0.000E+00  0.000E+00  0.000E+00  0.000E+00  0.000E+00  0.000E+00  0.000E+00  0.000E+00  0.000E+00  0.000E+00  0.000E+00  0.000E+00  0.000E+00  0.000E+00  0.000E+00  0.000E+00  0.000E+00  0.000E+00  0.000E+00  0.000E+00  0.000E+00  0.000E+00  0.000E+00  0.000E+00  0.000E+00  0.000E+00  0.000E+00  0.000E+00  0.000E+00  0.000E+00  0.000E+00  0.000E+00  0.000E+00  0.000E+00  0.000E+00  0.000E+00  0.000E+00  0.000E+00  0.000E+00  0.000E+00  0.000E+00
  285.0000  0.000E+00  0.000E+00  0.000E+00  0.000E+00  0.000E+00  0.000E+00  0.000E+00  0.000E+00  0.000E+00  0.000E+00  0.000E+00  0.000E+00  0.000E+00  0.000E+00  0.000E+00  0.000E+00  0.000E+00  0.000E+00  0.000E+00  0.000E+00  0.000E+00  0.000E+00  0.000E+00  0.000E+00  0.000E+00  0.000E+00  0.000E+00  0.000E+00  0.000E+00  0.000E+00  0.000E+00  0.000E+00  0.000E+00  0.000E+00  0.000E+00  0.000E+00  0.000E+00  0.000E+00  0.000E+00  0.000E+00  0.000E+00  0.000E+00
  286.0000  0.000E+00  0.000E+00  0.000E+00  0.000E+00  0.000E+00  0.000E+00  0.000E+00  0.000E+00  0.000E+00  0.000E+00  0.000E+00  0.000E+00  0.000E+00  0.000E+00  0.000E+00  0.000E+00  0.000E+00  0.000E+00  0.000E+00  0.000E+00  0.000E+00  0.000E+00  0.000E+00  0.000E+00  0.000E+00  0.000E+00  0.000E+00  0.000E+00  0.000E+00  0.000E+00  0.000E+00  0.000E+00  0.000E+00  0.000E+00  0.000E+00  0.000E+00  0.000E+00  0.000E+00  0.000E+00  0.000E+00  0.000E+00  0.000E+00
  287.0000  0.000E+00  0.000E+00  0.000E+00  0.000E+00  0.000E+00  0.000E+00  0.000E+00  0.000E+00  0.000E+00  0.000E+00  0.000E+00  0.000E+00  0.000E+00  0.000E+00  0.000E+00  0.000E+00  0.000E+00  0.000E+00  0.000E+00  0.000E+00  0.000E+00  0.000E+00  0.000E+00  0.000E+00  0.000E+00  0.000E+00  0.000E+00  0.000E+00  0.000E+00  0.000E+00  0.000E+00  0.000E+00  0.000E+00  0.000E+00  0.000E+00  0.000E+00  0.000E+00  0.000E+00  0.000E+00  0.000E+00  0.000E+00  0.000E+00
  288.0000  2.272E-08  1.606E-08  1.114E-08  7.569E-09  5.029E-09  3.261E-09  2.061E-09  1.266E-09  7.543E-10  4.347E-10  2.416E-10  1.290E-10  6.598E-11  3.215E-11  1.486E-11  6.476E-12  2.644E-12  1.003E-12  3.509E-13  1.119E-13  3.218E-14  8.219E-15  1.834E-15  3.503E-16  5.592E-17  7.242E-18  7.341E-19  5.571E-20  2.996E-21  1.065E-22  2.294E-24  2.677E-26  1.467E-28  3.142E-31  2.077E-34  3.145E-38  7.595E-43  0.000E+00  0.000E+00  0.000E+00  0.000E+00  0.000E+00
  289.0000  1.541E-07  1.123E-07  8.045E-08  5.653E-08  3.893E-08  2.623E-08  1.726E-08  1.107E-08  6.901E-09  4.175E-09  2.444E-09  1.380E-09  7.487E-10  3.889E-10  1.925E-10  9.030E-11  3.992E-11  1.652E-11  6.344E-12  2.241E-12  7.200E-13  2.078E-13  5.302E-14  1.175E-14  2.210E-15  3.438E-16  4.279E-17  4.092E-18  2.860E-19  1.371E-20  4.163E-22  7.230E-24  6.301E-26  2.327E-28  2.931E-31  9.560E-35  5.752E-39  4.344E-44  0.000E+00  0.000E+00  0.000E+00  0.000E+00
  290.0000  8.788E-07  6.590E-07  4.864E-07  3.528E-07  2.513E-07  1.754E-07  1.199E-07  8.003E-08  5.209E-08  3.299E-08  2.027E-08  1.206E-08  6.916E-09  3.813E-09  2.013E-09  1.012E-09  4.821E-10  2.162E-10  9.068E-11  3.524E-11  1.257E-11  4.067E-12  1.177E-12  2.996E-13  6.577E-14  1.215E-14  1.833E-15  2.178E-16  1.946E-17  1.235E-18  5.174E-20  1.305E-21  1.756E-23  1.082E-25  2.495E-28  1.672E-31  2.370E-35  4.914E-40  1.401E-45  0.000E+00  0.000E+00  0.000E+00
  291.0000  2.887E-06  2.216E-06  1.676E-06  1.247E-06  9.129E-07  6.561E-07  4.623E-07  3.189E-07  2.149E-07  1.412E-07  9.028E-08  5.601E-08  3.361E-08  1.946E-08  1.082E-08  5.753E-09  2.912E-09  1.395E-09  6.282E-10  2.639E-10  1.025E-10  3.637E-11  1.166E-11  3.323E-12  8.266E-13  1.755E-13  3.097E-14  4.387E-15  4.785E-16  3.813E-17  2.076E-18  7.085E-20  1.358E-21  1.267E-23  4.780E-26  5.749E-29  1.636E-32  7.734E-37  4.158E-42  0.000E+00  0.000E+00  0.000E+00
  292.0000  1.053E-05  8.318E-06  6.484E-06  4.985E-06  3.775E-06  2.812E-06  2.059E-06  1.479E-06  1.041E-06  7.164E-07  4.811E-07  3.146E-07  1.998E-07  1.228E-07  7.288E-08  4.157E-08  2.270E-08  1.180E-08  5.807E-09  2.687E-09  1.160E-09  4.622E-10  1.683E-10  5.519E-11  1.605E-11  4.055E-12  8.692E-13  1.533E-13  2.145E-14  2.270E-15  1.712E-16  8.522E-18  2.536E-19  3.970E-21  2.763E-23  6.883E-26  4.660E-29  6.132E-33  1.073E-37  1.654E-43  0.000E+00  0.000E+00
  293.0000  2.445E-05  1.966E-05  1.561E-05  1.224E-05  9.470E-06  7.215E-06  5.410E-06  3.985E-06  2.881E-06  2.040E-06  1.413E-06  9.543E-07  6.275E-07  4.006E-07  2.475E-07  1.474E-07  8.434E-08  4.613E-08  2.399E-08  1.179E-08  5.430E-09  2.326E-09  9.162E-10  3.279E-10  1.050E-10  2.956E-11  7.149E-12  1.445E-12  2.359E-13  2.976E-14  2.747E-15  1.728E-16  6.761E-18  1.459E-19  1.485E-21  5.821E-24  6.762E-27  1.686E-30  6.180E-35  2.155E-40  0.000E+00  0.000E+00
  294.0000  6.829E-05  5.611E-05  4.561E-05  3.664E-05  2.908E-05  2.276E-05  1.757E-05  1.335E-05  9.968E-06  7.309E-06  5.252E-06  3.692E-06  2.533E-06  1.692E-06  1.098E-06  6.895E-07  4.177E-07  2.430E-07  1.351E-07  7.141E-08  3.563E-08  1.665E-08  7.221E-09  2.874E-09  1.035E-09  3.322E-10  9.306E-11  2.220E-11  4.370E-12  6.830E-13  8.063E-14  6.744E-15  3.677E-16  1.173E-17  1.895E-19  1.288E-21  2.881E-24  1.559E-27  1.398E-31  1.299E-36  5.423E-43  0.000E+00
  295.0000  1.425E-04  1.189E-04  9.824E-05  8.029E-05  6.488E-05  5.179E-05  4.079E-05  3.167E-05  2.420E-05  1.819E-05  1.342E-05  9.700E-06  6.858E-06  4.732E-06  3.178E-06  2.072E-06  1.307E-06  7.942E-07  4.630E-07  2.577E-07  1.360E-07  6.761E-08  3.138E-08  1.346E-08  5.271E-09  1.856E-09  5.768E-10  1.547E-10  3.477E-11  6.323E-12  8.884E-13  9.089E-14  6.270E-15  2.636E-16  5.914E-18  5.936E-20  2.115E-22  1.987E-25  3.376E-29  6.347E-34  5.382E-40  0.000E+00
  296.0000  4.028E-04  3.421E-04  2.879E-04  2.400E-04  1.980E-04  1.616E-04  1.303E-04  1.037E-04  8.141E-05  6.293E-05  4.785E-05  3.573E-05  2.615E-05  1.872E-05  1.309E-05  8.907E-06  5.884E-06  3.760E-06  2.315E-06  1.367E-06  7.699E-07  4.109E-07  2.062E-07  9.643E-08  4.155E-08  1.628E-08  5.701E-09  1.749E-09  4.581E-10  9.916E-11  1.702E-11  2.195E-12  1.984E-13  1.147E-14  3.749E-16  5.891E-18  3.582E-20  6.331E-23  2.236E-26  9.388E-31  1.771E-36  0.000E+00
  297.0000  4.680E-04  4.023E-04  3.429E-04  2.897E-04  2.425E-04  2.009E-04  1.646E-04  1.333E-04  1.066E-04  8.398E-05  6.519E-05  4.976E-05  3.729E-05  2.739E-05  1.968E-05  1.379E-05  9.404E-06  6.220E-06  3.975E-06  2.445E-06  1.439E-06  8.065E-07  4.270E-07  2.119E-07  9.748E-08  4.108E-08  1.562E-08  5.254E-09  1.528E-09  3.727E-10  7.337E-11  1.109E-11  1.207E-12  8.678E-14  3.674E-15  7.857E-17  6.902E-19  1.888E-21  1.108E-24  8.164E-29  2.730E-34  0.000E+00
  298.0000  1.260E-03  1.097E-03  9.485E-04  8.134E-04  6.916E-04  5.826E-04  4.860E-04  4.010E-04  3.270E-04  2.633E-04  2.091E-04  1.635E-04  1.258E-04  9.500E-05  7.032E-05  5.091E-05  3.595E-05  2.469E-05  1.644E-05  1.058E-05  6.538E-06  3.865E-06  2.171E-06  1.149E-06  5.683E-07  2.595E-07  1.080E-07  4.021E-08  1.312E-08  3.649E-09  8.353E-10  1.504E-10  2.007E-11  1.834E-12  1.032E-13  3.096E-15  4.074E-17  1.799E-19  1.840E-22  2.507E-26  1.556E-31 -3.223E-44
  299.0000  1.765E-03  1.551E-03  1.354E-03  1.174E-03  1.009E-03  8.599E-04  7.261E-04  6.070E-04  5.020E-04  4.103E-04  3.310E-04  2.633E-04  2.063E-04  1.589E-04  1.201E-04  8.894E-05  6.436E-05  4.539E-05  3.111E-05  2.064E-05  1.320E-05  8.103E-06  4.742E-06  2.627E-06  1.367E-06  6.602E-07  2.925E-07  1.169E-07  4.135E-08  1.261E-08  3.208E-09  6.529E-10  1.005E-10  1.086E-11  7.461E-13  2.839E-14  4.964E-16  3.073E-18  4.661E-21  9.858E-25  9.631E-30 -3.024E-42
  300.0000  2.339E-03  2.077E-03  1.833E-03  1.606E-03  1.398E-03  1.207E-03  1.033E-03  8.761E-04  7.357E-04  6.112E-04  5.018E-04  4.067E-04  3.251E-04  2.558E-04  1.979E-04  1.502E-04  1.116E-04  8.107E-05  5.734E-05  3.937E-05  2.615E-05  1.672E-05  1.024E-05  5.963E-06  3.278E-06  1.685E-06  7.998E-07  3.457E-07  1.335E-07  4.503E-08  1.287E-08  2.995E-09  5.393E-10  7.012E-11  5.992E-12  2.960E-13  7.066E-15  6.333E-17  1.477E-19  5.043E-23  8.036E-28 -3.954E-40
  301.0000  4.191E-03  3.751E-03  3.338E-03  2.951E-03  2.592E-03  2.260E-03  1.955E-03  1.676E-03  1.424E-03  1.198E-03  9.972E-04  8.199E-04  6.654E-04  5.323E-04  4.192E-04  3.243E-04  2.461E-04  1.827E-04  1.324E-04  9.337E-05  6.382E-05  4.212E-05  2.670E-05  1.616E-05  9.271E-06  4.996E-06  2.502E-06  1.148E-06  4.747E-07  1.730E-07  5.406E-08  1.395E-08  2.835E-09  4.250E-10  4.299E-11  2.597E-12  7.889E-14  9.418E-16  3.073E-18  1.528E-21  3.601E-26 -2.580E-38
  302.0000  5.043E-03  4.545E-03  4.073E-03  3.629E-03  3.213E-03  2.825E-03  2.466E-03  2.135E-03  1.833E-03  1.559E-03  1.313E-03  1.093E-03  8.988E-04  7.294E-04  5.833E-04  4.589E-04  3.545E-04  2.684E-04  1.986E-04  1.433E-04  1.004E-04  6.812E-05  4.451E-05  2.785E-05  1.658E-05  9.311E-06  4.883E-06  2.361E-06  1.036E-06  4.038E-07  1.363E-07  3.850E-08  8.688E-09  1.474E-09  1.726E-10  1.243E-11  4.655E-13  7.138E-15  3.123E-17  2.162E-20  7.228E-25 -7.307E-37
  303.0000  1.016E-02  9.216E-03  8.321E-03  7.471E-03  6.669E-03  5.915E-03  5.211E-03  4.557E-03  3.954E-03  3.400E-03  2.897E-03  2.443E-03  2.037E-03  1.677E-03  1.362E-03  1.090E-03  8.575E-04  6.622E-04  5.007E-04  3.698E-04  2.659E-04  1.855E-04  1.250E-04  8.090E-05  5.001E-05  2.929E-05  1.610E-05  8.211E-06  3.825E-06  1.598E-06  5.838E-07  1.807E-07  4.538E-08  8.731E-09  1.188E-09  1.022E-10  4.743E-12  9.383E-14  5.533E-16  5.358E-19  2.544E-23 -3.614E-35
  304.0000  1.168E-02  1.065E-02  9.659E-03  8.717E-03  7.823E-03  6.979E-03  6.185E-03  5.443E-03  4.755E-03  4.119E-03  3.537E-03  3.007E-03  2.529E-03  2.103E-03  1.726E-03  1.396E-03  1.112E-03  8.694E-04  6.667E-04  4.999E-04  3.655E-04  2.596E-04  1.785E-04  1.182E-04  7.486E-05  4.507E-05  2.555E-05  1.349E-05  6.536E-06  2.856E-06  1.099E-06  3.611E-07  9.729E-08  2.033E-08  3.052E-09  2.954E-10  1.579E-11  3.700E-13  2.668E-15  3.255E-18  1.991E-22 -3.706E-34
  305.0000  1.696E-02  1.554E-02  1.418E-02  1.288E-02  1.164E-02  1.045E-02  9.335E-03  8.282E-03  7.295E-03  6.377E-03  5.528E-03  4.749E-03  4.039E-03  3.398E-03  2.824E-03  2.316E-03  1.872E-03  1.488E-03  1.161E-03  8.869E-04  6.620E-04  4.811E-04  3.391E-04  2.307E-04  1.507E-04  9.388E-05  5.529E-05  3.047E-05  1.550E-05  7.162E-06  2.938E-06  1.040E-06  3.056E-07  7.074E-08  1.199E-08  1.342E-09  8.533E-11  2.462E-12  2.267E-14  3.648E-17  2.995E-21 -7.486E-33
  306.0000  1.663E-02  1.530E-02  1.402E-02  1.278E-02  1.160E-02  1.047E-02  9.394E-03  8.378E-03  7.421E-03  6.526E-03  5.693E-03  4.924E-03  4.218E-03  3.577E-03  2.998E-03  2.481E-03  2.024E-03  1.626E-03  1.283E-03  9.930E-04  7.513E-04  5.542E-04  3.971E-04  2.752E-04  1.834E-04  1.168E-04  7.058E-05  4.002E-05  2.103E-05  1.008E-05  4.314E-06  1.604E-06  4.994E-07  1.237E-07  2.273E-08  2.803E-09  2.004E-10  6.654E-12  7.241E-14  1.415E-16  1.442E-20 -4.566E-32
  307.0000  2.235E-02  2.064E-02  1.899E-02  1.739E-02  1.586E-02  1.438E-02  1.297E-02  1.163E-02  1.036E-02  9.171E-03  8.055E-03  7.016E-03  6.057E-03  5.177E-03  4.378E-03  3.657E-03  3.015E-03  2.449E-03  1.956E-03  1.533E-03  1.177E-03  8.819E-04  6.429E-04  4.541E-04  3.092E-04  2.017E-04  1.251E-04  7.306E-05  3.972E-05  1.979E-05  8.854E-06  3.467E-06  1.146E-06  3.050E-07  6.100E-08  8.326E-09  6.724E-10  2.586E-11  3.350E-13  8.002E-16  1.017E-19 -4.079E-31
  308.0000  2.724E-02  2.526E-02  2.332E-02  2.144E-02  1.963E-02  1.788E-02  1.621E-02  1.461E-02  1.309E-02  1.165E-02  1.029E-02  9.022E-03  7.843E-03  6.754E-03  5.757E-03  4.852E-03  4.037E-03  3.312E-03  2.675E-03  2.123E-03  1.651E-03  1.255E-03  9.293E-04  6.679E-04  4.636E-04  3.090E-04  1.964E-04  1.179E-04  6.610E-05  3.411E-05  1.590E-05  6.528E-06  2.281E-06  6.478E-07  1.400E-07  2.098E-08  1.896E-09  8.345E-11  1.270E-12  3.653E-15  5.709E-19 -2.872E-30
  309.0000  2.904E-02  2.698E-02  2.497E-02  2.301E-02  2.112E-02  1.929E-02  1.753E-02  1.585E-02  1.424E-02  1.272E-02  1.128E-02  9.928E-03  8.667E-03  7.497E-03  6.421E-03  5.439E-03  4.552E-03  3.757E-03  3.054E-03  2.441E-03  1.913E-03  1.467E-03  1.097E-03  7.964E-04  5.593E-04  3.776E-04  2.435E-04  1.486E-04  8.487E-05  4.475E-05  2.138E-05  9.028E-06  3.262E-06  9.637E-07  2.184E-07  3.464E-08  3.354E-09  1.606E-10  2.708E-12  8.816E-15  1.596E-18 -9.610E-30
  310.0000  2.966E-02  2.765E-02  2.569E-02  2.377E-02  2.191E-02  2.011E-02  1.836E-02  1.668E-02  1.507E-02  1.354E-02  1.208E-02  1.070E-02  9.410E-03  8.202E-03  7.083E-03  6.053E-03  5.113E-03  4.264E-03  3.505E-03  2.836E-03  2.252E-03  1.752E-03  1.331E-03  9.839E-04  7.046E-04  4.863E-04  3.213E-04  2.016E-04  1.188E-04  6.493E-05  3.233E-05  1.432E-05  5.473E-06  1.727E-06  4.235E-07  7.380E-08  8.004E-09  4.394E-10  8.711E-12  3.419E-14  7.605E-18 -5.714E-29
  311.0000  5.100E-02  4.762E-02  4.432E-02  4.109E-02  3.795E-02  3.489E-02  3.193E-02  2.908E-02  2.634E-02  2.373E-02  2.123E-02  1.887E-02  1.664E-02  1.456E-02  1.262E-02  1.083E-02  9.185E-03  7.696E-03  6.360E-03  5.173E-03  4.134E-03  3.238E-03  2.478E-03  1.847E-03  1.335E-03  9.305E-04  6.218E-04  3.951E-04  2.363E-04  1.313E-04  6.665E-05  3.020E-05  1.185E-05  3.858E-06  9.818E-07  1.790E-07  2.051E-08  1.205E-09  2.597E-11  1.129E-13  2.850E-17 -2.520E-28
  312.0000  4.669E-02  4.370E-02  4.076E-02  3.788E-02  3.508E-02  3.234E-02  2.969E-02  2.712E-02  2.465E-02  2.228E-02  2.001E-02  1.785E-02  1.582E-02  1.390E-02  1.211E-02  1.044E-02  8.913E-03  7.515E-03  6.253E-03  5.124E-03  4.128E-03  3.262E-03  2.521E-03  1.899E-03  1.389E-03  9.816E-04  6.659E-04  4.304E-04  2.625E-04  1.491E-04  7.760E-05  3.622E-05  1.471E-05  4.989E-06  1.333E-06  2.578E-07  3.173E-08  2.033E-09  4.865E-11  2.398E-13  7.008E-17 -7.383E-28
  313.0000  5.347E-02  5.015E-02  4.688E-02  4.368E-02  4.054E-02  3.748E-02  3.451E-02  3.162E-02  2.883E-02  2.614E-02  2.357E-02  2.111E-02  1.878E-02  1.658E-02  1.451E-02  1.258E-02  1.080E-02  9.161E-03  7.672E-03  6.333E-03  5.142E-03  4.098E-03  3.198E-03  2.434E-03  1.801E-03  1.290E-03  8.877E-04  5.832E-04  3.623E-04  2.103E-04  1.122E-04  5.386E-05  2.262E-05  7.982E-06  2.236E-06  4.578E-07  6.037E-08  4.208E-09  1.115E-10  6.207E-13  2.094E-16 -2.620E-27
  314.0000  5.935E-02  5.572E-02  5.215E-02  4.864E-02  4.520E-02  4.184E-02  3.857E-02  3.539E-02  3.232E-02  2.936E-02  2.651E-02  2.379E-02  2.121E-02  1.876E-02  1.646E-02  1.431E-02  1.231E-02  1.047E-02  8.800E-03  7.289E-03  5.941E-03  4.755E-03  3.726E-03  2.851E-03  2.122E-03  1.528E-03  1.059E-03  7.016E-04  4.398E-04  2.579E-04  1.392E-04  6.779E-05  2.894E-05  1.041E-05  2.988E-06  6.294E-07  8.602E-08  6.269E-09  1.758E-10  1.053E-12  3.913E-16 -5.613E-27
  315.0000  6.178E-02  5.813E-02  5.454E-02  5.099E-02  4.752E-02  4.411E-02  4.079E-02  3.755E-02  3.440E-02  3.136E-02  2.843E-02  2.562E-02  2.294E-02  2.039E-02  1.798E-02  1.572E-02  1.361E-02  1.165E-02  9.857E-03  8.227E-03  6.762E-03  5.461E-03  4.324E-03  3.345E-03  2.520E-03  1.841E-03  1.296E-03  8.733E-04  5.584E-04  3.349E-04  1.856E-04  9.315E-05  4.120E-05  1.546E-05  4.664E-06  1.044E-06  1.534E-07  1.222E-08  3.813E-10  2.592E-12  1.115E-15 -1.901E-26
  316.0000  5.094E-02  4.796E-02  4.502E-02  4.212E-02  3.927E-02  3.648E-02  3.375E-02  3.109E-02  2.851E-02  2.601E-02  2.361E-02  2.129E-02  1.908E-02  1.698E-02  1.499E-02  1.312E-02  1.137E-02  9.753E-03  8.265E-03  6.910E-03  5.690E-03  4.605E-03  3.655E-03  2.835E-03  2.142E-03  1.569E-03  1.109E-03  7.503E-04  4.820E-04  2.906E-04  1.621E-04  8.194E-05  3.656E-05  1.387E-05  4.236E-06  9.632E-07  1.445E-07  1.182E-08  3.824E-10  2.734E-12  1.268E-15 -2.432E-26
  317.0000  7.786E-02  7.343E-02  6.905E-02  6.472E-02  6.047E-02  5.629E-02  5.220E-02  4.820E-02  4.432E-02  4.054E-02  3.690E-02  3.338E-02  3.002E-02  2.681E-02  2.376E-02  2.088E-02  1.818E-02  1.567E-02  1.335E-02  1.122E-02  9.299E-03  7.578E-03  6.059E-03  4.739E-03  3.614E-03  2.675E-03  1.912E-03  1.311E-03  8.549E-04  5.243E-04  2.982E-04  1.542E-04  7.069E-05  2.767E-05  8.781E-06  2.090E-06  3.316E-07  2.904E-08  1.021E-09  8.074E-12  4.227E-15 -9.434E-26
  318.0000  6.937E-02  6.545E-02  6.158E-02  5.775E-02  5.398E-02  5.028E-02  4.665E-02  4.311E-02  3.966E-02  3.631E-02  3.307E-02  2.995E-02  2.695E-02  2.409E-02  2.137E-02  1.880E-02  1.639E-02  1.415E-02  1.207E-02  1.016E-02  8.435E-03  6.887E-03  5.518E-03  4.326E-03  3.308E-03  2.455E-03  1.761E-03  1.212E-03  7.933E-04  4.889E-04  2.796E-04  1.456E-04  6.724E-05  2.657E-05  8.530E-06  2.060E-06  3.330E-07  2.987E-08  1.086E-09  9.001E-12  5.057E-15 -1.264E-25
  319.0000  7.943E-02  7.509E-02  7.078E-02  6.652E-02  6.232E-02  5.819E-02  5.413E-02  5.015E-02  4.627E-02  4.249E-02  3.882E-02  3.528E-02  3.187E-02  2.860E-02  2.548E-02  2.252E-02  1.973E-02  1.712E-02  1.469E-02  1.245E-02  1.040E-02  8.560E-03  6.916E-03  5.473E-03  4.228E-03  3.175E-03  2.306E-03  1.610E-03  1.072E-03  6.731E-04  3.934E-04  2.101E-04  9.995E-05  4.091E-05  1.369E-05  3.479E-06  5.979E-07  5.780E-08  2.300E-09  2.124E-11  1.356E-14 -3.948E-25
  320.0000  9.060E-02  8.561E-02  8.067E-02  7.579E-02  7.098E-02  6.624E-02  6.159E-02  5.704E-02  5.260E-02  4.827E-02  4.408E-02  4.004E-02  3.614E-02  3.241E-02  2.885E-02  2.548E-02  2.231E-02  1.933E-02  1.657E-02  1.403E-02  1.171E-02  9.625E-03  7.766E-03  6.136E-03  4.731E-03  3.546E-03  2.571E-03  1.790E-03  1.189E-03  7.443E-04  4.336E-04  2.307E-04  1.093E-04  4.452E-05  1.483E-05  3.747E-06  6.406E-07  6.171E-08  2.458E-09  2.298E-11  1.522E-14 -4.835E-25
  321.0000  9.534E-02  9.027E-02  8.524E-02  8.025E-02  7.533E-02  7.047E-02  6.569E-02  6.100E-02  5.642E-02  5.194E-02  4.759E-02  4.337E-02  3.930E-02  3.539E-02  3.164E-02  2.808E-02  2.471E-02  2.153E-02  1.857E-02  1.582E-02  1.330E-02  1.102E-02  8.966E-03  7.151E-03  5.573E-03  4.227E-03  3.104E-03  2.195E-03  1.482E-03  9.461E-04  5.635E-04  3.077E-04  1.503E-04  6.345E-05  2.206E-05  5.869E-06  1.068E-06  1.110E-07  4.848E-09  5.057E-11  3.803E-14 -1.404E-24
  322.0000  9.689E-02  9.174E-02  8.662E-02  8.156E-02  7.656E-02  7.162E-02  6.677E-02  6.201E-02  5.735E-02  5.280E-02  4.838E-02  4.410E-02  3.996E-02  3.598E-02  3.218E-02  2.856E-02  2.513E-02  2.190E-02  1.889E-02  1.610E-02  1.354E-02  1.121E-02  9.127E-03  7.281E-03  5.676E-03  4.306E-03  3.163E-03  2.237E-03  1.511E-03  9.655E-04  5.755E-04  3.145E-04  1.538E-04  6.507E-05  2.268E-05  6.055E-06  1.108E-06  1.162E-07  5.154E-09  5.523E-11  4.368E-14 -1.774E-24
  323.0000  8.609E-02  8.155E-02  7.705E-02  7.258E-02  6.817E-02  6.382E-02  5.953E-02  5.532E-02  5.120E-02  4.718E-02  4.327E-02  3.947E-02  3.580E-02  3.227E-02  2.889E-02  2.567E-02  2.262E-02  1.974E-02  1.705E-02  1.456E-02  1.226E-02  1.018E-02  8.301E-03  6.639E-03  5.189E-03  3.948E-03  2.911E-03  2.067E-03  1.402E-03  9.003E-04  5.398E-04  2.971E-04  1.465E-04  6.257E-05  2.207E-05  5.983E-06  1.116E-06  1.200E-07  5.501E-09  6.173E-11  5.219E-14 -2.352E-24
  324.0000  1.019E-01  9.665E-02  9.146E-02  8.630E-02  8.120E-02  7.616E-02  7.119E-02  6.630E-02  6.150E-02  5.681E-02  5.223E-02  4.778E-02  4.347E-02  3.931E-02  3.531E-02  3.149E-02  2.786E-02  2.442E-02  2.119E-02  1.819E-02  1.541E-02  1.286E-02  1.056E-02  8.512E-03  6.709E-03  5.152E-03  3.838E-03  2.757E-03  1.896E-03  1.236E-03  7.542E-04  4.236E-04  2.139E-04  9.403E-05  3.431E-05  9.692E-06  1.901E-06  2.172E-07  1.073E-08  1.318E-10  1.242E-13 -6.408E-24
  325.0000  1.092E-01  1.036E-01  9.796E-02  9.240E-02  8.689E-02  8.145E-02  7.609E-02  7.082E-02  6.566E-02  6.061E-02  5.568E-02  5.090E-02  4.627E-02  4.180E-02  3.752E-02  3.342E-02  2.953E-02  2.586E-02  2.241E-02  1.920E-02  1.624E-02  1.354E-02  1.110E-02  8.924E-03  7.018E-03  5.376E-03  3.994E-03  2.860E-03  1.960E-03  1.273E-03  7.731E-04  4.320E-04  2.169E-04  9.473E-05  3.432E-05  9.615E-06  1.870E-06  2.121E-07  1.044E-08  1.289E-10  1.251E-13 -6.965E-24
  326.0000  1.464E-01  1.389E-01  1.315E-01  1.242E-01  1.169E-01  1.097E-01  1.026E-01  9.567E-02  8.881E-02  8.210E-02  7.555E-02  6.918E-02  6.300E-02  5.704E-02  5.130E-02  4.580E-02  4.057E-02  3.562E-02  3.096E-02  2.661E-02  2.259E-02  1.890E-02  1.556E-02  1.257E-02  9.935E-03  7.655E-03  5.724E-03  4.129E-03  2.853E-03  1.870E-03  1.149E-03  6.502E-04  3.315E-04  1.474E-04  5.455E-05  1.569E-05  3.153E-06  3.724E-07  1.927E-08  2.540E-10  2.678E-13 -1.670E-23
  327.0000  1.443E-01  1.371E-01  1.299E-01  1.228E-01  1.157E-01  1.087E-01  1.017E-01  9.492E-02  8.822E-02  8.165E-02  7.523E-02  6.898E-02  6.291E-02  5.704E-02  5.139E-02  4.597E-02  4.080E-02  3.589E-02  3.127E-02  2.695E-02  2.294E-02  1.925E-02  1.590E-02  1.289E-02  1.023E-02  7.920E-03  5.952E-03  4.319E-03  3.004E-03  1.984E-03  1.230E-03  7.031E-04  3.628E-04  1.636E-04  6.164E-05  1.811E-05  3.737E-06  4.565E-07  2.466E-08  3.435E-10  3.904E-13 -2.714E-23
  328.0000  1.397E-01  1.326E-01  1.256E-01  1.187E-01  1.118E-01  1.050E-01  9.827E-02  9.164E-02  8.514E-02  7.876E-02  7.254E-02  6.648E-02  6.059E-02  5.491E-02  4.943E-02  4.419E-02  3.919E-02  3.445E-02  2.999E-02  2.582E-02  2.196E-02  1.841E-02  1.518E-02  1.229E-02  9.743E-03  7.529E-03  5.649E-03  4.090E-03  2.839E-03  1.870E-03  1.156E-03  6.588E-04  3.387E-04  1.522E-04  5.707E-05  1.670E-05  3.430E-06  4.178E-07  2.260E-08  3.183E-10  3.738E-13 -2.802E-23
  329.0000  1.487E-01  1.414E-01  1.341E-01  1.268E-01  1.196E-01  1.125E-01  1.054E-01  9.844E-02  9.160E-02  8.489E-02  7.833E-02  7.192E-02  6.570E-02  5.967E-02  5.385E-02  4.826E-02  4.292E-02  3.785E-02  3.306E-02  2.857E-02  2.439E-02  2.053E-02  1.702E-02  1.386E-02  1.105E-02  8.592E-03  6.493E-03  4.741E-03  3.322E-03  2.213E-03  1.384E-03  8.008E-04  4.189E-04  1.921E-04  7.382E-05  2.225E-05  4.740E-06  6.039E-07  3.454E-08  5.214E-10  6.675E-13 -5.606E-23
  330.0000  1.741E-01  1.656E-01  1.571E-01  1.486E-01  1.402E-01  1.319E-01  1.237E-01  1.156E-01  1.076E-01  9.979E-02  9.213E-02  8.465E-02  7.737E-02  7.033E-02  6.352E-02  5.698E-02  5.072E-02  4.477E-02  3.915E-02  3.387E-02  2.895E-02  2.441E-02  2.027E-02  1.653E-02  1.320E-02  1.029E-02  7.797E-03  5.709E-03  4.013E-03  2.683E-03  1.686E-03  9.801E-04  5.157E-04  2.382E-04  9.239E-05  2.816E-05  6.088E-06  7.907E-07  4.643E-08  7.278E-10  9.867E-13 -9.095E-23
  331.0000  1.496E-01  1.423E-01  1.350E-01  1.277E-01  1.205E-01  1.133E-01  1.062E-01  9.925E-02  9.238E-02  8.565E-02  7.905E-02  7.262E-02  6.636E-02  6.030E-02  5.445E-02  4.883E-02  4.346E-02  3.835E-02  3.352E-02  2.898E-02  2.477E-02  2.087E-02  1.732E-02  1.412E-02  1.127E-02  8.779E-03  6.647E-03  4.863E-03  3.415E-03  2.281E-03  1.432E-03  8.316E-04  4.371E-04  2.017E-04  7.815E-05  2.381E-05  5.149E-06  6.705E-07  3.966E-08  6.323E-10  8.894E-13 -8.848E-23
  332.0000  1.519E-01  1.445E-01  1.372E-01  1.299E-01  1.226E-01  1.155E-01  1.084E-01  1.014E-01  9.444E-02  8.766E-02  8.101E-02  7.452E-02  6.820E-02  6.207E-02  5.614E-02  5.043E-02  4.497E-02  3.977E-02  3.484E-02  3.020E-02  2.588E-02  2.187E-02  1.821E-02  1.490E-02  1.194E-02  9.343E-03  7.110E-03  5.232E-03  3.698E-03  2.489E-03  1.576E-03  9.245E-04  4.918E-04  2.301E-04  9.072E-05  2.822E-05  6.265E-06  8.428E-07  5.196E-08  8.739E-10  1.320E-12 -1.452E-22
  333.0000  1.622E-01  1.544E-01  1.466E-01  1.389E-01  1.312E-01  1.236E-01  1.161E-01  1.086E-01  1.013E-01  9.406E-02  8.699E-02  8.008E-02  7.334E-02  6.681E-02  6.048E-02  5.439E-02  4.855E-02  4.298E-02  3.770E-02  3.273E-02  2.809E-02  2.378E-02  1.984E-02  1.626E-02  1.306E-02  1.025E-02  7.821E-03  5.774E-03  4.097E-03  2.769E-03  1.762E-03  1.040E-03  5.570E-04  2.629E-04  1.047E-04  3.298E-05  7.442E-06  1.023E-06  6.486E-08  1.135E-09  1.815E-12 -2.185E-22
  334.0000  1.472E-01  1.401E-01  1.331E-01  1.261E-01  1.191E-01  1.122E-01  1.053E-01  9.854E-02  9.187E-02  8.532E-02  7.890E-02  7.263E-02  6.651E-02  6.057E-02  5.483E-02  4.930E-02  4.400E-02  3.895E-02  3.416E-02  2.965E-02  2.544E-02  2.154E-02  1.796E-02  1.472E-02  1.182E-02  9.271E-03  7.073E-03  5.220E-03  3.703E-03  2.501E-03  1.591E-03  9.388E-04  5.028E-04  2.373E-04  9.452E-05  2.981E-05  6.740E-06  9.304E-07  5.955E-08  1.061E-09  1.762E-12 -2.286E-22
  335.0000  1.680E-01  1.600E-01  1.520E-01  1.441E-01  1.362E-01  1.284E-01  1.207E-01  1.130E-01  1.055E-01  9.805E-02  9.077E-02  8.364E-02  7.669E-02  6.994E-02  6.340E-02  5.709E-02  5.104E-02  4.526E-02  3.977E-02  3.459E-02  2.974E-02  2.524E-02  2.111E-02  1.735E-02  1.398E-02  1.101E-02  8.436E-03  6.256E-03  4.462E-03  3.034E-03  1.944E-03  1.157E-03  6.258E-04  2.989E-04  1.208E-04  3.879E-05  8.970E-06  1.274E-06  8.452E-08  1.580E-09  2.798E-12 -3.988E-22
  336.0000  1.441E-01  1.373E-01  1.305E-01  1.238E-01  1.170E-01  1.104E-01  1.037E-01  9.721E-02  9.076E-02  8.442E-02  7.819E-02  7.210E-02  6.615E-02  6.036E-02  5.476E-02  4.935E-02  4.415E-02  3.919E-02  3.447E-02  3.001E-02  2.584E-02  2.196E-02  1.839E-02  1.514E-02  1.222E-02  9.643E-03  7.405E-03  5.506E-03  3.938E-03  2.687E-03  1.729E-03  1.033E-03  5.621E-04  2.703E-04  1.102E-04  3.574E-05  8.373E-06  1.210E-06  8.226E-08  1.591E-09  2.969E-12 -4.601E-22
  337.0000  1.395E-01  1.329E-01  1.263E-01  1.198E-01  1.133E-01  1.068E-01  1.004E-01  9.409E-02  8.786E-02  8.172E-02  7.569E-02  6.979E-02  6.404E-02  5.844E-02  5.302E-02  4.778E-02  4.276E-02  3.795E-02  3.338E-02  2.907E-02  2.503E-02  2.127E-02  1.782E-02  1.467E-02  1.185E-02  9.349E-03  7.181E-03  5.341E-03  3.821E-03  2.608E-03  1.679E-03  1.004E-03  5.469E-04  2.634E-04  1.075E-04  3.499E-05  8.235E-06  1.198E-06  8.245E-08  1.629E-09  3.161E-12 -5.273E-22
  338.0000  1.576E-01  1.502E-01  1.428E-01  1.355E-01  1.282E-01  1.209E-01  1.137E-01  1.066E-01  9.960E-02  9.269E-02  8.591E-02  7.926E-02  7.277E-02  6.646E-02  6.034E-02  5.442E-02  4.874E-02  4.330E-02  3.813E-02  3.325E-02  2.866E-02  2.439E-02  2.046E-02  1.688E-02  1.365E-02  1.080E-02  8.312E-03  6.199E-03  4.449E-03  3.047E-03  1.970E-03  1.184E-03  6.485E-04  3.144E-04  1.295E-04  4.259E-05  1.016E-05  1.506E-06  1.061E-07  2.171E-09  4.433E-12 -8.029E-22
  339.0000  1.682E-01  1.604E-01  1.525E-01  1.448E-01  1.370E-01  1.293E-01  1.217E-01  1.142E-01  1.067E-01  9.937E-02  9.216E-02  8.509E-02  7.819E-02  7.146E-02  6.494E-02  5.863E-02  5.256E-02  4.675E-02  4.122E-02  3.599E-02  3.107E-02  2.649E-02  2.226E-02  1.839E-02  1.491E-02  1.182E-02  9.127E-03  6.828E-03  4.918E-03  3.383E-03  2.197E-03  1.328E-03  7.323E-04  3.579E-04  1.489E-04  4.956E-05  1.201E-05  1.815E-06  1.315E-07  2.789E-09  6.008E-12 -1.182E-21
  340.0000  1.920E-01  1.831E-01  1.742E-01  1.654E-01  1.565E-01  1.478E-01  1.391E-01  1.305E-01  1.220E-01  1.136E-01  1.054E-01  9.736E-02  8.949E-02  8.182E-02  7.437E-02  6.717E-02  6.025E-02  5.361E-02  4.729E-02  4.130E-02  3.568E-02  3.043E-02  2.559E-02  2.117E-02  1.717E-02  1.363E-02  1.053E-02  7.889E-03  5.690E-03  3.920E-03  2.551E-03  1.546E-03  8.547E-04  4.192E-04  1.751E-04  5.865E-05  1.432E-05  2.189E-06  1.612E-07  3.507E-09  7.883E-12 -1.670E-21
  341.0000  1.703E-01  1.625E-01  1.546E-01  1.468E-01  1.390E-01  1.313E-01  1.236E-01  1.160E-01  1.085E-01  1.011E-01  9.385E-02  8.672E-02  7.975E-02  7.296E-02  6.636E-02  5.998E-02  5.383E-02  4.794E-02  4.233E-02  3.701E-02  3.200E-02  2.733E-02  2.301E-02  1.906E-02  1.549E-02  1.231E-02  9.533E-03  7.157E-03  5.176E-03  3.576E-03  2.336E-03  1.421E-03  7.895E-04  3.896E-04  1.640E-04  5.541E-05  1.370E-05  2.127E-06  1.600E-07  3.593E-09  8.468E-12 -1.939E-21
  342.0000  1.753E-01  1.673E-01  1.593E-01  1.513E-01  1.433E-01  1.354E-01  1.275E-01  1.197E-01  1.120E-01  1.045E-01  9.700E-02  8.968E-02  8.252E-02  7.554E-02  6.875E-02  6.219E-02  5.586E-02  4.979E-02  4.400E-02  3.850E-02  3.333E-02  2.850E-02  2.403E-02  1.993E-02  1.622E-02  1.292E-02  1.003E-02  7.544E-03  5.470E-03  3.791E-03  2.485E-03  1.518E-03  8.479E-04  4.210E-04  1.785E-04  6.091E-05  1.524E-05  2.405E-06  1.850E-07  4.286E-09  1.059E-11 -2.620E-21
  343.0000  1.863E-01  1.778E-01  1.694E-01  1.609E-01  1.524E-01  1.440E-01  1.357E-01  1.275E-01  1.193E-01  1.113E-01  1.034E-01  9.560E-02  8.801E-02  8.059E-02  7.339E-02  6.642E-02  5.969E-02  5.323E-02  4.707E-02  4.123E-02  3.572E-02  3.056E-02  2.579E-02  2.142E-02  1.745E-02  1.392E-02  1.082E-02  8.153E-03  5.924E-03  4.115E-03  2.704E-03  1.658E-03  9.292E-04  4.634E-04  1.977E-04  6.794E-05  1.716E-05  2.744E-06  2.150E-07  5.121E-09  1.322E-11 -3.517E-21
  344.0000  1.532E-01  1.462E-01  1.393E-01  1.323E-01  1.254E-01  1.185E-01  1.117E-01  1.049E-01  9.823E-02  9.163E-02  8.513E-02  7.875E-02  7.251E-02  6.642E-02  6.050E-02  5.477E-02  4.924E-02  4.393E-02  3.886E-02  3.405E-02  2.951E-02  2.527E-02  2.133E-02  1.773E-02  1.446E-02  1.154E-02  8.975E-03  6.772E-03  4.926E-03  3.427E-03  2.256E-03  1.386E-03  7.786E-04  3.896E-04  1.668E-04  5.763E-05  1.466E-05  2.368E-06  1.883E-07  4.593E-09  1.233E-11 -3.520E-21
  345.0000  1.725E-01  1.647E-01  1.569E-01  1.491E-01  1.414E-01  1.337E-01  1.260E-01  1.184E-01  1.109E-01  1.035E-01  9.622E-02  8.906E-02  8.205E-02  7.521E-02  6.855E-02  6.210E-02  5.587E-02  4.989E-02  4.417E-02  3.874E-02  3.362E-02  2.882E-02  2.437E-02  2.028E-02  1.656E-02  1.324E-02  1.032E-02  7.809E-03  5.696E-03  3.975E-03  2.626E-03  1.620E-03  9.149E-04  4.606E-04  1.987E-04  6.932E-05  1.785E-05  2.930E-06  2.381E-07  5.990E-09  1.685E-11 -5.176E-21
  346.0000  1.778E-01  1.698E-01  1.618E-01  1.538E-01  1.458E-01  1.379E-01  1.300E-01  1.222E-01  1.145E-01  1.069E-01  9.936E-02  9.200E-02  8.478E-02  7.774E-02  7.088E-02  6.424E-02  5.782E-02  5.165E-02  4.576E-02  4.015E-02  3.486E-02  2.991E-02  2.530E-02  2.107E-02  1.723E-02  1.379E-02  1.076E-02  8.151E-03  5.954E-03  4.162E-03  2.756E-03  1.704E-03  9.653E-04  4.877E-04  2.114E-04  7.419E-05  1.926E-05  3.196E-06  2.640E-07  6.805E-09  1.992E-11 -6.560E-21
  347.0000  1.931E-01  1.844E-01  1.758E-01  1.671E-01  1.585E-01  1.499E-01  1.414E-01  1.330E-01  1.246E-01  1.164E-01  1.082E-01  1.003E-01  9.244E-02  8.480E-02  7.736E-02  7.015E-02  6.318E-02  5.648E-02  5.007E-02  4.397E-02  3.821E-02  3.281E-02  2.778E-02  2.317E-02  1.897E-02  1.520E-02  1.188E-02  9.016E-03  6.601E-03  4.626E-03  3.071E-03  1.905E-03  1.084E-03  5.503E-04  2.400E-04  8.487E-05  2.225E-05  3.743E-06  3.150E-07  8.345E-09  2.549E-11 -9.003E-21
  348.0000  1.698E-01  1.622E-01  1.547E-01  1.471E-01  1.395E-01  1.320E-01  1.246E-01  1.172E-01  1.098E-01  1.026E-01  9.548E-02  8.847E-02  8.161E-02  7.490E-02  6.836E-02  6.202E-02  5.589E-02  5.000E-02  4.435E-02  3.898E-02  3.390E-02  2.914E-02  2.470E-02  2.062E-02  1.690E-02  1.357E-02  1.062E-02  8.073E-03  5.922E-03  4.160E-03  2.770E-03  1.724E-03  9.846E-04  5.024E-04  2.204E-04  7.853E-05  2.079E-05  3.544E-06  3.038E-07  8.267E-09  2.632E-11 -9.964E-21
  349.0000  1.760E-01  1.682E-01  1.603E-01  1.525E-01  1.447E-01  1.370E-01  1.293E-01  1.216E-01  1.141E-01  1.066E-01  9.922E-02  9.198E-02  8.487E-02  7.793E-02  7.117E-02  6.460E-02  5.825E-02  5.214E-02  4.628E-02  4.070E-02  3.543E-02  3.047E-02  2.586E-02  2.161E-02  1.774E-02  1.425E-02  1.118E-02  8.511E-03  6.256E-03  4.404E-03  2.940E-03  1.836E-03  1.052E-03  5.395E-04  2.380E-04  8.543E-05  2.284E-05  3.943E-06  3.440E-07  9.611E-09  3.187E-11 -1.292E-20
  350.0000  2.054E-01  1.963E-01  1.872E-01  1.781E-01  1.691E-01  1.600E-01  1.511E-01  1.422E-01  1.334E-01  1.247E-01  1.161E-01  1.076E-01  9.937E-02  9.128E-02  8.339E-02  7.573E-02  6.832E-02  6.118E-02  5.434E-02  4.783E-02  4.166E-02  3.586E-02  3.046E-02  2.547E-02  2.093E-02  1.684E-02  1.322E-02  1.008E-02  7.426E-03  5.239E-03  3.506E-03  2.195E-03  1.263E-03  6.499E-04  2.883E-04  1.041E-04  2.808E-05  4.906E-06  4.353E-07  1.247E-08  4.300E-11 -1.862E-20
------------------------------------------------------------
