Spectral Irradiance, W m-2 nm-1
values at z =      3.216 km
Columns: wavelength (nm), solar zenith angles (deg.)
    wc, nm     49.000     50.000     51.000     52.000     53.000     54.000     55.000     56.000     57.000     58.000     59.000     60.000     61.000     62.000     63.000     64.000     65.000     66.000     67.000     68.000     69.000     70.000     71.000     72.000     73.000     74.000     75.000     76.000     77.000     78.000     79.000     80.000     81.000     82.000     83.000     84.000     85.000     86.000     87.000     88.000     89.000     90.000
  280.0000  0.000E+00  0.000E+00  0.000E+00  0.000E+00  0.000E+00  0.000E+00  0.000E+00  0.000E+00  0.000E+00  0.000E+00  0.000E+00  0.000E+00  0.000E+00  0.000E+00  0.000E+00  0.000E+00  0.000E+00  0.000E+00  0.000E+00  0.000E+00  0.000E+00  0.000E+00  0.000E+00  0.000E+00  0.000E+00  0.000E+00  0.000E+00  0.000E+00  0.000E+00  0.000E+00  0.000E+00  0.000E+00  0.000E+00  0.000E+00  0.000E+00  0.000E+00  0.000E+00  0.000E+00  0.000E+00  0.000E+00  0.000E+00  0.000E+00
  281.0000  0.000E+00  0.000E+00  0.000E+00  0.000E+00  0.000E+00  0.000E+00  0.000E+00  0.000E+00  0.000E+00  0.000E+00  0.000E+00  0.000E+00  0.000E+00  0.000E+00  0.000E+00  0.000E+00  0.000E+00  0.000E+00  0.000E+00  0.000E+00  0.000E+00  0.000E+00  0.000E+00  0.000E+00  0.000E+00  0.000E+00  0.000E+00  0.000E+00  0.000E+00  0.000E+00  0.000E+00  0.000E+00  0.000E+00  0.000E+00  0.000E+00  0.000E+00  0.000E+00  0.000E+00  0.000E+00  0.000E+00  0.000E+00  0.000E+00
  282.0000  0.000E+00  0.000E+00  0.000E+00  0.000E+00  0.000E+00  0.000E+00  0.000E+00  0.000E+00  0.000E+00  0.000E+00  0.000E+00  0.000E+00  0.000E+00  0.000E+00  0.000E+00  0.000E+00  0.000E+00  0.000E+00  0.000E+00  0.000E+00  0.000E+00  0.000E+00  0.000E+00  0.000E+00  0.000E+00  0.000E+00  0.000E+00  0.000E+00  0.000E+00  0.000E+00  0.000E+00  0.000E+00  0.000E+00  0.000E+00  0.000E+00  0.000E+00  0.000E+00  0.000E+00  0.000E+00  0.000E+00  0.000E+00  0.000E+00
  283.0000  0.000E+00  0.000E+00  0.000E+00  0.000E+00  0.000E+00  0.000E+00  0.000E+00  0.000E+00  0.000E+00  0.000E+00  0.000E+00  0.000E+00  0.000E+00  0.000E+00  0.000E+00  0.000E+00  0.000E+00  0.000E+00  0.000E+00  0.000E+00  0.000E+00  0.000E+00  0.000E+00  0.000E+00  0.000E+00  0.000E+00  0.000E+00  0.000E+00  0.000E+00  0.000E+00  0.000E+00  0.000E+00  0.000E+00  0.000E+00  0.000E+00  0.000E+00  0.000E+00  0.000E+00  0.000E+00  0.000E+00  0.000E+00  0.000E+00
  284.0000  0.000E+00  0.000E+00  0.000E+00  0.000E+00  0.000E+00  0.000E+00  0.000E+00  0.000E+00  0.000E+00  0.000E+00  0.000E+00  0.000E+00  0.000E+00  0.000E+00  0.000E+00  0.000E+00  0.000E+00  0.000E+00  0.000E+00  0.000E+00  0.000E+00  0.000E+00  0.000E+00  0.000E+00  0.000E+00  0.000E+00  0.000E+00  0.000E+00  0.000E+00  0.000E+00  0.000E+00  0.000E+00  0.000E+00  0.000E+00  0.000E+00  0.000E+00  0.000E+00  0.000E+00  0.000E+00  0.000E+00  0.000E+00  0.000E+00
  285.0000  0.000E+00  0.000E+00  0.000E+00  0.000E+00  0.000E+00  0.000E+00  0.000E+00  0.000E+00  0.000E+00  0.000E+00  0.000E+00  0.000E+00  0.000E+00  0.000E+00  0.000E+00  0.000E+00  0.000E+00  0.000E+00  0.000E+00  0.000E+00  0.000E+00  0.000E+00  0.000E+00  0.000E+00  0.000E+00  0.000E+00  0.000E+00  0.000E+00  0.000E+00  0.000E+00  0.000E+00  0.000E+00  0.000E+00  0.000E+00  0.000E+00  0.000E+00  0.000E+00  0.000E+00  0.000E+00  0.000E+00  0.000E+00  0.000E+00
  286.0000  0.000E+00  0.000E+00  0.000E+00  0.000E+00  0.000E+00  0.000E+00  0.000E+00  0.000E+00  0.000E+00  0.000E+00  0.000E+00  0.000E+00  0.000E+00  0.000E+00  0.000E+00  0.000E+00  0.000E+00  0.000E+00  0.000E+00  0.000E+00  0.000E+00  0.000E+00  0.000E+00  0.000E+00  0.000E+00  0.000E+00  0.000E+00  0.000E+00  0.000E+00  0.000E+00  0.000E+00  0.000E+00  0.000E+00  0.000E+00  0.000E+00  0.000E+00  0.000E+00  0.000E+00  0.000E+00  0.000E+00  0.000E+00  0.000E+00
  287.0000  0.000E+00  0.000E+00  0.000E+00  0.000E+00  0.000E+00  0.000E+00  0.000E+00  0.000E+00  0.000E+00  0.000E+00  0.000E+00  0.000E+00  0.000E+00  0.000E+00  0.000E+00  0.000E+00  0.000E+00  0.000E+00  0.000E+00  0.000E+00  0.000E+00  0.000E+00  0.000E+00  0.000E+00  0.000E+00  0.000E+00  0.000E+00  0.000E+00  0.000E+00  0.000E+00  0.000E+00  0.000E+00  0.000E+00  0.000E+00  0.000E+00  0.000E+00  0.000E+00  0.000E+00  0.000E+00  0.000E+00  0.000E+00  0.000E+00
  288.0000  0.000E+00  0.000E+00  0.000E+00  0.000E+00  0.000E+00  0.000E+00  0.000E+00  0.000E+00  0.000E+00  0.000E+00  0.000E+00  0.000E+00  0.000E+00  0.000E+00  0.000E+00  0.000E+00  0.000E+00  0.000E+00  0.000E+00  0.000E+00  0.000E+00  0.000E+00  0.000E+00  0.000E+00  0.000E+00  0.000E+00  0.000E+00  0.000E+00  0.000E+00  0.000E+00  0.000E+00  0.000E+00  0.000E+00  0.000E+00  0.000E+00  0.000E+00  0.000E+00  0.000E+00  0.000E+00  0.000E+00  0.000E+00  0.000E+00
  289.0000  0.000E+00  0.000E+00  0.000E+00  0.000E+00  0.000E+00  0.000E+00  0.000E+00  0.000E+00  0.000E+00  0.000E+00  0.000E+00  0.000E+00  0.000E+00  0.000E+00  0.000E+00  0.000E+00  0.000E+00  0.000E+00  0.000E+00  0.000E+00  0.000E+00  0.000E+00  0.000E+00  0.000E+00  0.000E+00  0.000E+00  0.000E+00  0.000E+00  0.000E+00  0.000E+00  0.000E+00  0.000E+00  0.000E+00  0.000E+00  0.000E+00  0.000E+00  0.000E+00  0.000E+00  0.000E+00  0.000E+00  0.000E+00  0.000E+00
  290.0000  0.000E+00  0.000E+00  0.000E+00  0.000E+00  0.000E+00  0.000E+00  0.000E+00  0.000E+00  0.000E+00  0.000E+00  0.000E+00  0.000E+00  0.000E+00  0.000E+00  0.000E+00  0.000E+00  0.000E+00  0.000E+00  0.000E+00  0.000E+00  0.000E+00  0.000E+00  0.000E+00  0.000E+00  0.000E+00  0.000E+00  0.000E+00  0.000E+00  0.000E+00  0.000E+00  0.000E+00  0.000E+00  0.000E+00  0.000E+00  0.000E+00  0.000E+00  0.000E+00  0.000E+00  0.000E+00  0.000E+00  0.000E+00  0.000E+00
  291.0000  0.000E+00  0.000E+00  0.000E+00  0.000E+00  0.000E+00  0.000E+00  0.000E+00  0.000E+00  0.000E+00  0.000E+00  0.000E+00  0.000E+00  0.000E+00  0.000E+00  0.000E+00  0.000E+00  0.000E+00  0.000E+00  0.000E+00  0.000E+00  0.000E+00  0.000E+00  0.000E+00  0.000E+00  0.000E+00  0.000E+00  0.000E+00  0.000E+00  0.000E+00  0.000E+00  0.000E+00  0.000E+00  0.000E+00  0.000E+00  0.000E+00  0.000E+00  0.000E+00  0.000E+00  0.000E+00  0.000E+00  0.000E+00  0.000E+00
  292.0000  0.000E+00  0.000E+00  0.000E+00  0.000E+00  0.000E+00  0.000E+00  0.000E+00  0.000E+00  0.000E+00  0.000E+00  0.000E+00  0.000E+00  0.000E+00  0.000E+00  0.000E+00  0.000E+00  0.000E+00  0.000E+00  0.000E+00  0.000E+00  0.000E+00  0.000E+00  0.000E+00  0.000E+00  0.000E+00  0.000E+00  0.000E+00  0.000E+00  0.000E+00  0.000E+00  0.000E+00  0.000E+00  0.000E+00  0.000E+00  0.000E+00  0.000E+00  0.000E+00  0.000E+00  0.000E+00  0.000E+00  0.000E+00  0.000E+00
  293.0000  0.000E+00  0.000E+00  0.000E+00  0.000E+00  0.000E+00  0.000E+00  0.000E+00  0.000E+00  0.000E+00  0.000E+00  0.000E+00  0.000E+00  0.000E+00  0.000E+00  0.000E+00  0.000E+00  0.000E+00  0.000E+00  0.000E+00  0.000E+00  0.000E+00  0.000E+00  0.000E+00  0.000E+00  0.000E+00  0.000E+00  0.000E+00  0.000E+00  0.000E+00  0.000E+00  0.000E+00  0.000E+00  0.000E+00  0.000E+00  0.000E+00  0.000E+00  0.000E+00  0.000E+00  0.000E+00  0.000E+00  0.000E+00  0.000E+00
  294.0000  9.246E-08  6.642E-08  4.684E-08  3.238E-08  2.192E-08  1.450E-08  9.354E-09  5.876E-09  3.585E-09  2.119E-09  1.210E-09  6.649E-10  3.506E-10  1.766E-10  8.457E-11  3.829E-11  1.629E-11  6.467E-12  2.375E-12  7.988E-13  2.433E-13  6.623E-14  1.585E-14  3.271E-15  5.689E-16  8.110E-17  9.154E-18  7.844E-19  4.842E-20  2.016E-21  5.207E-23  7.509E-25  5.275E-27  1.516E-29  1.424E-32  3.297E-36  1.334E-40  1.401E-45  0.000E+00  0.000E+00  0.000E+00  0.000E+00
  295.0000  4.009E-07  2.968E-07  2.161E-07  1.545E-07  1.084E-07  7.447E-08  5.002E-08  3.279E-08  2.094E-08  1.299E-08  7.810E-09  4.537E-09  2.538E-09  1.362E-09  6.985E-10  3.404E-10  1.568E-10  6.783E-11  2.734E-11  1.018E-11  3.465E-12  1.065E-12  2.914E-13  6.970E-14  1.428E-14  2.444E-15  3.384E-16  3.651E-17  2.926E-18  1.641E-19  5.970E-21  1.279E-22  1.427E-24  7.055E-27  1.260E-29  6.267E-33  6.298E-37  8.877E-42  0.000E+00  0.000E+00  0.000E+00  0.000E+00
  296.0000  2.637E-06  2.022E-06  1.527E-06  1.135E-06  8.300E-07  5.957E-07  4.191E-07  2.887E-07  1.942E-07  1.274E-07  8.131E-08  5.035E-08  3.016E-08  1.742E-08  9.660E-09  5.125E-09  2.587E-09  1.236E-09  5.547E-10  2.322E-10  8.983E-11  3.177E-11  1.014E-11  2.876E-12  7.117E-13  1.503E-13  2.635E-14  3.708E-15  4.016E-16  3.175E-17  1.714E-18  5.798E-20  1.101E-21  1.019E-23  3.817E-26  4.579E-29  1.312E-32  6.368E-37  3.660E-42  0.000E+00  0.000E+00  0.000E+00
  297.0000  5.429E-06  4.262E-06  3.301E-06  2.520E-06  1.895E-06  1.401E-06  1.017E-06  7.246E-07  5.053E-07  3.443E-07  2.289E-07  1.480E-07  9.285E-08  5.637E-08  3.299E-08  1.854E-08  9.962E-09  5.091E-09  2.459E-09  1.115E-09  4.705E-10  1.831E-10  6.489E-11  2.067E-11  5.819E-12  1.418E-12  2.920E-13  4.924E-14  6.546E-15  6.540E-16  4.618E-17  2.133E-18  5.824E-20  8.253E-22  5.124E-24  1.121E-26  6.567E-30  7.425E-34  1.132E-38  1.682E-44  0.000E+00  0.000E+00
  298.0000  2.749E-05  2.215E-05  1.763E-05  1.386E-05  1.075E-05  8.213E-06  6.176E-06  4.564E-06  3.311E-06  2.353E-06  1.635E-06  1.109E-06  7.326E-07  4.698E-07  2.917E-07  1.747E-07  1.006E-07  5.536E-08  2.899E-08  1.435E-08  6.668E-09  2.882E-09  1.147E-09  4.152E-10  1.347E-10  3.845E-11  9.448E-12  1.945E-12  3.242E-13  4.191E-14  3.980E-15  2.590E-16  1.055E-17  2.393E-19  2.592E-21  1.099E-23  1.417E-26  4.063E-30  1.813E-34  8.434E-40  0.000E+00  0.000E+00
  299.0000  5.952E-05  4.883E-05  3.964E-05  3.180E-05  2.519E-05  1.969E-05  1.517E-05  1.150E-05  8.574E-06  6.274E-06  4.498E-06  3.154E-06  2.159E-06  1.438E-06  9.303E-07  5.824E-07  3.516E-07  2.038E-07  1.129E-07  5.940E-08  2.950E-08  1.372E-08  5.916E-09  2.340E-09  8.377E-10  2.669E-10  7.416E-11  1.753E-11  3.419E-12  5.287E-13  6.169E-14  5.094E-15  2.740E-16  8.615E-18  1.374E-19  9.235E-22  2.060E-24  1.131E-27  1.068E-31  1.133E-36  6.376E-43  0.000E+00
  300.0000  1.276E-04  1.068E-04  8.851E-05  7.261E-05  5.891E-05  4.721E-05  3.735E-05  2.913E-05  2.238E-05  1.691E-05  1.254E-05  9.125E-06  6.494E-06  4.512E-06  3.054E-06  2.007E-06  1.277E-06  7.835E-07  4.616E-07  2.598E-07  1.389E-07  6.997E-08  3.297E-08  1.438E-08  5.737E-09  2.062E-09  6.562E-10  1.807E-10  4.188E-11  7.889E-12  1.154E-12  1.239E-13  9.051E-15  4.078E-16  9.957E-18  1.111E-19  4.531E-22  5.077E-25  1.094E-28  2.861E-33  3.931E-39  0.000E+00
  301.0000  3.293E-04  2.799E-04  2.358E-04  1.968E-04  1.626E-04  1.328E-04  1.072E-04  8.547E-05  6.718E-05  5.202E-05  3.962E-05  2.963E-05  2.173E-05  1.559E-05  1.092E-05  7.451E-06  4.935E-06  3.163E-06  1.953E-06  1.157E-06  6.542E-07  3.506E-07  1.768E-07  8.309E-08  3.601E-08  1.420E-08  5.010E-09  1.550E-09  4.101E-10  8.980E-11  1.563E-11  2.050E-12  1.893E-13  1.123E-14  3.799E-16  6.248E-18  4.048E-20  7.844E-23  3.187E-26  1.676E-30  4.631E-36  0.000E+00
  302.0000  5.429E-04  4.676E-04  3.995E-04  3.383E-04  2.839E-04  2.358E-04  1.937E-04  1.573E-04  1.262E-04  9.978E-05  7.773E-05  5.956E-05  4.482E-05  3.307E-05  2.387E-05  1.681E-05  1.153E-05  7.672E-06  4.936E-06  3.058E-06  1.814E-06  1.025E-06  5.482E-07  2.749E-07  1.280E-07  5.466E-08  2.109E-08  7.219E-09  2.141E-09  5.343E-10  1.080E-10  1.686E-11  1.905E-12  1.435E-13  6.436E-15  1.481E-16  1.433E-18  4.466E-21  3.149E-24  3.046E-28  1.557E-33 -0.000E+00
  303.0000  1.508E-03  1.317E-03  1.141E-03  9.809E-04  8.363E-04  7.065E-04  5.911E-04  4.893E-04  4.004E-04  3.236E-04  2.579E-04  2.026E-04  1.565E-04  1.188E-04  8.841E-05  6.436E-05  4.573E-05  3.162E-05  2.121E-05  1.375E-05  8.572E-06  5.115E-06  2.903E-06  1.555E-06  7.789E-07  3.609E-07  1.526E-07  5.790E-08  1.930E-08  5.502E-09  1.296E-09  2.415E-10  3.358E-11  3.224E-12  1.929E-13  6.259E-15  9.116E-17  4.613E-19  5.705E-22  1.025E-25  9.742E-31 -4.008E-43
  304.0000  2.125E-03  1.872E-03  1.637E-03  1.421E-03  1.224E-03  1.045E-03  8.846E-04  7.413E-04  6.146E-04  5.036E-04  4.075E-04  3.252E-04  2.556E-04  1.975E-04  1.499E-04  1.114E-04  8.100E-05  5.741E-05  3.955E-05  2.639E-05  1.699E-05  1.050E-05  6.192E-06  3.460E-06  1.817E-06  8.871E-07  3.978E-07  1.613E-07  5.793E-08  1.799E-08  4.678E-09  9.769E-10  1.551E-10  1.742E-11  1.255E-12  5.082E-14  9.645E-16  6.687E-18  1.194E-20  3.235E-24  4.711E-29 -2.909E-41
  305.0000  3.990E-03  3.552E-03  3.142E-03  2.761E-03  2.409E-03  2.086E-03  1.791E-03  1.524E-03  1.284E-03  1.071E-03  8.827E-04  7.185E-04  5.768E-04  4.561E-04  3.547E-04  2.708E-04  2.025E-04  1.480E-04  1.055E-04  7.300E-05  4.891E-05  3.157E-05  1.953E-05  1.151E-05  6.411E-06  3.343E-06  1.614E-06  7.106E-07  2.805E-07  9.696E-08  2.852E-08  6.869E-09  1.288E-09  1.760E-10  1.600E-11  8.542E-13  2.255E-14  2.313E-16  6.509E-19  2.918E-22  7.072E-27 -6.905E-39
  306.0000  4.608E-03  4.131E-03  3.682E-03  3.261E-03  2.869E-03  2.506E-03  2.172E-03  1.867E-03  1.590E-03  1.341E-03  1.118E-03  9.222E-04  7.507E-04  6.025E-04  4.760E-04  3.697E-04  2.816E-04  2.100E-04  1.529E-04  1.084E-04  7.452E-05  4.949E-05  3.159E-05  1.927E-05  1.115E-05  6.067E-06  3.071E-06  1.427E-06  5.987E-07  2.219E-07  7.071E-08  1.869E-08  3.906E-09  6.063E-10  6.410E-11  4.099E-12  1.343E-13  1.782E-15  6.778E-18  4.262E-21  1.472E-25 -2.028E-37
  307.0000  7.362E-03  6.648E-03  5.972E-03  5.333E-03  4.733E-03  4.173E-03  3.652E-03  3.172E-03  2.732E-03  2.331E-03  1.970E-03  1.646E-03  1.360E-03  1.108E-03  8.905E-04  7.041E-04  5.470E-04  4.166E-04  3.104E-04  2.255E-04  1.593E-04  1.090E-04  7.190E-05  4.547E-05  2.739E-05  1.559E-05  8.298E-06  4.081E-06  1.825E-06  7.280E-07  2.524E-07  7.353E-08  1.723E-08  3.058E-09  3.791E-10  2.932E-11  1.206E-12  2.097E-14  1.093E-16  9.787E-20  4.871E-24 -9.474E-36
  308.0000  1.050E-02  9.544E-03  8.634E-03  7.769E-03  6.950E-03  6.180E-03  5.458E-03  4.786E-03  4.164E-03  3.592E-03  3.070E-03  2.598E-03  2.174E-03  1.797E-03  1.466E-03  1.179E-03  9.321E-04  7.237E-04  5.505E-04  4.092E-04  2.963E-04  2.083E-04  1.416E-04  9.257E-05  5.784E-05  3.429E-05  1.911E-05  9.896E-06  4.693E-06  2.001E-06  7.491E-07  2.386E-07  6.202E-08  1.244E-08  1.784E-09  1.640E-10  8.304E-12  1.849E-13  1.287E-15  1.594E-18  1.113E-22 -3.003E-34
  309.0000  1.220E-02  1.114E-02  1.012E-02  9.142E-03  8.216E-03  7.341E-03  6.517E-03  5.746E-03  5.028E-03  4.365E-03  3.756E-03  3.201E-03  2.699E-03  2.250E-03  1.852E-03  1.503E-03  1.200E-03  9.424E-04  7.255E-04  5.464E-04  4.014E-04  2.867E-04  1.982E-04  1.321E-04  8.429E-05  5.116E-05  2.927E-05  1.562E-05  7.661E-06  3.395E-06  1.329E-06  4.455E-07  1.230E-07  2.649E-08  4.133E-09  4.206E-10  2.405E-11  6.196E-13  5.132E-15  7.762E-18  6.756E-22 -2.309E-33
  310.0000  1.462E-02  1.343E-02  1.229E-02  1.119E-02  1.014E-02  9.140E-03  8.189E-03  7.290E-03  6.446E-03  5.657E-03  4.925E-03  4.250E-03  3.633E-03  3.072E-03  2.568E-03  2.119E-03  1.723E-03  1.380E-03  1.085E-03  8.361E-04  6.299E-04  4.625E-04  3.296E-04  2.271E-04  1.505E-04  9.520E-05  5.706E-05  3.208E-05  1.670E-05  7.921E-06  3.351E-06  1.230E-06  3.774E-07  9.206E-08  1.664E-08  2.020E-09  1.425E-10  4.719E-12  5.238E-14  1.099E-16  1.343E-20 -6.332E-32
  311.0000  2.681E-02  2.471E-02  2.268E-02  2.072E-02  1.884E-02  1.704E-02  1.533E-02  1.370E-02  1.217E-02  1.073E-02  9.392E-03  8.149E-03  7.005E-03  5.961E-03  5.016E-03  4.169E-03  3.418E-03  2.759E-03  2.190E-03  1.705E-03  1.298E-03  9.647E-04  6.968E-04  4.871E-04  3.280E-04  2.113E-04  1.292E-04  7.433E-05  3.971E-05  1.940E-05  8.492E-06  3.242E-06  1.042E-06  2.684E-07  5.179E-08  6.795E-09  5.269E-10  1.955E-11  2.486E-13  6.122E-16  8.965E-20 -5.192E-31
  312.0000  2.689E-02  2.488E-02  2.294E-02  2.105E-02  1.923E-02  1.749E-02  1.581E-02  1.422E-02  1.271E-02  1.128E-02  9.938E-03  8.687E-03  7.528E-03  6.461E-03  5.487E-03  4.606E-03  3.816E-03  3.117E-03  2.505E-03  1.977E-03  1.528E-03  1.154E-03  8.487E-04  6.053E-04  4.166E-04  2.751E-04  1.730E-04  1.026E-04  5.680E-05  2.889E-05  1.325E-05  5.337E-06  1.827E-06  5.067E-07  1.068E-07  1.557E-08  1.370E-09  5.918E-11  9.011E-13  2.725E-15  4.989E-19 -3.649E-30
  313.0000  3.363E-02  3.124E-02  2.892E-02  2.666E-02  2.447E-02  2.236E-02  2.032E-02  1.838E-02  1.652E-02  1.475E-02  1.309E-02  1.152E-02  1.006E-02  8.708E-03  7.462E-03  6.323E-03  5.294E-03  4.372E-03  3.557E-03  2.844E-03  2.231E-03  1.712E-03  1.281E-03  9.312E-04  6.548E-04  4.428E-04  2.859E-04  1.748E-04  1.001E-04  5.295E-05  2.539E-05  1.078E-05  3.920E-06  1.168E-06  2.681E-07  4.329E-08  4.308E-09  2.155E-10  3.905E-12  1.442E-14  3.281E-18 -3.017E-29
  314.0000  3.860E-02  3.592E-02  3.331E-02  3.076E-02  2.830E-02  2.591E-02  2.360E-02  2.139E-02  1.928E-02  1.727E-02  1.536E-02  1.357E-02  1.189E-02  1.032E-02  8.880E-03  7.556E-03  6.355E-03  5.274E-03  4.312E-03  3.468E-03  2.737E-03  2.115E-03  1.595E-03  1.169E-03  8.296E-04  5.668E-04  3.703E-04  2.294E-04  1.334E-04  7.174E-05  3.508E-05  1.523E-05  5.691E-06  1.751E-06  4.174E-07  7.056E-08  7.426E-09  3.979E-10  7.844E-12  3.210E-14  8.281E-18 -8.930E-29
  315.0000  4.419E-02  4.130E-02  3.847E-02  3.570E-02  3.300E-02  3.037E-02  2.783E-02  2.537E-02  2.301E-02  2.075E-02  1.859E-02  1.655E-02  1.462E-02  1.281E-02  1.112E-02  9.561E-03  8.130E-03  6.828E-03  5.657E-03  4.614E-03  3.699E-03  2.907E-03  2.233E-03  1.671E-03  1.213E-03  8.504E-04  5.717E-04  3.658E-04  2.205E-04  1.237E-04  6.346E-05  2.914E-05  1.162E-05  3.859E-06  1.008E-06  1.900E-07  2.279E-08  1.428E-09  3.388E-11  1.712E-13  5.538E-17 -7.536E-28
  316.0000  3.678E-02  3.440E-02  3.206E-02  2.978E-02  2.755E-02  2.538E-02  2.327E-02  2.124E-02  1.928E-02  1.741E-02  1.562E-02  1.392E-02  1.231E-02  1.080E-02  9.397E-03  8.092E-03  6.894E-03  5.802E-03  4.817E-03  3.939E-03  3.165E-03  2.495E-03  1.922E-03  1.444E-03  1.052E-03  7.407E-04  5.004E-04  3.220E-04  1.953E-04  1.103E-04  5.709E-05  2.647E-05  1.068E-05  3.596E-06  9.549E-07  1.838E-07  2.264E-08  1.467E-09  3.634E-11  1.947E-13  6.848E-17 -1.058E-27
  317.0000  6.016E-02  5.644E-02  5.277E-02  4.918E-02  4.566E-02  4.223E-02  3.889E-02  3.564E-02  3.251E-02  2.949E-02  2.660E-02  2.384E-02  2.122E-02  1.874E-02  1.641E-02  1.424E-02  1.223E-02  1.038E-02  8.702E-03  7.189E-03  5.843E-03  4.663E-03  3.642E-03  2.777E-03  2.058E-03  1.476E-03  1.018E-03  6.709E-04  4.181E-04  2.435E-04  1.305E-04  6.303E-05  2.667E-05  9.503E-06  2.699E-06  5.630E-07  7.638E-08  5.562E-09  1.583E-10  9.961E-13  4.186E-16 -7.852E-27
  318.0000  5.397E-02  5.067E-02  4.741E-02  4.421E-02  4.108E-02  3.802E-02  3.503E-02  3.214E-02  2.934E-02  2.665E-02  2.406E-02  2.158E-02  1.923E-02  1.700E-02  1.491E-02  1.296E-02  1.115E-02  9.479E-03  7.960E-03  6.590E-03  5.368E-03  4.294E-03  3.364E-03  2.572E-03  1.913E-03  1.377E-03  9.539E-04  6.313E-04  3.955E-04  2.318E-04  1.251E-04  6.095E-05  2.604E-05  9.393E-06  2.707E-06  5.750E-07  7.980E-08  5.984E-09  1.771E-10  1.175E-12  5.336E-16 -1.128E-26
  319.0000  6.679E-02  6.291E-02  5.908E-02  5.531E-02  5.160E-02  4.796E-02  4.441E-02  4.094E-02  3.757E-02  3.431E-02  3.116E-02  2.813E-02  2.524E-02  2.248E-02  1.987E-02  1.741E-02  1.511E-02  1.298E-02  1.102E-02  9.229E-03  7.615E-03  6.176E-03  4.913E-03  3.821E-03  2.896E-03  2.129E-03  1.510E-03  1.026E-03  6.627E-04  4.020E-04  2.258E-04  1.151E-04  5.191E-05  1.995E-05  6.198E-06  1.441E-06  2.229E-07  1.904E-08  6.572E-10  5.205E-12  2.863E-15 -7.403E-26
  320.0000  7.384E-02  6.949E-02  6.519E-02  6.096E-02  5.681E-02  5.274E-02  4.877E-02  4.490E-02  4.114E-02  3.751E-02  3.401E-02  3.066E-02  2.745E-02  2.440E-02  2.152E-02  1.881E-02  1.629E-02  1.395E-02  1.181E-02  9.859E-03  8.106E-03  6.550E-03  5.188E-03  4.016E-03  3.028E-03  2.213E-03  1.560E-03  1.053E-03  6.742E-04  4.052E-04  2.252E-04  1.135E-04  5.045E-05  1.908E-05  5.818E-06  1.324E-06  2.000E-07  1.664E-08  5.606E-10  4.374E-12  2.435E-15 -6.755E-26
  321.0000  8.421E-02  7.953E-02  7.489E-02  7.031E-02  6.580E-02  6.136E-02  5.701E-02  5.275E-02  4.860E-02  4.457E-02  4.066E-02  3.688E-02  3.326E-02  2.979E-02  2.648E-02  2.335E-02  2.041E-02  1.766E-02  1.511E-02  1.277E-02  1.064E-02  8.720E-03  7.018E-03  5.529E-03  4.250E-03  3.174E-03  2.292E-03  1.590E-03  1.050E-03  6.540E-04  3.786E-04  2.000E-04  9.398E-05  3.793E-05  1.250E-05  3.122E-06  5.269E-07  5.012E-08  1.977E-09  1.846E-11  1.248E-14 -4.224E-25
  322.0000  8.448E-02  7.976E-02  7.510E-02  7.049E-02  6.595E-02  6.148E-02  5.710E-02  5.282E-02  4.865E-02  4.459E-02  4.066E-02  3.687E-02  3.323E-02  2.975E-02  2.644E-02  2.330E-02  2.035E-02  1.760E-02  1.505E-02  1.271E-02  1.058E-02  8.663E-03  6.965E-03  5.481E-03  4.208E-03  3.139E-03  2.264E-03  1.567E-03  1.034E-03  6.424E-04  3.710E-04  1.955E-04  9.164E-05  3.688E-05  1.211E-05  3.016E-06  5.080E-07  4.831E-08  1.914E-09  1.817E-11  1.279E-14 -4.737E-25
  323.0000  7.579E-02  7.161E-02  6.747E-02  6.337E-02  5.934E-02  5.537E-02  5.147E-02  4.766E-02  4.394E-02  4.032E-02  3.681E-02  3.342E-02  3.016E-02  2.704E-02  2.406E-02  2.125E-02  1.859E-02  1.611E-02  1.380E-02  1.168E-02  9.748E-03  8.005E-03  6.456E-03  5.098E-03  3.929E-03  2.943E-03  2.132E-03  1.484E-03  9.847E-04  6.163E-04  3.589E-04  1.909E-04  9.048E-05  3.690E-05  1.232E-05  3.130E-06  5.404E-07  5.305E-08  2.190E-09  2.195E-11  1.665E-14 -6.884E-25
  324.0000  9.529E-02  9.028E-02  8.531E-02  8.038E-02  7.551E-02  7.070E-02  6.596E-02  6.131E-02  5.676E-02  5.232E-02  4.799E-02  4.379E-02  3.973E-02  3.583E-02  3.209E-02  2.852E-02  2.514E-02  2.195E-02  1.897E-02  1.620E-02  1.366E-02  1.134E-02  9.260E-03  7.412E-03  5.799E-03  4.417E-03  3.260E-03  2.318E-03  1.575E-03  1.013E-03  6.090E-04  3.360E-04  1.662E-04  7.131E-05  2.529E-05  6.902E-06  1.300E-06  1.417E-07  6.623E-09  7.663E-11  6.815E-14 -3.351E-24
  325.0000  9.866E-02  9.337E-02  8.812E-02  8.293E-02  7.779E-02  7.274E-02  6.776E-02  6.289E-02  5.812E-02  5.347E-02  4.895E-02  4.458E-02  4.036E-02  3.630E-02  3.243E-02  2.874E-02  2.526E-02  2.199E-02  1.894E-02  1.611E-02  1.353E-02  1.118E-02  9.083E-03  7.230E-03  5.622E-03  4.254E-03  3.116E-03  2.197E-03  1.479E-03  9.408E-04  5.584E-04  3.037E-04  1.478E-04  6.218E-05  2.156E-05  5.735E-06  1.049E-06  1.106E-07  5.008E-09  5.655E-11  5.033E-14 -2.618E-24
  326.0000  1.366E-01  1.295E-01  1.224E-01  1.154E-01  1.085E-01  1.016E-01  9.487E-02  8.824E-02  8.174E-02  7.540E-02  6.922E-02  6.322E-02  5.741E-02  5.182E-02  4.646E-02  4.134E-02  3.648E-02  3.190E-02  2.761E-02  2.362E-02  1.995E-02  1.660E-02  1.358E-02  1.089E-02  8.545E-03  6.528E-03  4.835E-03  3.451E-03  2.356E-03  1.523E-03  9.208E-04  5.117E-04  2.553E-04  1.107E-04  3.978E-05  1.105E-05  2.128E-06  2.393E-07  1.170E-08  1.450E-10  1.441E-13 -8.564E-24
  327.0000  1.378E-01  1.308E-01  1.238E-01  1.169E-01  1.100E-01  1.032E-01  9.654E-02  8.995E-02  8.348E-02  7.715E-02  7.098E-02  6.497E-02  5.914E-02  5.352E-02  4.811E-02  4.294E-02  3.802E-02  3.336E-02  2.898E-02  2.490E-02  2.112E-02  1.766E-02  1.452E-02  1.172E-02  9.256E-03  7.124E-03  5.321E-03  3.833E-03  2.645E-03  1.731E-03  1.061E-03  5.996E-04  3.050E-04  1.353E-04  4.997E-05  1.434E-05  2.878E-06  3.402E-07  1.770E-08  2.367E-10  2.585E-13 -1.739E-23
  328.0000  1.298E-01  1.231E-01  1.164E-01  1.098E-01  1.033E-01  9.679E-02  9.041E-02  8.414E-02  7.799E-02  7.198E-02  6.612E-02  6.043E-02  5.493E-02  4.962E-02  4.452E-02  3.965E-02  3.503E-02  3.067E-02  2.657E-02  2.276E-02  1.925E-02  1.604E-02  1.315E-02  1.057E-02  8.309E-03  6.363E-03  4.726E-03  3.384E-03  2.318E-03  1.505E-03  9.147E-04  5.114E-04  2.570E-04  1.125E-04  4.087E-05  1.152E-05  2.264E-06  2.617E-07  1.333E-08  1.761E-10  1.943E-13 -1.388E-23
  329.0000  1.439E-01  1.367E-01  1.295E-01  1.224E-01  1.154E-01  1.084E-01  1.015E-01  9.470E-02  8.803E-02  8.150E-02  7.511E-02  6.888E-02  6.284E-02  5.699E-02  5.135E-02  4.595E-02  4.080E-02  3.591E-02  3.130E-02  2.698E-02  2.298E-02  1.929E-02  1.595E-02  1.294E-02  1.028E-02  7.961E-03  5.989E-03  4.351E-03  3.031E-03  2.005E-03  1.245E-03  7.140E-04  3.697E-04  1.675E-04  6.346E-05  1.881E-05  3.927E-06  4.887E-07  2.720E-08  3.986E-10  4.956E-13 -4.061E-23
  330.0000  1.692E-01  1.608E-01  1.524E-01  1.441E-01  1.359E-01  1.278E-01  1.197E-01  1.118E-01  1.040E-01  9.632E-02  8.883E-02  8.154E-02  7.444E-02  6.758E-02  6.096E-02  5.460E-02  4.853E-02  4.277E-02  3.733E-02  3.223E-02  2.749E-02  2.313E-02  1.915E-02  1.557E-02  1.240E-02  9.632E-03  7.269E-03  5.299E-03  3.706E-03  2.463E-03  1.538E-03  8.872E-04  4.627E-04  2.115E-04  8.103E-05  2.434E-05  5.171E-06  6.580E-07  3.774E-08  5.766E-10  7.625E-13 -6.886E-23
  331.0000  1.427E-01  1.356E-01  1.285E-01  1.214E-01  1.144E-01  1.075E-01  1.007E-01  9.391E-02  8.729E-02  8.080E-02  7.446E-02  6.828E-02  6.228E-02  5.648E-02  5.089E-02  4.553E-02  4.041E-02  3.556E-02  3.099E-02  2.672E-02  2.275E-02  1.910E-02  1.578E-02  1.280E-02  1.017E-02  7.874E-03  5.923E-03  4.302E-03  2.996E-03  1.982E-03  1.231E-03  7.060E-04  3.657E-04  1.658E-04  6.297E-05  1.872E-05  3.935E-06  4.955E-07  2.819E-08  4.311E-10  5.824E-13 -5.613E-23
  332.0000  1.483E-01  1.411E-01  1.339E-01  1.267E-01  1.195E-01  1.125E-01  1.055E-01  9.860E-02  9.181E-02  8.515E-02  7.863E-02  7.227E-02  6.607E-02  6.007E-02  5.427E-02  4.870E-02  4.337E-02  3.830E-02  3.350E-02  2.900E-02  2.480E-02  2.093E-02  1.738E-02  1.419E-02  1.134E-02  8.850E-03  6.712E-03  4.922E-03  3.464E-03  2.320E-03  1.461E-03  8.520E-04  4.499E-04  2.088E-04  8.146E-05  2.504E-05  5.480E-06  7.249E-07  4.384E-08  7.220E-10  1.068E-12 -1.155E-22
  333.0000  1.597E-01  1.520E-01  1.443E-01  1.366E-01  1.290E-01  1.215E-01  1.140E-01  1.067E-01  9.940E-02  9.227E-02  8.529E-02  7.847E-02  7.183E-02  6.538E-02  5.915E-02  5.315E-02  4.740E-02  4.193E-02  3.674E-02  3.187E-02  2.731E-02  2.310E-02  1.924E-02  1.574E-02  1.263E-02  9.888E-03  7.530E-03  5.546E-03  3.924E-03  2.644E-03  1.677E-03  9.853E-04  5.252E-04  2.465E-04  9.750E-05  3.048E-05  6.813E-06  9.258E-07  5.797E-08  1.000E-09  1.578E-12 -1.878E-22
  334.0000  1.428E-01  1.359E-01  1.289E-01  1.220E-01  1.152E-01  1.084E-01  1.017E-01  9.509E-02  8.857E-02  8.217E-02  7.591E-02  6.979E-02  6.384E-02  5.807E-02  5.249E-02  4.712E-02  4.199E-02  3.710E-02  3.248E-02  2.813E-02  2.408E-02  2.034E-02  1.691E-02  1.382E-02  1.106E-02  8.642E-03  6.565E-03  4.823E-03  3.402E-03  2.285E-03  1.443E-03  8.446E-04  4.481E-04  2.091E-04  8.221E-05  2.553E-05  5.666E-06  7.653E-07  4.777E-08  8.287E-10  1.341E-12 -1.704E-22
  335.0000  1.660E-01  1.581E-01  1.502E-01  1.423E-01  1.345E-01  1.267E-01  1.190E-01  1.114E-01  1.040E-01  9.661E-02  8.940E-02  8.234E-02  7.547E-02  6.878E-02  6.232E-02  5.609E-02  5.011E-02  4.440E-02  3.899E-02  3.388E-02  2.911E-02  2.468E-02  2.062E-02  1.693E-02  1.362E-02  1.071E-02  8.192E-03  6.065E-03  4.316E-03  2.927E-03  1.871E-03  1.110E-03  5.981E-04  2.844E-04  1.144E-04  3.650E-05  8.379E-06  1.180E-06  7.752E-08  1.433E-09  2.512E-12 -3.547E-22
  336.0000  1.430E-01  1.362E-01  1.294E-01  1.227E-01  1.160E-01  1.094E-01  1.028E-01  9.630E-02  8.989E-02  8.359E-02  7.740E-02  7.134E-02  6.544E-02  5.969E-02  5.413E-02  4.876E-02  4.361E-02  3.869E-02  3.401E-02  2.960E-02  2.547E-02  2.163E-02  1.810E-02  1.489E-02  1.201E-02  9.466E-03  7.261E-03  5.392E-03  3.852E-03  2.623E-03  1.685E-03  1.005E-03  5.453E-04  2.614E-04  1.062E-04  3.431E-05  8.000E-06  1.149E-06  7.763E-08  1.491E-09  2.761E-12 -4.252E-22
  337.0000  1.369E-01  1.304E-01  1.239E-01  1.174E-01  1.110E-01  1.046E-01  9.833E-02  9.209E-02  8.593E-02  7.988E-02  7.394E-02  6.813E-02  6.247E-02  5.696E-02  5.163E-02  4.649E-02  4.156E-02  3.685E-02  3.238E-02  2.816E-02  2.421E-02  2.055E-02  1.718E-02  1.412E-02  1.138E-02  8.960E-03  6.864E-03  5.091E-03  3.631E-03  2.469E-03  1.583E-03  9.422E-04  5.101E-04  2.440E-04  9.884E-05  3.186E-05  7.414E-06  1.065E-06  7.216E-08  1.403E-09  2.679E-12 -4.414E-22
  338.0000  1.555E-01  1.482E-01  1.409E-01  1.336E-01  1.263E-01  1.191E-01  1.120E-01  1.050E-01  9.802E-02  9.118E-02  8.446E-02  7.789E-02  7.148E-02  6.524E-02  5.919E-02  5.336E-02  4.775E-02  4.239E-02  3.730E-02  3.249E-02  2.798E-02  2.379E-02  1.993E-02  1.642E-02  1.326E-02  1.047E-02  8.046E-03  5.988E-03  4.288E-03  2.929E-03  1.888E-03  1.131E-03  6.166E-04  2.975E-04  1.218E-04  3.980E-05  9.418E-06  1.382E-06  9.640E-08  1.948E-09  3.933E-12 -7.057E-22
  339.0000  1.673E-01  1.595E-01  1.517E-01  1.440E-01  1.363E-01  1.286E-01  1.210E-01  1.135E-01  1.061E-01  9.875E-02  9.157E-02  8.453E-02  7.766E-02  7.096E-02  6.447E-02  5.819E-02  5.216E-02  4.638E-02  4.088E-02  3.568E-02  3.079E-02  2.624E-02  2.204E-02  1.820E-02  1.475E-02  1.169E-02  9.015E-03  6.739E-03  4.850E-03  3.332E-03  2.162E-03  1.305E-03  7.185E-04  3.505E-04  1.455E-04  4.831E-05  1.167E-05  1.758E-06  1.268E-07  2.677E-09  5.740E-12 -1.125E-21
  340.0000  1.903E-01  1.814E-01  1.726E-01  1.638E-01  1.550E-01  1.463E-01  1.377E-01  1.291E-01  1.207E-01  1.124E-01  1.042E-01  9.623E-02  8.841E-02  8.080E-02  7.342E-02  6.628E-02  5.942E-02  5.285E-02  4.659E-02  4.067E-02  3.510E-02  2.992E-02  2.514E-02  2.077E-02  1.684E-02  1.335E-02  1.030E-02  7.707E-03  5.550E-03  3.817E-03  2.479E-03  1.498E-03  8.261E-04  4.039E-04  1.681E-04  5.602E-05  1.361E-05  2.067E-06  1.510E-07  3.260E-09  7.269E-12 -1.530E-21
  341.0000  1.693E-01  1.615E-01  1.536E-01  1.459E-01  1.381E-01  1.304E-01  1.228E-01  1.152E-01  1.077E-01  1.004E-01  9.313E-02  8.604E-02  7.910E-02  7.235E-02  6.579E-02  5.944E-02  5.334E-02  4.748E-02  4.190E-02  3.662E-02  3.165E-02  2.702E-02  2.273E-02  1.882E-02  1.528E-02  1.214E-02  9.393E-03  7.045E-03  5.090E-03  3.512E-03  2.291E-03  1.391E-03  7.717E-04  3.799E-04  1.595E-04  5.373E-05  1.323E-05  2.046E-06  1.531E-07  3.420E-09  8.019E-12 -1.828E-21
  342.0000  1.749E-01  1.669E-01  1.589E-01  1.509E-01  1.429E-01  1.350E-01  1.272E-01  1.194E-01  1.117E-01  1.042E-01  9.670E-02  8.940E-02  8.225E-02  7.529E-02  6.852E-02  6.197E-02  5.565E-02  4.960E-02  4.382E-02  3.834E-02  3.319E-02  2.837E-02  2.391E-02  1.983E-02  1.614E-02  1.285E-02  9.966E-03  7.497E-03  5.434E-03  3.764E-03  2.466E-03  1.506E-03  8.402E-04  4.168E-04  1.766E-04  6.017E-05  1.503E-05  2.368E-06  1.818E-07  4.203E-09  1.036E-11 -2.558E-21
  343.0000  1.858E-01  1.773E-01  1.689E-01  1.604E-01  1.520E-01  1.436E-01  1.353E-01  1.271E-01  1.189E-01  1.109E-01  1.030E-01  9.526E-02  8.768E-02  8.029E-02  7.310E-02  6.615E-02  5.944E-02  5.300E-02  4.686E-02  4.103E-02  3.554E-02  3.041E-02  2.565E-02  2.129E-02  1.735E-02  1.383E-02  1.074E-02  8.095E-03  5.879E-03  4.082E-03  2.681E-03  1.642E-03  9.196E-04  4.582E-04  1.952E-04  6.700E-05  1.690E-05  2.697E-06  2.108E-07  5.008E-09  1.289E-11 -3.423E-21
  344.0000  1.521E-01  1.452E-01  1.383E-01  1.313E-01  1.244E-01  1.176E-01  1.108E-01  1.041E-01  9.739E-02  9.082E-02  8.436E-02  7.802E-02  7.182E-02  6.577E-02  5.989E-02  5.419E-02  4.870E-02  4.343E-02  3.840E-02  3.363E-02  2.914E-02  2.493E-02  2.104E-02  1.747E-02  1.423E-02  1.135E-02  8.820E-03  6.648E-03  4.830E-03  3.355E-03  2.205E-03  1.352E-03  7.579E-04  3.782E-04  1.615E-04  5.558E-05  1.408E-05  2.262E-06  1.789E-07  4.335E-09  1.157E-11 -3.286E-21
  345.0000  1.720E-01  1.642E-01  1.565E-01  1.487E-01  1.409E-01  1.332E-01  1.256E-01  1.180E-01  1.105E-01  1.032E-01  9.588E-02  8.874E-02  8.174E-02  7.492E-02  6.828E-02  6.184E-02  5.564E-02  4.967E-02  4.397E-02  3.856E-02  3.345E-02  2.867E-02  2.423E-02  2.016E-02  1.646E-02  1.316E-02  1.025E-02  7.752E-03  5.652E-03  3.942E-03  2.603E-03  1.604E-03  9.053E-04  4.553E-04  1.962E-04  6.835E-05  1.757E-05  2.878E-06  2.334E-07  5.856E-09  1.643E-11 -5.036E-21
  346.0000  1.768E-01  1.689E-01  1.609E-01  1.529E-01  1.450E-01  1.371E-01  1.292E-01  1.215E-01  1.138E-01  1.062E-01  9.871E-02  9.137E-02  8.419E-02  7.718E-02  7.036E-02  6.374E-02  5.736E-02  5.123E-02  4.536E-02  3.979E-02  3.454E-02  2.961E-02  2.504E-02  2.085E-02  1.703E-02  1.362E-02  1.063E-02  8.041E-03  5.869E-03  4.098E-03  2.710E-03  1.673E-03  9.465E-04  4.773E-04  2.064E-04  7.225E-05  1.869E-05  3.091E-06  2.542E-07  6.523E-09  1.901E-11 -6.241E-21
  347.0000  1.923E-01  1.837E-01  1.750E-01  1.664E-01  1.578E-01  1.493E-01  1.408E-01  1.323E-01  1.240E-01  1.158E-01  1.077E-01  9.973E-02  9.194E-02  8.433E-02  7.692E-02  6.973E-02  6.279E-02  5.612E-02  4.973E-02  4.366E-02  3.793E-02  3.256E-02  2.757E-02  2.297E-02  1.880E-02  1.506E-02  1.177E-02  8.923E-03  6.527E-03  4.571E-03  3.032E-03  1.879E-03  1.067E-03  5.412E-04  2.356E-04  8.315E-05  2.175E-05  3.648E-06  3.060E-07  8.078E-09  2.459E-11 -8.664E-21
  348.0000  1.693E-01  1.617E-01  1.542E-01  1.466E-01  1.391E-01  1.316E-01  1.241E-01  1.168E-01  1.094E-01  1.022E-01  9.512E-02  8.813E-02  8.128E-02  7.459E-02  6.807E-02  6.175E-02  5.564E-02  4.976E-02  4.414E-02  3.878E-02  3.372E-02  2.897E-02  2.456E-02  2.049E-02  1.679E-02  1.347E-02  1.054E-02  8.012E-03  5.874E-03  4.124E-03  2.744E-03  1.707E-03  9.737E-04  4.962E-04  2.174E-04  7.735E-05  2.045E-05  3.477E-06  2.973E-07  8.071E-09  2.563E-11 -9.686E-21
  349.0000  1.756E-01  1.678E-01  1.600E-01  1.522E-01  1.444E-01  1.366E-01  1.289E-01  1.213E-01  1.138E-01  1.063E-01  9.894E-02  9.171E-02  8.462E-02  7.769E-02  7.094E-02  6.438E-02  5.805E-02  5.195E-02  4.611E-02  4.055E-02  3.529E-02  3.035E-02  2.575E-02  2.151E-02  1.765E-02  1.418E-02  1.112E-02  8.461E-03  6.217E-03  4.375E-03  2.919E-03  1.822E-03  1.044E-03  5.345E-04  2.356E-04  8.446E-05  2.255E-05  3.886E-06  3.385E-07  9.438E-09  3.124E-11 -1.264E-20
  350.0000  2.048E-01  1.958E-01  1.867E-01  1.776E-01  1.686E-01  1.596E-01  1.506E-01  1.417E-01  1.329E-01  1.243E-01  1.157E-01  1.073E-01  9.902E-02  9.095E-02  8.308E-02  7.544E-02  6.804E-02  6.093E-02  5.411E-02  4.761E-02  4.146E-02  3.568E-02  3.030E-02  2.534E-02  2.081E-02  1.674E-02  1.314E-02  1.002E-02  7.372E-03  5.198E-03  3.476E-03  2.175E-03  1.250E-03  6.429E-04  2.848E-04  1.028E-04  2.767E-05  4.824E-06  4.271E-07  1.220E-08  4.200E-11 -1.816E-20
------------------------------------------------------------
