Spectral Irradiance, W m-2 nm-1
values at z =      3.216 km
Columns: wavelength (nm), solar zenith angles (deg.)
    wc, nm     49.000     50.000     51.000     52.000     53.000     54.000     55.000     56.000     57.000     58.000     59.000     60.000     61.000     62.000     63.000     64.000     65.000     66.000     67.000     68.000     69.000     70.000     71.000     72.000     73.000     74.000     75.000     76.000     77.000     78.000     79.000     80.000     81.000     82.000     83.000     84.000     85.000     86.000     87.000     88.000     89.000     90.000
  280.0000  0.000E+00  0.000E+00  0.000E+00  0.000E+00  0.000E+00  0.000E+00  0.000E+00  0.000E+00  0.000E+00  0.000E+00  0.000E+00  0.000E+00  0.000E+00  0.000E+00  0.000E+00  0.000E+00  0.000E+00  0.000E+00  0.000E+00  0.000E+00  0.000E+00  0.000E+00  0.000E+00  0.000E+00  0.000E+00  0.000E+00  0.000E+00  0.000E+00  0.000E+00  0.000E+00  0.000E+00  0.000E+00  0.000E+00  0.000E+00  0.000E+00  0.000E+00  0.000E+00  0.000E+00  0.000E+00  0.000E+00  0.000E+00  0.000E+00
  281.0000  0.000E+00  0.000E+00  0.000E+00  0.000E+00  0.000E+00  0.000E+00  0.000E+00  0.000E+00  0.000E+00  0.000E+00  0.000E+00  0.000E+00  0.000E+00  0.000E+00  0.000E+00  0.000E+00  0.000E+00  0.000E+00  0.000E+00  0.000E+00  0.000E+00  0.000E+00  0.000E+00  0.000E+00  0.000E+00  0.000E+00  0.000E+00  0.000E+00  0.000E+00  0.000E+00  0.000E+00  0.000E+00  0.000E+00  0.000E+00  0.000E+00  0.000E+00  0.000E+00  0.000E+00  0.000E+00  0.000E+00  0.000E+00  0.000E+00
  282.0000  0.000E+00  0.000E+00  0.000E+00  0.000E+00  0.000E+00  0.000E+00  0.000E+00  0.000E+00  0.000E+00  0.000E+00  0.000E+00  0.000E+00  0.000E+00  0.000E+00  0.000E+00  0.000E+00  0.000E+00  0.000E+00  0.000E+00  0.000E+00  0.000E+00  0.000E+00  0.000E+00  0.000E+00  0.000E+00  0.000E+00  0.000E+00  0.000E+00  0.000E+00  0.000E+00  0.000E+00  0.000E+00  0.000E+00  0.000E+00  0.000E+00  0.000E+00  0.000E+00  0.000E+00  0.000E+00  0.000E+00  0.000E+00  0.000E+00
  283.0000  0.000E+00  0.000E+00  0.000E+00  0.000E+00  0.000E+00  0.000E+00  0.000E+00  0.000E+00  0.000E+00  0.000E+00  0.000E+00  0.000E+00  0.000E+00  0.000E+00  0.000E+00  0.000E+00  0.000E+00  0.000E+00  0.000E+00  0.000E+00  0.000E+00  0.000E+00  0.000E+00  0.000E+00  0.000E+00  0.000E+00  0.000E+00  0.000E+00  0.000E+00  0.000E+00  0.000E+00  0.000E+00  0.000E+00  0.000E+00  0.000E+00  0.000E+00  0.000E+00  0.000E+00  0.000E+00  0.000E+00  0.000E+00  0.000E+00
  284.0000  0.000E+00  0.000E+00  0.000E+00  0.000E+00  0.000E+00  0.000E+00  0.000E+00  0.000E+00  0.000E+00  0.000E+00  0.000E+00  0.000E+00  0.000E+00  0.000E+00  0.000E+00  0.000E+00  0.000E+00  0.000E+00  0.000E+00  0.000E+00  0.000E+00  0.000E+00  0.000E+00  0.000E+00  0.000E+00  0.000E+00  0.000E+00  0.000E+00  0.000E+00  0.000E+00  0.000E+00  0.000E+00  0.000E+00  0.000E+00  0.000E+00  0.000E+00  0.000E+00  0.000E+00  0.000E+00  0.000E+00  0.000E+00  0.000E+00
  285.0000  0.000E+00  0.000E+00  0.000E+00  0.000E+00  0.000E+00  0.000E+00  0.000E+00  0.000E+00  0.000E+00  0.000E+00  0.000E+00  0.000E+00  0.000E+00  0.000E+00  0.000E+00  0.000E+00  0.000E+00  0.000E+00  0.000E+00  0.000E+00  0.000E+00  0.000E+00  0.000E+00  0.000E+00  0.000E+00  0.000E+00  0.000E+00  0.000E+00  0.000E+00  0.000E+00  0.000E+00  0.000E+00  0.000E+00  0.000E+00  0.000E+00  0.000E+00  0.000E+00  0.000E+00  0.000E+00  0.000E+00  0.000E+00  0.000E+00
  286.0000  0.000E+00  0.000E+00  0.000E+00  0.000E+00  0.000E+00  0.000E+00  0.000E+00  0.000E+00  0.000E+00  0.000E+00  0.000E+00  0.000E+00  0.000E+00  0.000E+00  0.000E+00  0.000E+00  0.000E+00  0.000E+00  0.000E+00  0.000E+00  0.000E+00  0.000E+00  0.000E+00  0.000E+00  0.000E+00  0.000E+00  0.000E+00  0.000E+00  0.000E+00  0.000E+00  0.000E+00  0.000E+00  0.000E+00  0.000E+00  0.000E+00  0.000E+00  0.000E+00  0.000E+00  0.000E+00  0.000E+00  0.000E+00  0.000E+00
  287.0000  0.000E+00  0.000E+00  0.000E+00  0.000E+00  0.000E+00  0.000E+00  0.000E+00  0.000E+00  0.000E+00  0.000E+00  0.000E+00  0.000E+00  0.000E+00  0.000E+00  0.000E+00  0.000E+00  0.000E+00  0.000E+00  0.000E+00  0.000E+00  0.000E+00  0.000E+00  0.000E+00  0.000E+00  0.000E+00  0.000E+00  0.000E+00  0.000E+00  0.000E+00  0.000E+00  0.000E+00  0.000E+00  0.000E+00  0.000E+00  0.000E+00  0.000E+00  0.000E+00  0.000E+00  0.000E+00  0.000E+00  0.000E+00  0.000E+00
  288.0000  0.000E+00  0.000E+00  0.000E+00  0.000E+00  0.000E+00  0.000E+00  0.000E+00  0.000E+00  0.000E+00  0.000E+00  0.000E+00  0.000E+00  0.000E+00  0.000E+00  0.000E+00  0.000E+00  0.000E+00  0.000E+00  0.000E+00  0.000E+00  0.000E+00  0.000E+00  0.000E+00  0.000E+00  0.000E+00  0.000E+00  0.000E+00  0.000E+00  0.000E+00  0.000E+00  0.000E+00  0.000E+00  0.000E+00  0.000E+00  0.000E+00  0.000E+00  0.000E+00  0.000E+00  0.000E+00  0.000E+00  0.000E+00  0.000E+00
  289.0000  0.000E+00  0.000E+00  0.000E+00  0.000E+00  0.000E+00  0.000E+00  0.000E+00  0.000E+00  0.000E+00  0.000E+00  0.000E+00  0.000E+00  0.000E+00  0.000E+00  0.000E+00  0.000E+00  0.000E+00  0.000E+00  0.000E+00  0.000E+00  0.000E+00  0.000E+00  0.000E+00  0.000E+00  0.000E+00  0.000E+00  0.000E+00  0.000E+00  0.000E+00  0.000E+00  0.000E+00  0.000E+00  0.000E+00  0.000E+00  0.000E+00  0.000E+00  0.000E+00  0.000E+00  0.000E+00  0.000E+00  0.000E+00  0.000E+00
  290.0000  5.348E-08  3.814E-08  2.672E-08  1.836E-08  1.238E-08  8.163E-09  5.265E-09  3.316E-09  2.037E-09  1.219E-09  7.111E-10  3.943E-10  2.230E-10  1.225E-10  6.664E-11  3.655E-11  2.079E-11  1.262E-11  8.336E-12  6.009E-12  4.654E-12  3.792E-12  3.194E-12  2.749E-12  2.400E-12  2.118E-12  1.883E-12  1.684E-12  1.512E-12  1.363E-12  1.230E-12  1.111E-12  1.003E-12  9.039E-13  8.116E-13  7.247E-13  6.419E-13  5.619E-13  4.838E-13  4.064E-13  3.294E-13  2.543E-13
  291.0000  2.716E-07  1.999E-07  1.447E-07  1.030E-07  7.204E-08  4.940E-08  3.321E-08  2.184E-08  1.405E-08  8.832E-09  5.326E-09  3.177E-09  1.891E-09  1.095E-09  6.258E-10  3.573E-10  2.083E-10  1.268E-10  8.250E-11  5.792E-11  4.369E-11  3.486E-11  2.894E-11  2.466E-11  2.137E-11  1.875E-11  1.658E-11  1.476E-11  1.321E-11  1.185E-11  1.066E-11  9.603E-12  8.645E-12  7.769E-12  6.959E-12  6.200E-12  5.480E-12  4.788E-12  4.115E-12  3.452E-12  2.795E-12  2.158E-12
  292.0000  1.723E-06  1.318E-06  9.950E-07  7.400E-07  5.418E-07  3.902E-07  2.761E-07  1.918E-07  1.307E-07  8.725E-08  5.720E-08  3.587E-08  2.278E-08  1.411E-08  8.601E-09  5.197E-09  3.158E-09  1.961E-09  1.268E-09  8.665E-10  6.308E-10  4.868E-10  3.936E-10  3.291E-10  2.814E-10  2.443E-10  2.144E-10  1.895E-10  1.685E-10  1.504E-10  1.345E-10  1.205E-10  1.080E-10  9.666E-11  8.624E-11  7.656E-11  6.745E-11  5.876E-11  5.037E-11  4.216E-11  3.408E-11  2.629E-11
  293.0000  5.604E-06  4.393E-06  3.401E-06  2.598E-06  1.957E-06  1.452E-06  1.061E-06  7.617E-07  5.375E-07  3.724E-07  2.495E-07  1.661E-07  1.097E-07  7.088E-08  4.500E-08  2.824E-08  1.769E-08  1.120E-08  7.280E-09  4.930E-09  3.518E-09  2.652E-09  2.099E-09  1.726E-09  1.458E-09  1.255E-09  1.094E-09  9.616E-10  8.507E-10  7.558E-10  6.735E-10  6.012E-10  5.368E-10  4.788E-10  4.259E-10  3.770E-10  3.313E-10  2.879E-10  2.463E-10  2.057E-10  1.660E-10  1.280E-10
  294.0000  2.381E-05  1.923E-05  1.535E-05  1.212E-05  9.450E-06  7.273E-06  5.520E-06  4.129E-06  3.041E-06  2.204E-06  1.572E-06  1.086E-06  7.535E-07  5.125E-07  3.426E-07  2.258E-07  1.477E-07  9.665E-08  6.393E-08  4.329E-08  3.038E-08  2.229E-08  1.712E-08  1.370E-08  1.133E-08  9.602E-09  8.271E-09  7.206E-09  6.325E-09  5.582E-09  4.943E-09  4.387E-09  3.896E-09  3.457E-09  3.061E-09  2.698E-09  2.361E-09  2.044E-09  1.742E-09  1.451E-09  1.168E-09  8.988E-10
  295.0000  6.664E-05  5.492E-05  4.482E-05  3.620E-05  2.892E-05  2.283E-05  1.780E-05  1.370E-05  1.040E-05  7.778E-06  5.662E-06  4.105E-06  2.950E-06  2.081E-06  1.443E-06  9.859E-07  6.667E-07  4.487E-07  3.027E-07  2.067E-07  1.445E-07  1.044E-07  7.851E-08  6.144E-08  4.982E-08  4.154E-08  3.536E-08  3.052E-08  2.660E-08  2.333E-08  2.055E-08  1.815E-08  1.604E-08  1.417E-08  1.249E-08  1.097E-08  9.564E-09  8.253E-09  7.013E-09  5.825E-09  4.678E-09  3.592E-09
  296.0000  2.659E-04  2.244E-04  1.878E-04  1.558E-04  1.279E-04  1.040E-04  8.367E-05  6.653E-05  5.227E-05  4.056E-05  3.103E-05  2.318E-05  1.734E-05  1.276E-05  9.247E-06  6.596E-06  4.650E-06  3.249E-06  2.259E-06  1.574E-06  1.108E-06  7.946E-07  5.859E-07  4.465E-07  3.521E-07  2.864E-07  2.389E-07  2.031E-07  1.749E-07  1.519E-07  1.327E-07  1.163E-07  1.021E-07  8.963E-08  7.853E-08  6.855E-08  5.945E-08  5.105E-08  4.318E-08  3.571E-08  2.857E-08  2.188E-08
  297.0000  3.896E-04  3.342E-04  2.844E-04  2.402E-04  2.011E-04  1.668E-04  1.370E-04  1.114E-04  8.955E-05  7.119E-05  5.532E-05  4.296E-05  3.303E-05  2.502E-05  1.868E-05  1.373E-05  9.971E-06  7.164E-06  5.107E-06  3.628E-06  2.583E-06  1.858E-06  1.361E-06  1.021E-06  7.900E-07  6.296E-07  5.157E-07  4.318E-07  3.676E-07  3.164E-07  2.743E-07  2.389E-07  2.085E-07  1.820E-07  1.586E-07  1.378E-07  1.189E-07  1.017E-07  8.564E-08  7.057E-08  5.627E-08  4.297E-08
  298.0000  1.361E-03  1.189E-03  1.031E-03  8.877E-04  7.587E-04  6.432E-04  5.407E-04  4.504E-04  3.716E-04  3.036E-04  2.458E-04  1.944E-04  1.541E-04  1.206E-04  9.304E-05  7.079E-05  5.319E-05  3.951E-05  2.905E-05  2.120E-05  1.541E-05  1.121E-05  8.222E-06  6.116E-06  4.644E-06  3.616E-06  2.891E-06  2.367E-06  1.978E-06  1.678E-06  1.438E-06  1.240E-06  1.073E-06  9.298E-07  8.045E-07  6.939E-07  5.950E-07  5.054E-07  4.233E-07  3.470E-07  2.753E-07  2.094E-07
  299.0000  2.279E-03  2.014E-03  1.769E-03  1.545E-03  1.339E-03  1.152E-03  9.843E-04  8.338E-04  7.004E-04  5.827E-04  4.773E-04  3.889E-04  3.147E-04  2.519E-04  1.989E-04  1.550E-04  1.193E-04  9.082E-05  6.836E-05  5.097E-05  3.773E-05  2.784E-05  2.056E-05  1.529E-05  1.152E-05  8.847E-06  6.949E-06  5.587E-06  4.591E-06  3.839E-06  3.253E-06  2.780E-06  2.387E-06  2.054E-06  1.766E-06  1.514E-06  1.290E-06  1.090E-06  9.082E-07  7.409E-07  5.854E-07  4.436E-07
  300.0000  3.691E-03  3.307E-03  2.947E-03  2.611E-03  2.300E-03  2.012E-03  1.749E-03  1.509E-03  1.293E-03  1.098E-03  9.185E-04  7.667E-04  6.351E-04  5.210E-04  4.222E-04  3.380E-04  2.676E-04  2.094E-04  1.620E-04  1.241E-04  9.410E-05  7.085E-05  5.311E-05  3.980E-05  2.996E-05  2.279E-05  1.760E-05  1.386E-05  1.114E-05  9.128E-06  7.600E-06  6.403E-06  5.435E-06  4.629E-06  3.945E-06  3.353E-06  2.835E-06  2.377E-06  1.966E-06  1.592E-06  1.251E-06  9.426E-07
  301.0000  7.698E-03  6.967E-03  6.276E-03  5.624E-03  5.013E-03  4.443E-03  3.914E-03  3.425E-03  2.976E-03  2.568E-03  2.204E-03  1.856E-03  1.565E-03  1.308E-03  1.082E-03  8.840E-04  7.149E-04  5.719E-04  4.524E-04  3.541E-04  2.742E-04  2.104E-04  1.603E-04  1.215E-04  9.199E-05  6.990E-05  5.357E-05  4.161E-05  3.286E-05  2.643E-05  2.163E-05  1.795E-05  1.505E-05  1.268E-05  1.071E-05  9.033E-06  7.579E-06  6.305E-06  5.176E-06  4.165E-06  3.251E-06  2.437E-06
  302.0000  1.056E-02  9.643E-03  8.765E-03  7.934E-03  7.145E-03  6.401E-03  5.703E-03  5.051E-03  4.446E-03  3.889E-03  3.380E-03  2.895E-03  2.478E-03  2.106E-03  1.772E-03  1.474E-03  1.215E-03  9.910E-04  7.997E-04  6.384E-04  5.043E-04  3.942E-04  3.054E-04  2.348E-04  1.795E-04  1.371E-04  1.049E-04  8.086E-05  6.304E-05  4.989E-05  4.012E-05  3.276E-05  2.708E-05  2.256E-05  1.887E-05  1.577E-05  1.312E-05  1.083E-05  8.823E-06  7.047E-06  5.462E-06  4.070E-06
  303.0000  2.437E-02  2.246E-02  2.061E-02  1.884E-02  1.715E-02  1.553E-02  1.400E-02  1.255E-02  1.120E-02  9.925E-03  8.717E-03  7.617E-03  6.626E-03  5.726E-03  4.902E-03  4.157E-03  3.493E-03  2.908E-03  2.396E-03  1.954E-03  1.577E-03  1.259E-03  9.953E-04  7.792E-04  6.050E-04  4.668E-04  3.590E-04  2.763E-04  2.136E-04  1.666E-04  1.315E-04  1.053E-04  8.537E-05  6.996E-05  5.768E-05  4.764E-05  3.922E-05  3.203E-05  2.583E-05  2.043E-05  1.569E-05  1.159E-05
  304.0000  3.044E-02  2.821E-02  2.605E-02  2.396E-02  2.195E-02  2.003E-02  1.819E-02  1.644E-02  1.478E-02  1.321E-02  1.172E-02  1.034E-02  9.082E-03  7.934E-03  6.868E-03  5.894E-03  5.015E-03  4.229E-03  3.533E-03  2.922E-03  2.392E-03  1.937E-03  1.553E-03  1.232E-03  9.679E-04  7.543E-04  5.842E-04  4.509E-04  3.480E-04  2.698E-04  2.109E-04  1.667E-04  1.334E-04  1.079E-04  8.795E-05  7.193E-05  5.872E-05  4.760E-05  3.809E-05  2.990E-05  2.280E-05  1.674E-05
  305.0000  4.934E-02  4.605E-02  4.284E-02  3.972E-02  3.670E-02  3.378E-02  3.096E-02  2.826E-02  2.567E-02  2.321E-02  2.076E-02  1.861E-02  1.656E-02  1.466E-02  1.287E-02  1.122E-02  9.698E-03  8.317E-03  7.070E-03  5.955E-03  4.968E-03  4.102E-03  3.352E-03  2.710E-03  2.168E-03  1.717E-03  1.348E-03  1.050E-03  8.135E-04  6.292E-04  4.875E-04  3.798E-04  2.984E-04  2.367E-04  1.894E-04  1.524E-04  1.226E-04  9.812E-05  7.757E-05  6.015E-05  4.533E-05  3.295E-05
  306.0000  5.169E-02  4.847E-02  4.531E-02  4.223E-02  3.922E-02  3.630E-02  3.348E-02  3.075E-02  2.812E-02  2.560E-02  2.311E-02  2.084E-02  1.870E-02  1.670E-02  1.480E-02  1.302E-02  1.137E-02  9.859E-03  8.477E-03  7.226E-03  6.102E-03  5.103E-03  4.225E-03  3.460E-03  2.804E-03  2.248E-03  1.784E-03  1.402E-03  1.093E-03  8.475E-04  6.554E-04  5.074E-04  3.945E-04  3.090E-04  2.439E-04  1.936E-04  1.540E-04  1.220E-04  9.553E-05  7.340E-05  5.481E-05  3.949E-05
  307.0000  7.465E-02  7.034E-02  6.609E-02  6.193E-02  5.785E-02  5.386E-02  4.998E-02  4.621E-02  4.256E-02  3.904E-02  3.553E-02  3.230E-02  2.923E-02  2.636E-02  2.358E-02  2.096E-02  1.851E-02  1.623E-02  1.413E-02  1.220E-02  1.044E-02  8.852E-03  7.434E-03  6.179E-03  5.081E-03  4.133E-03  3.324E-03  2.644E-03  2.082E-03  1.625E-03  1.259E-03  9.720E-04  7.496E-04  5.795E-04  4.502E-04  3.516E-04  2.753E-04  2.150E-04  1.662E-04  1.262E-04  9.315E-05  6.638E-05
  308.0000  9.718E-02  9.198E-02  8.682E-02  8.175E-02  7.675E-02  7.185E-02  6.706E-02  6.237E-02  5.781E-02  5.339E-02  4.877E-02  4.484E-02  4.090E-02  3.719E-02  3.356E-02  3.012E-02  2.686E-02  2.381E-02  2.095E-02  1.830E-02  1.586E-02  1.363E-02  1.160E-02  9.781E-03  8.160E-03  6.734E-03  5.494E-03  4.430E-03  3.531E-03  2.783E-03  2.171E-03  1.680E-03  1.292E-03  9.904E-04  7.595E-04  5.837E-04  4.494E-04  3.455E-04  2.634E-04  1.973E-04  1.437E-04  1.011E-04
  309.0000  1.068E-01  1.013E-01  9.586E-02  9.050E-02  8.522E-02  8.002E-02  7.491E-02  6.991E-02  6.503E-02  6.028E-02  5.540E-02  5.105E-02  4.676E-02  4.272E-02  3.874E-02  3.495E-02  3.135E-02  2.795E-02  2.475E-02  2.176E-02  1.899E-02  1.644E-02  1.410E-02  1.198E-02  1.008E-02  8.387E-03  6.901E-03  5.611E-03  4.508E-03  3.577E-03  2.806E-03  2.178E-03  1.676E-03  1.281E-03  9.767E-04  7.441E-04  5.671E-04  4.314E-04  3.257E-04  2.418E-04  1.746E-04  1.218E-04
  310.0000  1.170E-01  1.115E-01  1.060E-01  1.006E-01  9.520E-02  8.990E-02  8.465E-02  7.949E-02  7.441E-02  6.945E-02  6.440E-02  5.973E-02  5.515E-02  5.081E-02  4.650E-02  4.236E-02  3.839E-02  3.460E-02  3.100E-02  2.760E-02  2.440E-02  2.142E-02  1.864E-02  1.609E-02  1.375E-02  1.164E-02  9.743E-03  8.061E-03  6.587E-03  5.313E-03  4.228E-03  3.319E-03  2.572E-03  1.969E-03  1.492E-03  1.122E-03  8.394E-04  6.250E-04  4.618E-04  3.359E-04  2.378E-04  1.627E-04
  311.0000  2.052E-01  1.959E-01  1.867E-01  1.775E-01  1.683E-01  1.593E-01  1.504E-01  1.416E-01  1.329E-01  1.244E-01  1.157E-01  1.076E-01  9.969E-02  9.215E-02  8.466E-02  7.743E-02  7.047E-02  6.379E-02  5.743E-02  5.139E-02  4.567E-02  4.031E-02  3.530E-02  3.066E-02  2.638E-02  2.248E-02  1.896E-02  1.580E-02  1.301E-02  1.057E-02  8.472E-03  6.692E-03  5.210E-03  3.999E-03  3.031E-03  2.273E-03  1.689E-03  1.247E-03  9.123E-04  6.572E-04  4.610E-04  3.126E-04
  312.0000  1.947E-01  1.863E-01  1.780E-01  1.697E-01  1.615E-01  1.533E-01  1.452E-01  1.372E-01  1.293E-01  1.214E-01  1.135E-01  1.060E-01  9.868E-02  9.166E-02  8.466E-02  7.786E-02  7.128E-02  6.495E-02  5.886E-02  5.305E-02  4.752E-02  4.228E-02  3.735E-02  3.274E-02  2.845E-02  2.450E-02  2.088E-02  1.760E-02  1.466E-02  1.205E-02  9.771E-03  7.802E-03  6.132E-03  4.740E-03  3.605E-03  2.699E-03  1.993E-03  1.454E-03  1.048E-03  7.431E-04  5.132E-04  3.426E-04
  313.0000  2.309E-01  2.216E-01  2.122E-01  2.029E-01  1.936E-01  1.844E-01  1.752E-01  1.661E-01  1.571E-01  1.481E-01  1.390E-01  1.304E-01  1.219E-01  1.138E-01  1.056E-01  9.769E-02  8.996E-02  8.247E-02  7.524E-02  6.829E-02  6.163E-02  5.528E-02  4.925E-02  4.356E-02  3.823E-02  3.326E-02  2.866E-02  2.444E-02  2.060E-02  1.715E-02  1.408E-02  1.139E-02  9.057E-03  7.075E-03  5.422E-03  4.075E-03  3.005E-03  2.175E-03  1.547E-03  1.079E-03  7.323E-04  4.802E-04
  314.0000  2.574E-01  2.472E-01  2.371E-01  2.269E-01  2.168E-01  2.067E-01  1.966E-01  1.866E-01  1.767E-01  1.669E-01  1.569E-01  1.475E-01  1.381E-01  1.291E-01  1.201E-01  1.113E-01  1.027E-01  9.440E-02  8.634E-02  7.857E-02  7.111E-02  6.397E-02  5.718E-02  5.075E-02  4.470E-02  3.904E-02  3.378E-02  2.894E-02  2.451E-02  2.051E-02  1.692E-02  1.375E-02  1.099E-02  8.623E-03  6.634E-03  4.997E-03  3.686E-03  2.663E-03  1.885E-03  1.306E-03  8.801E-04  5.729E-04
  315.0000  2.792E-01  2.689E-01  2.585E-01  2.482E-01  2.379E-01  2.276E-01  2.172E-01  2.070E-01  1.968E-01  1.866E-01  1.763E-01  1.664E-01  1.566E-01  1.472E-01  1.377E-01  1.283E-01  1.192E-01  1.103E-01  1.016E-01  9.316E-02  8.501E-02  7.716E-02  6.963E-02  6.243E-02  5.559E-02  4.912E-02  4.305E-02  3.737E-02  3.211E-02  2.728E-02  2.287E-02  1.890E-02  1.536E-02  1.226E-02  9.579E-03  7.310E-03  5.436E-03  3.932E-03  2.764E-03  1.885E-03  1.243E-03  7.903E-04
  316.0000  2.281E-01  2.197E-01  2.114E-01  2.030E-01  1.946E-01  1.862E-01  1.778E-01  1.695E-01  1.612E-01  1.530E-01  1.446E-01  1.365E-01  1.286E-01  1.209E-01  1.131E-01  1.055E-01  9.808E-02  9.080E-02  8.371E-02  7.682E-02  7.016E-02  6.374E-02  5.757E-02  5.167E-02  4.605E-02  4.074E-02  3.574E-02  3.106E-02  2.673E-02  2.273E-02  1.909E-02  1.580E-02  1.286E-02  1.028E-02  8.045E-03  6.148E-03  4.576E-03  3.312E-03  2.327E-03  1.586E-03  1.044E-03  6.621E-04
  317.0000  3.579E-01  3.454E-01  3.329E-01  3.204E-01  3.079E-01  2.953E-01  2.828E-01  2.702E-01  2.578E-01  2.453E-01  2.326E-01  2.204E-01  2.082E-01  1.965E-01  1.847E-01  1.730E-01  1.615E-01  1.502E-01  1.392E-01  1.285E-01  1.180E-01  1.079E-01  9.814E-02  8.873E-02  7.972E-02  7.113E-02  6.298E-02  5.529E-02  4.809E-02  4.138E-02  3.518E-02  2.951E-02  2.437E-02  1.976E-02  1.569E-02  1.216E-02  9.167E-03  6.691E-03  4.713E-03  3.195E-03  2.077E-03  1.293E-03
  318.0000  3.156E-01  3.047E-01  2.937E-01  2.828E-01  2.718E-01  2.608E-01  2.498E-01  2.388E-01  2.278E-01  2.169E-01  2.057E-01  1.950E-01  1.843E-01  1.740E-01  1.636E-01  1.533E-01  1.432E-01  1.333E-01  1.236E-01  1.141E-01  1.049E-01  9.598E-02  8.734E-02  7.903E-02  7.106E-02  6.345E-02  5.623E-02  4.941E-02  4.302E-02  3.706E-02  3.154E-02  2.649E-02  2.190E-02  1.779E-02  1.415E-02  1.098E-02  8.286E-03  6.054E-03  4.266E-03  2.891E-03  1.877E-03  1.167E-03
  319.0000  3.737E-01  3.616E-01  3.494E-01  3.372E-01  3.249E-01  3.126E-01  3.003E-01  2.880E-01  2.756E-01  2.633E-01  2.507E-01  2.385E-01  2.264E-01  2.146E-01  2.027E-01  1.909E-01  1.793E-01  1.678E-01  1.565E-01  1.454E-01  1.346E-01  1.241E-01  1.138E-01  1.039E-01  9.428E-02  8.504E-02  7.619E-02  6.776E-02  5.975E-02  5.221E-02  4.513E-02  3.854E-02  3.245E-02  2.688E-02  2.183E-02  1.732E-02  1.335E-02  9.952E-03  7.121E-03  4.859E-03  3.141E-03  1.922E-03
  320.0000  4.120E-01  3.984E-01  3.846E-01  3.708E-01  3.570E-01  3.431E-01  3.292E-01  3.153E-01  3.014E-01  2.876E-01  2.734E-01  2.598E-01  2.462E-01  2.330E-01  2.197E-01  2.065E-01  1.935E-01  1.807E-01  1.681E-01  1.559E-01  1.439E-01  1.322E-01  1.209E-01  1.099E-01  9.939E-02  8.928E-02  7.963E-02  7.047E-02  6.181E-02  5.368E-02  4.610E-02  3.909E-02  3.266E-02  2.682E-02  2.159E-02  1.696E-02  1.295E-02  9.557E-03  6.784E-03  4.606E-03  2.977E-03  1.832E-03
  321.0000  4.497E-01  4.357E-01  4.217E-01  4.076E-01  3.935E-01  3.792E-01  3.650E-01  3.507E-01  3.364E-01  3.221E-01  3.074E-01  2.932E-01  2.790E-01  2.652E-01  2.512E-01  2.374E-01  2.236E-01  2.101E-01  1.967E-01  1.836E-01  1.707E-01  1.581E-01  1.457E-01  1.337E-01  1.221E-01  1.108E-01  1.000E-01  8.963E-02  7.971E-02  7.028E-02  6.137E-02  5.299E-02  4.517E-02  3.793E-02  3.126E-02  2.521E-02  1.978E-02  1.500E-02  1.092E-02  7.550E-03  4.915E-03  3.002E-03
  322.0000  4.469E-01  4.329E-01  4.189E-01  4.047E-01  3.905E-01  3.762E-01  3.619E-01  3.476E-01  3.332E-01  3.189E-01  3.042E-01  2.900E-01  2.758E-01  2.620E-01  2.480E-01  2.341E-01  2.204E-01  2.069E-01  1.935E-01  1.804E-01  1.675E-01  1.549E-01  1.427E-01  1.307E-01  1.192E-01  1.080E-01  9.725E-02  8.696E-02  7.716E-02  6.786E-02  5.908E-02  5.086E-02  4.321E-02  3.613E-02  2.966E-02  2.380E-02  1.858E-02  1.402E-02  1.015E-02  6.990E-03  4.538E-03  2.772E-03
  323.0000  3.939E-01  3.818E-01  3.695E-01  3.571E-01  3.447E-01  3.322E-01  3.197E-01  3.072E-01  2.946E-01  2.821E-01  2.692E-01  2.568E-01  2.443E-01  2.323E-01  2.200E-01  2.078E-01  1.958E-01  1.839E-01  1.721E-01  1.606E-01  1.493E-01  1.382E-01  1.274E-01  1.168E-01  1.066E-01  9.675E-02  8.725E-02  7.813E-02  6.943E-02  6.117E-02  5.336E-02  4.603E-02  3.919E-02  3.286E-02  2.705E-02  2.178E-02  1.706E-02  1.291E-02  9.379E-03  6.473E-03  4.207E-03  2.567E-03
  324.0000  4.781E-01  4.641E-01  4.500E-01  4.358E-01  4.215E-01  4.071E-01  3.927E-01  3.782E-01  3.637E-01  3.491E-01  3.342E-01  3.197E-01  3.052E-01  2.911E-01  2.767E-01  2.624E-01  2.482E-01  2.342E-01  2.203E-01  2.065E-01  1.930E-01  1.798E-01  1.668E-01  1.540E-01  1.416E-01  1.296E-01  1.179E-01  1.066E-01  9.578E-02  8.540E-02  7.549E-02  6.609E-02  5.720E-02  4.885E-02  4.106E-02  3.383E-02  2.719E-02  2.119E-02  1.586E-02  1.128E-02  7.520E-03  4.664E-03
  325.0000  4.944E-01  4.795E-01  4.644E-01  4.493E-01  4.341E-01  4.188E-01  4.034E-01  3.880E-01  3.726E-01  3.572E-01  3.414E-01  3.260E-01  3.107E-01  2.958E-01  2.806E-01  2.655E-01  2.506E-01  2.358E-01  2.212E-01  2.068E-01  1.927E-01  1.789E-01  1.653E-01  1.521E-01  1.392E-01  1.268E-01  1.147E-01  1.032E-01  9.210E-02  8.153E-02  7.152E-02  6.206E-02  5.320E-02  4.494E-02  3.730E-02  3.031E-02  2.399E-02  1.836E-02  1.349E-02  9.410E-03  6.164E-03  3.775E-03
  326.0000  6.675E-01  6.480E-01  6.283E-01  6.085E-01  5.885E-01  5.685E-01  5.483E-01  5.281E-01  5.078E-01  4.875E-01  4.666E-01  4.463E-01  4.261E-01  4.064E-01  3.863E-01  3.663E-01  3.465E-01  3.268E-01  3.074E-01  2.882E-01  2.693E-01  2.508E-01  2.326E-01  2.148E-01  1.974E-01  1.806E-01  1.642E-01  1.484E-01  1.333E-01  1.188E-01  1.049E-01  9.176E-02  7.936E-02  6.771E-02  5.685E-02  4.678E-02  3.756E-02  2.922E-02  2.183E-02  1.550E-02  1.031E-02  6.380E-03
  327.0000  6.593E-01  6.405E-01  6.215E-01  6.024E-01  5.831E-01  5.637E-01  5.442E-01  5.246E-01  5.049E-01  4.852E-01  4.650E-01  4.453E-01  4.257E-01  4.065E-01  3.869E-01  3.675E-01  3.481E-01  3.290E-01  3.100E-01  2.912E-01  2.727E-01  2.545E-01  2.366E-01  2.191E-01  2.020E-01  1.853E-01  1.691E-01  1.535E-01  1.384E-01  1.239E-01  1.100E-01  9.677E-02  8.424E-02  7.241E-02  6.130E-02  5.094E-02  4.136E-02  3.258E-02  2.470E-02  1.781E-02  1.203E-02  7.547E-03
  328.0000  6.188E-01  6.007E-01  5.825E-01  5.641E-01  5.455E-01  5.269E-01  5.082E-01  4.894E-01  4.706E-01  4.517E-01  4.324E-01  4.135E-01  3.947E-01  3.764E-01  3.577E-01  3.392E-01  3.208E-01  3.025E-01  2.845E-01  2.666E-01  2.491E-01  2.318E-01  2.149E-01  1.984E-01  1.823E-01  1.666E-01  1.514E-01  1.368E-01  1.227E-01  1.092E-01  9.640E-02  8.422E-02  7.274E-02  6.197E-02  5.194E-02  4.267E-02  3.418E-02  2.653E-02  1.977E-02  1.399E-02  9.282E-03  5.730E-03
  329.0000  6.673E-01  6.485E-01  6.296E-01  6.105E-01  5.912E-01  5.718E-01  5.524E-01  5.328E-01  5.132E-01  4.935E-01  4.733E-01  4.535E-01  4.338E-01  4.146E-01  3.950E-01  3.755E-01  3.561E-01  3.368E-01  3.177E-01  2.988E-01  2.802E-01  2.618E-01  2.438E-01  2.261E-01  2.088E-01  1.919E-01  1.754E-01  1.595E-01  1.442E-01  1.294E-01  1.152E-01  1.017E-01  8.881E-02  7.665E-02  6.520E-02  5.447E-02  4.449E-02  3.531E-02  2.698E-02  1.962E-02  1.338E-02  8.463E-03
  330.0000  7.736E-01  7.519E-01  7.301E-01  7.080E-01  6.858E-01  6.635E-01  6.410E-01  6.184E-01  5.958E-01  5.731E-01  5.497E-01  5.270E-01  5.042E-01  4.820E-01  4.594E-01  4.368E-01  4.144E-01  3.921E-01  3.700E-01  3.482E-01  3.266E-01  3.053E-01  2.844E-01  2.639E-01  2.438E-01  2.242E-01  2.052E-01  1.867E-01  1.688E-01  1.516E-01  1.351E-01  1.194E-01  1.044E-01  9.026E-02  7.690E-02  6.437E-02  5.270E-02  4.194E-02  3.215E-02  2.347E-02  1.607E-02  1.020E-02
  331.0000  6.486E-01  6.302E-01  6.115E-01  5.928E-01  5.739E-01  5.548E-01  5.357E-01  5.165E-01  4.972E-01  4.779E-01  4.581E-01  4.387E-01  4.194E-01  4.005E-01  3.813E-01  3.622E-01  3.431E-01  3.243E-01  3.056E-01  2.871E-01  2.688E-01  2.509E-01  2.332E-01  2.159E-01  1.990E-01  1.826E-01  1.666E-01  1.511E-01  1.362E-01  1.218E-01  1.081E-01  9.506E-02  8.269E-02  7.102E-02  6.007E-02  4.987E-02  4.044E-02  3.182E-02  2.408E-02  1.732E-02  1.167E-02  7.300E-03
  332.0000  6.602E-01  6.418E-01  6.233E-01  6.047E-01  5.859E-01  5.669E-01  5.479E-01  5.287E-01  5.095E-01  4.902E-01  4.705E-01  4.511E-01  4.318E-01  4.130E-01  3.937E-01  3.745E-01  3.554E-01  3.365E-01  3.177E-01  2.991E-01  2.807E-01  2.626E-01  2.447E-01  2.272E-01  2.101E-01  1.933E-01  1.770E-01  1.612E-01  1.459E-01  1.312E-01  1.171E-01  1.035E-01  9.069E-02  7.850E-02  6.700E-02  5.621E-02  4.614E-02  3.682E-02  2.832E-02  2.075E-02  1.426E-02  9.088E-03
  333.0000  7.000E-01  6.807E-01  6.613E-01  6.417E-01  6.219E-01  6.020E-01  5.820E-01  5.618E-01  5.416E-01  5.213E-01  5.005E-01  4.802E-01  4.598E-01  4.400E-01  4.197E-01  3.994E-01  3.793E-01  3.593E-01  3.395E-01  3.198E-01  3.004E-01  2.812E-01  2.623E-01  2.438E-01  2.256E-01  2.079E-01  1.906E-01  1.738E-01  1.575E-01  1.419E-01  1.268E-01  1.124E-01  9.868E-02  8.565E-02  7.333E-02  6.174E-02  5.089E-02  4.082E-02  3.159E-02  2.330E-02  1.613E-02  1.036E-02
  334.0000  6.217E-01  6.043E-01  5.869E-01  5.692E-01  5.514E-01  5.335E-01  5.155E-01  4.974E-01  4.792E-01  4.610E-01  4.423E-01  4.240E-01  4.058E-01  3.879E-01  3.697E-01  3.516E-01  3.335E-01  3.156E-01  2.979E-01  2.803E-01  2.629E-01  2.458E-01  2.289E-01  2.124E-01  1.962E-01  1.803E-01  1.650E-01  1.500E-01  1.356E-01  1.217E-01  1.084E-01  9.573E-02  8.366E-02  7.224E-02  6.148E-02  5.140E-02  4.203E-02  3.339E-02  2.555E-02  1.861E-02  1.270E-02  8.036E-03
  335.0000  7.093E-01  6.899E-01  6.703E-01  6.506E-01  6.307E-01  6.106E-01  5.904E-01  5.701E-01  5.497E-01  5.293E-01  5.083E-01  4.878E-01  4.672E-01  4.471E-01  4.267E-01  4.062E-01  3.859E-01  3.657E-01  3.456E-01  3.257E-01  3.060E-01  2.866E-01  2.675E-01  2.487E-01  2.303E-01  2.123E-01  1.947E-01  1.777E-01  1.612E-01  1.452E-01  1.299E-01  1.152E-01  1.013E-01  8.798E-02  7.543E-02  6.360E-02  5.252E-02  4.222E-02  3.276E-02  2.424E-02  1.683E-02  1.084E-02
  336.0000  6.029E-01  5.865E-01  5.699E-01  5.532E-01  5.364E-01  5.194E-01  5.023E-01  4.851E-01  4.679E-01  4.506E-01  4.328E-01  4.154E-01  3.980E-01  3.810E-01  3.637E-01  3.464E-01  3.291E-01  3.120E-01  2.950E-01  2.781E-01  2.614E-01  2.449E-01  2.287E-01  2.127E-01  1.971E-01  1.818E-01  1.668E-01  1.523E-01  1.383E-01  1.247E-01  1.116E-01  9.914E-02  8.721E-02  7.587E-02  6.515E-02  5.503E-02  4.554E-02  3.670E-02  2.856E-02  2.121E-02  1.479E-02  9.566E-03
  337.0000  5.728E-01  5.571E-01  5.412E-01  5.252E-01  5.090E-01  4.928E-01  4.764E-01  4.600E-01  4.434E-01  4.269E-01  4.098E-01  3.932E-01  3.766E-01  3.603E-01  3.437E-01  3.271E-01  3.106E-01  2.942E-01  2.780E-01  2.618E-01  2.459E-01  2.302E-01  2.147E-01  1.995E-01  1.845E-01  1.700E-01  1.557E-01  1.419E-01  1.286E-01  1.157E-01  1.033E-01  9.149E-02  8.022E-02  6.954E-02  5.945E-02  4.997E-02  4.112E-02  3.291E-02  2.540E-02  1.868E-02  1.288E-02  8.236E-03
  338.0000  6.419E-01  6.244E-01  6.067E-01  5.889E-01  5.709E-01  5.528E-01  5.345E-01  5.162E-01  4.978E-01  4.793E-01  4.603E-01  4.418E-01  4.232E-01  4.050E-01  3.865E-01  3.680E-01  3.496E-01  3.313E-01  3.131E-01  2.951E-01  2.773E-01  2.597E-01  2.423E-01  2.253E-01  2.086E-01  1.922E-01  1.763E-01  1.608E-01  1.458E-01  1.313E-01  1.174E-01  1.041E-01  9.143E-02  7.939E-02  6.801E-02  5.730E-02  4.727E-02  3.796E-02  2.941E-02  2.173E-02  1.506E-02  9.673E-03
  339.0000  6.808E-01  6.625E-01  6.439E-01  6.251E-01  6.062E-01  5.872E-01  5.680E-01  5.488E-01  5.294E-01  5.099E-01  4.900E-01  4.704E-01  4.509E-01  4.317E-01  4.122E-01  3.927E-01  3.733E-01  3.540E-01  3.348E-01  3.158E-01  2.969E-01  2.783E-01  2.600E-01  2.419E-01  2.242E-01  2.069E-01  1.900E-01  1.736E-01  1.576E-01  1.422E-01  1.274E-01  1.132E-01  9.965E-02  8.677E-02  7.457E-02  6.307E-02  5.228E-02  4.221E-02  3.292E-02  2.450E-02  1.713E-02  1.111E-02
  340.0000  7.667E-01  7.460E-01  7.250E-01  7.039E-01  6.825E-01  6.610E-01  6.394E-01  6.176E-01  5.957E-01  5.738E-01  5.512E-01  5.292E-01  5.071E-01  4.855E-01  4.634E-01  4.414E-01  4.195E-01  3.977E-01  3.760E-01  3.546E-01  3.333E-01  3.123E-01  2.916E-01  2.713E-01  2.513E-01  2.317E-01  2.127E-01  1.941E-01  1.761E-01  1.588E-01  1.421E-01  1.261E-01  1.109E-01  9.642E-02  8.273E-02  6.983E-02  5.775E-02  4.650E-02  3.614E-02  2.680E-02  1.865E-02  1.203E-02
  341.0000  6.738E-01  6.557E-01  6.373E-01  6.188E-01  6.001E-01  5.813E-01  5.624E-01  5.433E-01  5.241E-01  5.049E-01  4.852E-01  4.658E-01  4.465E-01  4.275E-01  4.082E-01  3.889E-01  3.697E-01  3.506E-01  3.316E-01  3.127E-01  2.941E-01  2.756E-01  2.575E-01  2.396E-01  2.220E-01  2.048E-01  1.881E-01  1.718E-01  1.559E-01  1.407E-01  1.260E-01  1.119E-01  9.845E-02  8.568E-02  7.360E-02  6.221E-02  5.153E-02  4.157E-02  3.239E-02  2.408E-02  1.681E-02  1.088E-02
  342.0000  6.878E-01  6.694E-01  6.507E-01  6.319E-01  6.130E-01  5.938E-01  5.746E-01  5.552E-01  5.357E-01  5.162E-01  4.961E-01  4.765E-01  4.568E-01  4.375E-01  4.178E-01  3.982E-01  3.786E-01  3.592E-01  3.398E-01  3.206E-01  3.016E-01  2.828E-01  2.643E-01  2.460E-01  2.281E-01  2.106E-01  1.934E-01  1.768E-01  1.606E-01  1.450E-01  1.299E-01  1.155E-01  1.017E-01  8.866E-02  7.627E-02  6.458E-02  5.360E-02  4.335E-02  3.388E-02  2.527E-02  1.771E-02  1.151E-02
  343.0000  7.230E-01  7.036E-01  6.840E-01  6.643E-01  6.443E-01  6.242E-01  6.040E-01  5.837E-01  5.632E-01  5.427E-01  5.216E-01  5.009E-01  4.803E-01  4.600E-01  4.393E-01  4.187E-01  3.981E-01  3.777E-01  3.573E-01  3.372E-01  3.172E-01  2.974E-01  2.779E-01  2.587E-01  2.399E-01  2.214E-01  2.034E-01  1.859E-01  1.688E-01  1.524E-01  1.366E-01  1.214E-01  1.069E-01  9.314E-02  8.011E-02  6.781E-02  5.627E-02  4.550E-02  3.554E-02  2.650E-02  1.856E-02  1.205E-02
  344.0000  5.865E-01  5.708E-01  5.548E-01  5.388E-01  5.226E-01  5.062E-01  4.898E-01  4.732E-01  4.565E-01  4.398E-01  4.227E-01  4.059E-01  3.891E-01  3.726E-01  3.558E-01  3.390E-01  3.222E-01  3.056E-01  2.890E-01  2.726E-01  2.564E-01  2.403E-01  2.244E-01  2.088E-01  1.935E-01  1.785E-01  1.639E-01  1.496E-01  1.358E-01  1.225E-01  1.096E-01  9.733E-02  8.559E-02  7.445E-02  6.391E-02  5.398E-02  4.468E-02  3.601E-02  2.803E-02  2.081E-02  1.450E-02  9.357E-03
  345.0000  6.552E-01  6.377E-01  6.200E-01  6.022E-01  5.842E-01  5.660E-01  5.477E-01  5.293E-01  5.108E-01  4.922E-01  4.731E-01  4.544E-01  4.357E-01  4.174E-01  3.987E-01  3.800E-01  3.613E-01  3.428E-01  3.244E-01  3.061E-01  2.879E-01  2.700E-01  2.523E-01  2.349E-01  2.178E-01  2.011E-01  1.847E-01  1.688E-01  1.533E-01  1.384E-01  1.240E-01  1.102E-01  9.703E-02  8.453E-02  7.269E-02  6.152E-02  5.105E-02  4.127E-02  3.224E-02  2.403E-02  1.682E-02  1.091E-02
  346.0000  6.673E-01  6.494E-01  6.314E-01  6.132E-01  5.948E-01  5.763E-01  5.577E-01  5.389E-01  5.200E-01  5.011E-01  4.816E-01  4.626E-01  4.435E-01  4.248E-01  4.057E-01  3.866E-01  3.676E-01  3.487E-01  3.299E-01  3.112E-01  2.928E-01  2.745E-01  2.564E-01  2.387E-01  2.212E-01  2.041E-01  1.875E-01  1.712E-01  1.555E-01  1.402E-01  1.256E-01  1.115E-01  9.812E-02  8.539E-02  7.335E-02  6.201E-02  5.137E-02  4.146E-02  3.232E-02  2.403E-02  1.677E-02  1.084E-02
  347.0000  7.179E-01  6.988E-01  6.794E-01  6.599E-01  6.401E-01  6.203E-01  6.002E-01  5.801E-01  5.598E-01  5.395E-01  5.186E-01  4.981E-01  4.776E-01  4.575E-01  4.370E-01  4.165E-01  3.961E-01  3.758E-01  3.556E-01  3.355E-01  3.156E-01  2.960E-01  2.766E-01  2.575E-01  2.387E-01  2.203E-01  2.023E-01  1.848E-01  1.678E-01  1.514E-01  1.356E-01  1.205E-01  1.061E-01  9.233E-02  7.934E-02  6.711E-02  5.563E-02  4.493E-02  3.506E-02  2.610E-02  1.823E-02  1.180E-02
  348.0000  6.255E-01  6.088E-01  5.920E-01  5.750E-01  5.579E-01  5.406E-01  5.232E-01  5.057E-01  4.881E-01  4.704E-01  4.522E-01  4.344E-01  4.165E-01  3.991E-01  3.812E-01  3.634E-01  3.456E-01  3.279E-01  3.103E-01  2.929E-01  2.755E-01  2.584E-01  2.415E-01  2.249E-01  2.085E-01  1.925E-01  1.768E-01  1.615E-01  1.467E-01  1.324E-01  1.186E-01  1.054E-01  9.279E-02  8.081E-02  6.947E-02  5.878E-02  4.876E-02  3.941E-02  3.077E-02  2.293E-02  1.604E-02  1.039E-02
  349.0000  6.421E-01  6.250E-01  6.078E-01  5.904E-01  5.728E-01  5.551E-01  5.372E-01  5.193E-01  5.012E-01  4.831E-01  4.645E-01  4.462E-01  4.279E-01  4.100E-01  3.917E-01  3.734E-01  3.552E-01  3.370E-01  3.190E-01  3.011E-01  2.833E-01  2.657E-01  2.484E-01  2.313E-01  2.145E-01  1.980E-01  1.819E-01  1.662E-01  1.510E-01  1.363E-01  1.221E-01  1.085E-01  9.554E-02  8.322E-02  7.156E-02  6.057E-02  5.026E-02  4.064E-02  3.175E-02  2.368E-02  1.657E-02  1.074E-02
  350.0000  7.419E-01  7.222E-01  7.023E-01  6.822E-01  6.619E-01  6.414E-01  6.208E-01  6.001E-01  5.793E-01  5.583E-01  5.368E-01  5.157E-01  4.946E-01  4.739E-01  4.527E-01  4.316E-01  4.106E-01  3.896E-01  3.687E-01  3.480E-01  3.275E-01  3.072E-01  2.871E-01  2.673E-01  2.479E-01  2.288E-01  2.102E-01  1.921E-01  1.745E-01  1.575E-01  1.411E-01  1.253E-01  1.103E-01  9.609E-02  8.260E-02  6.990E-02  5.799E-02  4.687E-02  3.661E-02  2.728E-02  1.908E-02  1.236E-02
------------------------------------------------------------
