Spectral Irradiance, W m-2 nm-1
values at z =      3.216 km
Columns: wavelength (nm), solar zenith angles (deg.)
    wc, nm     49.000     50.000     51.000     52.000     53.000     54.000     55.000     56.000     57.000     58.000     59.000     60.000     61.000     62.000     63.000     64.000     65.000     66.000     67.000     68.000     69.000     70.000     71.000     72.000     73.000     74.000     75.000     76.000     77.000     78.000     79.000     80.000     81.000     82.000     83.000     84.000     85.000     86.000     87.000     88.000     89.000     90.000
  280.0000  0.000E+00  0.000E+00  0.000E+00  0.000E+00  0.000E+00  0.000E+00  0.000E+00  0.000E+00  0.000E+00  0.000E+00  0.000E+00  0.000E+00  0.000E+00  0.000E+00  0.000E+00  0.000E+00  0.000E+00  0.000E+00  0.000E+00  0.000E+00  0.000E+00  0.000E+00  0.000E+00  0.000E+00  0.000E+00  0.000E+00  0.000E+00  0.000E+00  0.000E+00  0.000E+00  0.000E+00  0.000E+00  0.000E+00  0.000E+00  0.000E+00  0.000E+00  0.000E+00  0.000E+00  0.000E+00  0.000E+00  0.000E+00  0.000E+00
  281.0000  0.000E+00  0.000E+00  0.000E+00  0.000E+00  0.000E+00  0.000E+00  0.000E+00  0.000E+00  0.000E+00  0.000E+00  0.000E+00  0.000E+00  0.000E+00  0.000E+00  0.000E+00  0.000E+00  0.000E+00  0.000E+00  0.000E+00  0.000E+00  0.000E+00  0.000E+00  0.000E+00  0.000E+00  0.000E+00  0.000E+00  0.000E+00  0.000E+00  0.000E+00  0.000E+00  0.000E+00  0.000E+00  0.000E+00  0.000E+00  0.000E+00  0.000E+00  0.000E+00  0.000E+00  0.000E+00  0.000E+00  0.000E+00  0.000E+00
  282.0000  0.000E+00  0.000E+00  0.000E+00  0.000E+00  0.000E+00  0.000E+00  0.000E+00  0.000E+00  0.000E+00  0.000E+00  0.000E+00  0.000E+00  0.000E+00  0.000E+00  0.000E+00  0.000E+00  0.000E+00  0.000E+00  0.000E+00  0.000E+00  0.000E+00  0.000E+00  0.000E+00  0.000E+00  0.000E+00  0.000E+00  0.000E+00  0.000E+00  0.000E+00  0.000E+00  0.000E+00  0.000E+00  0.000E+00  0.000E+00  0.000E+00  0.000E+00  0.000E+00  0.000E+00  0.000E+00  0.000E+00  0.000E+00  0.000E+00
  283.0000  0.000E+00  0.000E+00  0.000E+00  0.000E+00  0.000E+00  0.000E+00  0.000E+00  0.000E+00  0.000E+00  0.000E+00  0.000E+00  0.000E+00  0.000E+00  0.000E+00  0.000E+00  0.000E+00  0.000E+00  0.000E+00  0.000E+00  0.000E+00  0.000E+00  0.000E+00  0.000E+00  0.000E+00  0.000E+00  0.000E+00  0.000E+00  0.000E+00  0.000E+00  0.000E+00  0.000E+00  0.000E+00  0.000E+00  0.000E+00  0.000E+00  0.000E+00  0.000E+00  0.000E+00  0.000E+00  0.000E+00  0.000E+00  0.000E+00
  284.0000  0.000E+00  0.000E+00  0.000E+00  0.000E+00  0.000E+00  0.000E+00  0.000E+00  0.000E+00  0.000E+00  0.000E+00  0.000E+00  0.000E+00  0.000E+00  0.000E+00  0.000E+00  0.000E+00  0.000E+00  0.000E+00  0.000E+00  0.000E+00  0.000E+00  0.000E+00  0.000E+00  0.000E+00  0.000E+00  0.000E+00  0.000E+00  0.000E+00  0.000E+00  0.000E+00  0.000E+00  0.000E+00  0.000E+00  0.000E+00  0.000E+00  0.000E+00  0.000E+00  0.000E+00  0.000E+00  0.000E+00  0.000E+00  0.000E+00
  285.0000  0.000E+00  0.000E+00  0.000E+00  0.000E+00  0.000E+00  0.000E+00  0.000E+00  0.000E+00  0.000E+00  0.000E+00  0.000E+00  0.000E+00  0.000E+00  0.000E+00  0.000E+00  0.000E+00  0.000E+00  0.000E+00  0.000E+00  0.000E+00  0.000E+00  0.000E+00  0.000E+00  0.000E+00  0.000E+00  0.000E+00  0.000E+00  0.000E+00  0.000E+00  0.000E+00  0.000E+00  0.000E+00  0.000E+00  0.000E+00  0.000E+00  0.000E+00  0.000E+00  0.000E+00  0.000E+00  0.000E+00  0.000E+00  0.000E+00
  286.0000  0.000E+00  0.000E+00  0.000E+00  0.000E+00  0.000E+00  0.000E+00  0.000E+00  0.000E+00  0.000E+00  0.000E+00  0.000E+00  0.000E+00  0.000E+00  0.000E+00  0.000E+00  0.000E+00  0.000E+00  0.000E+00  0.000E+00  0.000E+00  0.000E+00  0.000E+00  0.000E+00  0.000E+00  0.000E+00  0.000E+00  0.000E+00  0.000E+00  0.000E+00  0.000E+00  0.000E+00  0.000E+00  0.000E+00  0.000E+00  0.000E+00  0.000E+00  0.000E+00  0.000E+00  0.000E+00  0.000E+00  0.000E+00  0.000E+00
  287.0000  0.000E+00  0.000E+00  0.000E+00  0.000E+00  0.000E+00  0.000E+00  0.000E+00  0.000E+00  0.000E+00  0.000E+00  0.000E+00  0.000E+00  0.000E+00  0.000E+00  0.000E+00  0.000E+00  0.000E+00  0.000E+00  0.000E+00  0.000E+00  0.000E+00  0.000E+00  0.000E+00  0.000E+00  0.000E+00  0.000E+00  0.000E+00  0.000E+00  0.000E+00  0.000E+00  0.000E+00  0.000E+00  0.000E+00  0.000E+00  0.000E+00  0.000E+00  0.000E+00  0.000E+00  0.000E+00  0.000E+00  0.000E+00  0.000E+00
  288.0000  9.065E-08  6.636E-08  4.781E-08  3.384E-08  2.352E-08  1.603E-08  1.070E-08  6.994E-09  4.467E-09  2.787E-09  1.670E-09  9.881E-10  5.841E-10  3.362E-10  1.911E-10  1.088E-10  6.347E-11  3.883E-11  2.545E-11  1.802E-11  1.370E-11  1.100E-11  9.166E-12  7.831E-12  6.801E-12  5.975E-12  5.292E-12  4.717E-12  4.224E-12  3.796E-12  3.417E-12  3.080E-12  2.775E-12  2.495E-12  2.236E-12  1.993E-12  1.763E-12  1.541E-12  1.325E-12  1.112E-12  9.006E-13  6.952E-13
  289.0000  6.283E-07  4.739E-07  3.524E-07  2.580E-07  1.858E-07  1.315E-07  9.132E-08  6.222E-08  4.153E-08  2.714E-08  1.734E-08  1.065E-08  6.615E-09  4.007E-09  2.391E-09  1.419E-09  8.518E-10  5.268E-10  3.424E-10  2.372E-10  1.756E-10  1.377E-10  1.127E-10  9.512E-11  8.188E-11  7.144E-11  6.294E-11  5.583E-11  4.977E-11  4.454E-11  3.995E-11  3.588E-11  3.222E-11  2.889E-11  2.582E-11  2.296E-11  2.026E-11  1.767E-11  1.516E-11  1.270E-11  1.028E-11  7.929E-12
  290.0000  3.663E-06  2.842E-06  2.177E-06  1.645E-06  1.224E-06  8.971E-07  6.466E-07  4.581E-07  3.186E-07  2.175E-07  1.434E-07  9.387E-08  6.106E-08  3.882E-08  2.427E-08  1.503E-08  9.323E-09  5.876E-09  3.824E-09  2.611E-09  1.886E-09  1.441E-09  1.154E-09  9.577E-10  8.147E-10  7.047E-10  6.166E-10  5.438E-10  4.824E-10  4.297E-10  3.838E-10  3.433E-10  3.071E-10  2.744E-10  2.445E-10  2.168E-10  1.907E-10  1.660E-10  1.421E-10  1.188E-10  9.595E-11  7.397E-11
  291.0000  1.225E-05  9.722E-06  7.628E-06  5.910E-06  4.519E-06  3.406E-06  2.530E-06  1.849E-06  1.330E-06  9.398E-07  6.498E-07  4.380E-07  2.959E-07  1.957E-07  1.272E-07  8.168E-08  5.225E-08  3.364E-08  2.209E-08  1.500E-08  1.066E-08  7.964E-09  6.242E-09  5.089E-09  4.271E-09  3.658E-09  3.177E-09  2.785E-09  2.458E-09  2.179E-09  1.938E-09  1.727E-09  1.539E-09  1.370E-09  1.217E-09  1.076E-09  9.438E-10  8.191E-10  6.997E-10  5.839E-10  4.707E-10  3.625E-10
  292.0000  4.600E-05  3.758E-05  3.038E-05  2.430E-05  1.921E-05  1.500E-05  1.157E-05  8.795E-06  6.592E-06  4.866E-06  3.565E-06  2.496E-06  1.769E-06  1.230E-06  8.406E-07  5.664E-07  3.784E-07  2.522E-07  1.692E-07  1.155E-07  8.113E-08  5.920E-08  4.506E-08  3.571E-08  2.928E-08  2.463E-08  2.110E-08  1.831E-08  1.602E-08  1.410E-08  1.246E-08  1.103E-08  9.773E-09  8.654E-09  7.646E-09  6.727E-09  5.877E-09  5.080E-09  4.323E-09  3.596E-09  2.891E-09  2.222E-09
  293.0000  1.084E-04  9.014E-05  7.424E-05  6.054E-05  4.886E-05  3.899E-05  3.075E-05  2.395E-05  1.842E-05  1.396E-05  1.037E-05  7.594E-06  5.540E-06  3.973E-06  2.802E-06  1.947E-06  1.339E-06  9.151E-07  6.255E-07  4.312E-07  3.028E-07  2.188E-07  1.638E-07  1.273E-07  1.024E-07  8.486E-08  7.186E-08  6.179E-08  5.369E-08  4.697E-08  4.128E-08  3.638E-08  3.209E-08  2.830E-08  2.491E-08  2.183E-08  1.901E-08  1.638E-08  1.390E-08  1.153E-08  9.247E-09  7.095E-09
  294.0000  3.107E-04  2.639E-04  2.223E-04  1.856E-04  1.536E-04  1.258E-04  1.021E-04  8.186E-05  6.491E-05  5.084E-05  3.961E-05  2.971E-05  2.247E-05  1.674E-05  1.228E-05  8.872E-06  6.335E-06  4.482E-06  3.153E-06  2.219E-06  1.572E-06  1.132E-06  8.347E-07  6.342E-07  4.977E-07  4.027E-07  3.342E-07  2.829E-07  2.429E-07  2.105E-07  1.835E-07  1.605E-07  1.407E-07  1.233E-07  1.078E-07  9.397E-08  8.138E-08  6.978E-08  5.894E-08  4.869E-08  3.891E-08  2.977E-08
  295.0000  6.590E-04  5.681E-04  4.862E-04  4.128E-04  3.476E-04  2.901E-04  2.399E-04  1.964E-04  1.592E-04  1.276E-04  1.005E-04  7.836E-05  6.079E-05  4.652E-05  3.508E-05  2.607E-05  1.914E-05  1.390E-05  1.001E-05  7.181E-06  5.154E-06  3.727E-06  2.736E-06  2.053E-06  1.583E-06  1.256E-06  1.024E-06  8.539E-07  7.242E-07  6.216E-07  5.378E-07  4.674E-07  4.072E-07  3.549E-07  3.088E-07  2.678E-07  2.308E-07  1.971E-07  1.658E-07  1.364E-07  1.087E-07  8.290E-08
  296.0000  1.909E-03  1.674E-03  1.459E-03  1.263E-03  1.085E-03  9.250E-04  7.823E-04  6.559E-04  5.449E-04  4.483E-04  3.620E-04  2.918E-04  2.331E-04  1.841E-04  1.434E-04  1.102E-04  8.364E-05  6.277E-05  4.663E-05  3.436E-05  2.520E-05  1.847E-05  1.361E-05  1.015E-05  7.703E-06  5.981E-06  4.760E-06  3.880E-06  3.227E-06  2.727E-06  2.330E-06  2.005E-06  1.731E-06  1.496E-06  1.292E-06  1.113E-06  9.523E-07  8.076E-07  6.753E-07  5.527E-07  4.380E-07  3.327E-07
  297.0000  2.249E-03  1.996E-03  1.761E-03  1.544E-03  1.345E-03  1.164E-03  9.991E-04  8.512E-04  7.191E-04  6.022E-04  4.998E-04  4.076E-04  3.323E-04  2.681E-04  2.135E-04  1.678E-04  1.304E-04  1.002E-04  7.612E-05  5.729E-05  4.279E-05  3.181E-05  2.364E-05  1.766E-05  1.333E-05  1.023E-05  8.012E-06  6.416E-06  5.248E-06  4.371E-06  3.690E-06  3.144E-06  2.694E-06  2.312E-06  1.984E-06  1.698E-06  1.445E-06  1.218E-06  1.013E-06  8.253E-07  6.511E-07  4.926E-07
  298.0000  6.178E-03  5.554E-03  4.967E-03  4.418E-03  3.907E-03  3.433E-03  2.998E-03  2.599E-03  2.237E-03  1.911E-03  1.616E-03  1.350E-03  1.126E-03  9.297E-04  7.590E-04  6.122E-04  4.885E-04  3.854E-04  3.008E-04  2.323E-04  1.777E-04  1.349E-04  1.018E-04  7.674E-05  5.800E-05  4.420E-05  3.412E-05  2.680E-05  2.146E-05  1.751E-05  1.452E-05  1.219E-05  1.032E-05  8.766E-06  7.454E-06  6.324E-06  5.337E-06  4.465E-06  3.686E-06  2.981E-06  2.337E-06  1.759E-06
  299.0000  8.753E-03  7.939E-03  7.167E-03  6.438E-03  5.752E-03  5.111E-03  4.514E-03  3.962E-03  3.454E-03  2.990E-03  2.556E-03  2.177E-03  1.843E-03  1.547E-03  1.285E-03  1.055E-03  8.578E-04  6.899E-04  5.489E-04  4.320E-04  3.366E-04  2.598E-04  1.990E-04  1.516E-04  1.153E-04  8.789E-05  6.748E-05  5.242E-05  4.136E-05  3.321E-05  2.711E-05  2.244E-05  1.878E-05  1.580E-05  1.333E-05  1.122E-05  9.406E-06  7.815E-06  6.409E-06  5.151E-06  4.016E-06  3.008E-06
  300.0000  1.179E-02  1.080E-02  9.853E-03  8.947E-03  8.086E-03  7.272E-03  6.505E-03  5.786E-03  5.116E-03  4.495E-03  3.920E-03  3.383E-03  2.913E-03  2.490E-03  2.108E-03  1.766E-03  1.466E-03  1.205E-03  9.801E-04  7.888E-04  6.283E-04  4.953E-04  3.868E-04  2.996E-04  2.307E-04  1.770E-04  1.359E-04  1.049E-04  8.168E-05  6.443E-05  5.158E-05  4.190E-05  3.446E-05  2.859E-05  2.382E-05  1.985E-05  1.647E-05  1.356E-05  1.102E-05  8.776E-06  6.787E-06  5.048E-06
  301.0000  2.137E-02  1.972E-02  1.813E-02  1.660E-02  1.513E-02  1.373E-02  1.240E-02  1.115E-02  9.962E-03  8.852E-03  7.779E-03  6.830E-03  5.958E-03  5.165E-03  4.437E-03  3.776E-03  3.185E-03  2.661E-03  2.203E-03  1.804E-03  1.463E-03  1.174E-03  9.325E-04  7.336E-04  5.723E-04  4.436E-04  3.424E-04  2.642E-04  2.046E-04  1.596E-04  1.259E-04  1.006E-04  8.142E-05  6.657E-05  5.479E-05  4.517E-05  3.713E-05  3.028E-05  2.439E-05  1.927E-05  1.478E-05  1.092E-05
  302.0000  2.596E-02  2.411E-02  2.231E-02  2.057E-02  1.890E-02  1.729E-02  1.574E-02  1.427E-02  1.288E-02  1.155E-02  1.028E-02  9.109E-03  8.036E-03  7.052E-03  6.133E-03  5.289E-03  4.525E-03  3.837E-03  3.225E-03  2.684E-03  2.212E-03  1.804E-03  1.456E-03  1.163E-03  9.201E-04  7.216E-04  5.620E-04  4.357E-04  3.372E-04  2.617E-04  2.043E-04  1.610E-04  1.283E-04  1.033E-04  8.385E-05  6.832E-05  5.559E-05  4.492E-05  3.585E-05  2.806E-05  2.134E-05  1.564E-05
  303.0000  5.290E-02  4.945E-02  4.609E-02  4.280E-02  3.962E-02  3.653E-02  3.356E-02  3.069E-02  2.795E-02  2.533E-02  2.278E-02  2.042E-02  1.822E-02  1.619E-02  1.426E-02  1.247E-02  1.083E-02  9.323E-03  7.961E-03  6.737E-03  5.648E-03  4.688E-03  3.851E-03  3.131E-03  2.519E-03  2.006E-03  1.583E-03  1.239E-03  9.637E-04  7.474E-04  5.797E-04  4.514E-04  3.540E-04  2.800E-04  2.233E-04  1.790E-04  1.436E-04  1.146E-04  9.041E-05  6.995E-05  5.260E-05  3.814E-05
  304.0000  6.104E-02  5.729E-02  5.363E-02  5.005E-02  4.654E-02  4.314E-02  3.984E-02  3.665E-02  3.357E-02  3.063E-02  2.770E-02  2.503E-02  2.250E-02  2.016E-02  1.790E-02  1.579E-02  1.383E-02  1.203E-02  1.038E-02  8.875E-03  7.523E-03  6.317E-03  5.252E-03  4.321E-03  3.517E-03  2.833E-03  2.258E-03  1.782E-03  1.395E-03  1.086E-03  8.415E-04  6.522E-04  5.071E-04  3.966E-04  3.124E-04  2.475E-04  1.964E-04  1.553E-04  1.214E-04  9.312E-05  6.942E-05  4.994E-05
  305.0000  8.947E-02  8.443E-02  7.946E-02  7.458E-02  6.979E-02  6.510E-02  6.053E-02  5.609E-02  5.177E-02  4.760E-02  4.342E-02  3.960E-02  3.594E-02  3.251E-02  2.918E-02  2.603E-02  2.307E-02  2.031E-02  1.776E-02  1.540E-02  1.325E-02  1.129E-02  9.536E-03  7.973E-03  6.597E-03  5.399E-03  4.370E-03  3.498E-03  2.771E-03  2.174E-03  1.692E-03  1.310E-03  1.011E-03  7.810E-04  6.052E-04  4.710E-04  3.673E-04  2.858E-04  2.202E-04  1.666E-04  1.225E-04  8.698E-05
  306.0000  8.789E-02  8.322E-02  7.860E-02  7.404E-02  6.956E-02  6.516E-02  6.085E-02  5.664E-02  5.254E-02  4.855E-02  4.444E-02  4.085E-02  3.730E-02  3.395E-02  3.067E-02  2.756E-02  2.462E-02  2.185E-02  1.926E-02  1.685E-02  1.463E-02  1.260E-02  1.075E-02  9.084E-03  7.599E-03  6.288E-03  5.146E-03  4.163E-03  3.329E-03  2.632E-03  2.060E-03  1.599E-03  1.233E-03  9.469E-04  7.271E-04  5.591E-04  4.305E-04  3.309E-04  2.521E-04  1.888E-04  1.374E-04  9.657E-05
  307.0000  1.186E-01  1.127E-01  1.068E-01  1.010E-01  9.530E-02  8.966E-02  8.411E-02  7.867E-02  7.335E-02  6.815E-02  6.286E-02  5.804E-02  5.332E-02  4.886E-02  4.446E-02  4.025E-02  3.624E-02  3.245E-02  2.886E-02  2.550E-02  2.236E-02  1.946E-02  1.679E-02  1.436E-02  1.216E-02  1.019E-02  8.440E-03  6.913E-03  5.594E-03  4.472E-03  3.531E-03  2.756E-03  2.129E-03  1.631E-03  1.243E-03  9.446E-04  7.167E-04  5.423E-04  4.072E-04  3.007E-04  2.160E-04  1.499E-04
  308.0000  1.450E-01  1.383E-01  1.315E-01  1.248E-01  1.182E-01  1.116E-01  1.052E-01  9.881E-02  9.255E-02  8.642E-02  8.018E-02  7.440E-02  6.874E-02  6.337E-02  5.805E-02  5.292E-02  4.801E-02  4.331E-02  3.885E-02  3.463E-02  3.066E-02  2.694E-02  2.349E-02  2.031E-02  1.739E-02  1.475E-02  1.237E-02  1.026E-02  8.409E-03  6.802E-03  5.429E-03  4.275E-03  3.323E-03  2.551E-03  1.938E-03  1.461E-03  1.095E-03  8.161E-04  6.033E-04  4.389E-04  3.108E-04  2.126E-04
  309.0000  1.539E-01  1.470E-01  1.401E-01  1.332E-01  1.264E-01  1.196E-01  1.130E-01  1.064E-01  9.991E-02  9.355E-02  8.707E-02  8.103E-02  7.511E-02  6.948E-02  6.387E-02  5.846E-02  5.324E-02  4.825E-02  4.347E-02  3.894E-02  3.465E-02  3.062E-02  2.686E-02  2.336E-02  2.014E-02  1.719E-02  1.453E-02  1.214E-02  1.002E-02  8.162E-03  6.559E-03  5.197E-03  4.058E-03  3.125E-03  2.375E-03  1.785E-03  1.329E-03  9.825E-04  7.193E-04  5.183E-04  3.636E-04  2.464E-04
  310.0000  1.582E-01  1.515E-01  1.449E-01  1.383E-01  1.317E-01  1.252E-01  1.187E-01  1.123E-01  1.060E-01  9.974E-02  9.337E-02  8.736E-02  8.146E-02  7.582E-02  7.017E-02  6.468E-02  5.936E-02  5.423E-02  4.929E-02  4.455E-02  4.004E-02  3.575E-02  3.170E-02  2.790E-02  2.435E-02  2.107E-02  1.805E-02  1.530E-02  1.282E-02  1.061E-02  8.653E-03  6.954E-03  5.500E-03  4.278E-03  3.270E-03  2.458E-03  1.818E-03  1.326E-03  9.528E-04  6.728E-04  4.624E-04  3.070E-04
  311.0000  2.702E-01  2.593E-01  2.483E-01  2.373E-01  2.264E-01  2.156E-01  2.048E-01  1.941E-01  1.835E-01  1.730E-01  1.623E-01  1.522E-01  1.423E-01  1.328E-01  1.232E-01  1.139E-01  1.049E-01  9.610E-02  8.765E-02  7.952E-02  7.175E-02  6.434E-02  5.731E-02  5.068E-02  4.446E-02  3.867E-02  3.332E-02  2.842E-02  2.396E-02  1.995E-02  1.639E-02  1.326E-02  1.055E-02  8.250E-03  6.332E-03  4.769E-03  3.525E-03  2.561E-03  1.828E-03  1.280E-03  8.715E-04  5.733E-04
  312.0000  2.470E-01  2.374E-01  2.278E-01  2.182E-01  2.086E-01  1.991E-01  1.896E-01  1.802E-01  1.708E-01  1.615E-01  1.520E-01  1.430E-01  1.341E-01  1.256E-01  1.170E-01  1.086E-01  1.005E-01  9.249E-02  8.478E-02  7.733E-02  7.017E-02  6.330E-02  5.675E-02  5.054E-02  4.467E-02  3.916E-02  3.403E-02  2.928E-02  2.492E-02  2.096E-02  1.739E-02  1.422E-02  1.143E-02  9.026E-03  6.985E-03  5.290E-03  3.918E-03  2.837E-03  2.009E-03  1.389E-03  9.325E-04  6.042E-04
  313.0000  2.825E-01  2.720E-01  2.615E-01  2.510E-01  2.405E-01  2.300E-01  2.196E-01  2.092E-01  1.988E-01  1.885E-01  1.781E-01  1.680E-01  1.581E-01  1.486E-01  1.389E-01  1.295E-01  1.202E-01  1.112E-01  1.024E-01  9.392E-02  8.569E-02  7.777E-02  7.016E-02  6.291E-02  5.601E-02  4.949E-02  4.337E-02  3.765E-02  3.235E-02  2.749E-02  2.305E-02  1.906E-02  1.550E-02  1.238E-02  9.682E-03  7.399E-03  5.513E-03  3.998E-03  2.819E-03  1.930E-03  1.278E-03  8.146E-04
  314.0000  3.105E-01  2.992E-01  2.879E-01  2.765E-01  2.652E-01  2.538E-01  2.425E-01  2.313E-01  2.201E-01  2.089E-01  1.975E-01  1.866E-01  1.758E-01  1.654E-01  1.549E-01  1.446E-01  1.345E-01  1.246E-01  1.150E-01  1.057E-01  9.661E-02  8.787E-02  7.947E-02  7.143E-02  6.378E-02  5.652E-02  4.968E-02  4.328E-02  3.733E-02  3.184E-02  2.681E-02  2.226E-02  1.819E-02  1.459E-02  1.146E-02  8.793E-03  6.570E-03  4.771E-03  3.361E-03  2.293E-03  1.510E-03  9.566E-04
  315.0000  3.236E-01  3.124E-01  3.012E-01  2.900E-01  2.788E-01  2.675E-01  2.562E-01  2.450E-01  2.338E-01  2.226E-01  2.112E-01  2.002E-01  1.893E-01  1.788E-01  1.681E-01  1.576E-01  1.473E-01  1.372E-01  1.272E-01  1.176E-01  1.081E-01  9.900E-02  9.016E-02  8.166E-02  7.350E-02  6.571E-02  5.831E-02  5.132E-02  4.475E-02  3.862E-02  3.294E-02  2.773E-02  2.299E-02  1.872E-02  1.494E-02  1.163E-02  8.810E-03  6.461E-03  4.570E-03  3.107E-03  2.022E-03  1.258E-03
  316.0000  2.632E-01  2.542E-01  2.452E-01  2.361E-01  2.270E-01  2.179E-01  2.088E-01  1.997E-01  1.906E-01  1.816E-01  1.723E-01  1.634E-01  1.546E-01  1.461E-01  1.374E-01  1.289E-01  1.205E-01  1.123E-01  1.042E-01  9.632E-02  8.865E-02  8.121E-02  7.401E-02  6.708E-02  6.042E-02  5.406E-02  4.801E-02  4.229E-02  3.692E-02  3.189E-02  2.724E-02  2.296E-02  1.905E-02  1.554E-02  1.242E-02  9.684E-03  7.343E-03  5.391E-03  3.816E-03  2.594E-03  1.686E-03  1.048E-03
  317.0000  4.013E-01  3.881E-01  3.749E-01  3.616E-01  3.482E-01  3.348E-01  3.214E-01  3.080E-01  2.946E-01  2.812E-01  2.676E-01  2.544E-01  2.412E-01  2.285E-01  2.156E-01  2.029E-01  1.903E-01  1.779E-01  1.658E-01  1.539E-01  1.422E-01  1.309E-01  1.199E-01  1.093E-01  9.901E-02  8.915E-02  7.972E-02  7.075E-02  6.226E-02  5.427E-02  4.679E-02  3.985E-02  3.346E-02  2.762E-02  2.236E-02  1.767E-02  1.358E-02  1.009E-02  7.209E-03  4.919E-03  3.188E-03  1.961E-03
  318.0000  3.527E-01  3.412E-01  3.296E-01  3.180E-01  3.063E-01  2.946E-01  2.829E-01  2.711E-01  2.594E-01  2.477E-01  2.357E-01  2.242E-01  2.127E-01  2.015E-01  1.902E-01  1.790E-01  1.680E-01  1.571E-01  1.464E-01  1.360E-01  1.258E-01  1.158E-01  1.061E-01  9.677E-02  8.773E-02  7.904E-02  7.073E-02  6.282E-02  5.532E-02  4.826E-02  4.165E-02  3.550E-02  2.984E-02  2.466E-02  1.998E-02  1.582E-02  1.217E-02  9.056E-03  6.474E-03  4.420E-03  2.864E-03  1.760E-03
  319.0000  4.039E-01  3.914E-01  3.787E-01  3.660E-01  3.533E-01  3.404E-01  3.276E-01  3.147E-01  3.018E-01  2.889E-01  2.757E-01  2.629E-01  2.501E-01  2.378E-01  2.252E-01  2.127E-01  2.003E-01  1.882E-01  1.761E-01  1.643E-01  1.528E-01  1.414E-01  1.304E-01  1.196E-01  1.092E-01  9.912E-02  8.942E-02  8.012E-02  7.124E-02  6.280E-02  5.483E-02  4.735E-02  4.035E-02  3.388E-02  2.792E-02  2.251E-02  1.767E-02  1.341E-02  9.764E-03  6.763E-03  4.413E-03  2.704E-03
  320.0000  4.513E-01  4.370E-01  4.226E-01  4.082E-01  3.937E-01  3.791E-01  3.645E-01  3.498E-01  3.352E-01  3.206E-01  3.056E-01  2.911E-01  2.767E-01  2.627E-01  2.485E-01  2.344E-01  2.204E-01  2.067E-01  1.932E-01  1.799E-01  1.669E-01  1.542E-01  1.418E-01  1.298E-01  1.181E-01  1.069E-01  9.610E-02  8.578E-02  7.597E-02  6.668E-02  5.793E-02  4.975E-02  4.215E-02  3.515E-02  2.876E-02  2.301E-02  1.790E-02  1.346E-02  9.717E-03  6.680E-03  4.338E-03  2.657E-03
  321.0000  4.756E-01  4.613E-01  4.469E-01  4.324E-01  4.179E-01  4.032E-01  3.885E-01  3.738E-01  3.591E-01  3.443E-01  3.291E-01  3.144E-01  2.998E-01  2.855E-01  2.710E-01  2.566E-01  2.423E-01  2.281E-01  2.142E-01  2.004E-01  1.869E-01  1.737E-01  1.607E-01  1.480E-01  1.357E-01  1.238E-01  1.122E-01  1.011E-01  9.049E-02  8.032E-02  7.065E-02  6.151E-02  5.292E-02  4.488E-02  3.743E-02  3.057E-02  2.433E-02  1.875E-02  1.387E-02  9.749E-03  6.434E-03  3.963E-03
  322.0000  4.753E-01  4.609E-01  4.464E-01  4.318E-01  4.172E-01  4.024E-01  3.877E-01  3.728E-01  3.580E-01  3.432E-01  3.279E-01  3.131E-01  2.984E-01  2.841E-01  2.695E-01  2.550E-01  2.407E-01  2.265E-01  2.125E-01  1.987E-01  1.851E-01  1.719E-01  1.589E-01  1.462E-01  1.339E-01  1.219E-01  1.104E-01  9.934E-02  8.872E-02  7.860E-02  6.899E-02  5.992E-02  5.142E-02  4.348E-02  3.614E-02  2.941E-02  2.331E-02  1.788E-02  1.317E-02  9.214E-03  6.058E-03  3.724E-03
  323.0000  4.172E-01  4.046E-01  3.920E-01  3.793E-01  3.666E-01  3.537E-01  3.408E-01  3.279E-01  3.150E-01  3.020E-01  2.887E-01  2.758E-01  2.629E-01  2.504E-01  2.377E-01  2.250E-01  2.125E-01  2.000E-01  1.878E-01  1.757E-01  1.638E-01  1.522E-01  1.408E-01  1.297E-01  1.188E-01  1.083E-01  9.820E-02  8.843E-02  7.907E-02  7.014E-02  6.166E-02  5.364E-02  4.610E-02  3.906E-02  3.254E-02  2.654E-02  2.109E-02  1.623E-02  1.199E-02  8.409E-03  5.538E-03  3.407E-03
  324.0000  4.929E-01  4.787E-01  4.644E-01  4.500E-01  4.355E-01  4.209E-01  4.062E-01  3.915E-01  3.768E-01  3.620E-01  3.468E-01  3.320E-01  3.173E-01  3.029E-01  2.882E-01  2.737E-01  2.592E-01  2.448E-01  2.306E-01  2.166E-01  2.028E-01  1.892E-01  1.758E-01  1.627E-01  1.500E-01  1.376E-01  1.255E-01  1.138E-01  1.026E-01  9.182E-02  8.150E-02  7.167E-02  6.236E-02  5.357E-02  4.533E-02  3.764E-02  3.052E-02  2.402E-02  1.819E-02  1.310E-02  8.847E-03  5.551E-03
  325.0000  5.175E-01  5.023E-01  4.869E-01  4.715E-01  4.559E-01  4.403E-01  4.246E-01  4.088E-01  3.930E-01  3.772E-01  3.609E-01  3.452E-01  3.294E-01  3.141E-01  2.984E-01  2.829E-01  2.675E-01  2.522E-01  2.371E-01  2.222E-01  2.076E-01  1.932E-01  1.791E-01  1.653E-01  1.518E-01  1.388E-01  1.261E-01  1.139E-01  1.022E-01  9.098E-02  8.029E-02  7.016E-02  6.060E-02  5.164E-02  4.328E-02  3.556E-02  2.850E-02  2.212E-02  1.650E-02  1.169E-02  7.765E-03  4.805E-03
  326.0000  6.887E-01  6.689E-01  6.490E-01  6.288E-01  6.086E-01  5.882E-01  5.678E-01  5.472E-01  5.266E-01  5.059E-01  4.847E-01  4.641E-01  4.435E-01  4.234E-01  4.029E-01  3.825E-01  3.623E-01  3.422E-01  3.223E-01  3.027E-01  2.833E-01  2.643E-01  2.456E-01  2.273E-01  2.094E-01  1.920E-01  1.752E-01  1.588E-01  1.431E-01  1.280E-01  1.135E-01  9.980E-02  8.677E-02  7.449E-02  6.297E-02  5.224E-02  4.233E-02  3.327E-02  2.516E-02  1.809E-02  1.219E-02  7.633E-03
  327.0000  6.732E-01  6.542E-01  6.351E-01  6.157E-01  5.963E-01  5.767E-01  5.570E-01  5.372E-01  5.173E-01  4.974E-01  4.770E-01  4.571E-01  4.372E-01  4.178E-01  3.980E-01  3.782E-01  3.586E-01  3.392E-01  3.199E-01  3.009E-01  2.821E-01  2.636E-01  2.454E-01  2.276E-01  2.101E-01  1.931E-01  1.766E-01  1.606E-01  1.451E-01  1.302E-01  1.160E-01  1.024E-01  8.942E-02  7.718E-02  6.566E-02  5.486E-02  4.482E-02  3.558E-02  2.720E-02  1.980E-02  1.352E-02  8.566E-03
  328.0000  6.395E-01  6.211E-01  6.026E-01  5.839E-01  5.651E-01  5.462E-01  5.272E-01  5.081E-01  4.889E-01  4.697E-01  4.500E-01  4.309E-01  4.117E-01  3.930E-01  3.740E-01  3.550E-01  3.362E-01  3.175E-01  2.990E-01  2.808E-01  2.628E-01  2.451E-01  2.277E-01  2.106E-01  1.940E-01  1.778E-01  1.621E-01  1.469E-01  1.323E-01  1.182E-01  1.048E-01  9.203E-02  7.994E-02  6.855E-02  5.788E-02  4.794E-02  3.878E-02  3.043E-02  2.296E-02  1.647E-02  1.107E-02  6.913E-03
  329.0000  6.774E-01  6.585E-01  6.394E-01  6.202E-01  6.008E-01  5.813E-01  5.617E-01  5.420E-01  5.222E-01  5.024E-01  4.820E-01  4.621E-01  4.423E-01  4.229E-01  4.031E-01  3.834E-01  3.638E-01  3.443E-01  3.250E-01  3.060E-01  2.871E-01  2.685E-01  2.503E-01  2.323E-01  2.148E-01  1.976E-01  1.810E-01  1.648E-01  1.492E-01  1.341E-01  1.197E-01  1.059E-01  9.273E-02  8.028E-02  6.852E-02  5.748E-02  4.718E-02  3.765E-02  2.896E-02  2.122E-02  1.459E-02  9.310E-03
  330.0000  7.837E-01  7.619E-01  7.399E-01  7.178E-01  6.955E-01  6.730E-01  6.504E-01  6.277E-01  6.049E-01  5.820E-01  5.585E-01  5.356E-01  5.127E-01  4.903E-01  4.675E-01  4.447E-01  4.221E-01  3.997E-01  3.774E-01  3.553E-01  3.336E-01  3.121E-01  2.909E-01  2.702E-01  2.499E-01  2.301E-01  2.108E-01  1.920E-01  1.739E-01  1.565E-01  1.397E-01  1.237E-01  1.084E-01  9.396E-02  8.030E-02  6.746E-02  5.546E-02  4.434E-02  3.419E-02  2.513E-02  1.733E-02  1.109E-02
  331.0000  6.625E-01  6.439E-01  6.251E-01  6.062E-01  5.871E-01  5.679E-01  5.486E-01  5.292E-01  5.097E-01  4.901E-01  4.701E-01  4.505E-01  4.310E-01  4.119E-01  3.924E-01  3.730E-01  3.537E-01  3.346E-01  3.156E-01  2.968E-01  2.783E-01  2.601E-01  2.421E-01  2.245E-01  2.073E-01  1.905E-01  1.741E-01  1.583E-01  1.430E-01  1.283E-01  1.142E-01  1.007E-01  8.793E-02  7.585E-02  6.447E-02  5.383E-02  4.394E-02  3.484E-02  2.661E-02  1.933E-02  1.317E-02  8.320E-03
  332.0000  6.672E-01  6.488E-01  6.302E-01  6.115E-01  5.926E-01  5.736E-01  5.544E-01  5.352E-01  5.159E-01  4.965E-01  4.766E-01  4.572E-01  4.378E-01  4.188E-01  3.994E-01  3.801E-01  3.609E-01  3.418E-01  3.229E-01  3.041E-01  2.856E-01  2.673E-01  2.493E-01  2.317E-01  2.144E-01  1.974E-01  1.810E-01  1.650E-01  1.495E-01  1.346E-01  1.203E-01  1.066E-01  9.353E-02  8.114E-02  6.943E-02  5.842E-02  4.812E-02  3.856E-02  2.980E-02  2.196E-02  1.519E-02  9.745E-03
  333.0000  7.049E-01  6.856E-01  6.661E-01  6.464E-01  6.266E-01  6.067E-01  5.866E-01  5.664E-01  5.461E-01  5.257E-01  5.048E-01  4.844E-01  4.640E-01  4.440E-01  4.237E-01  4.033E-01  3.831E-01  3.630E-01  3.431E-01  3.234E-01  3.038E-01  2.846E-01  2.656E-01  2.469E-01  2.287E-01  2.108E-01  1.934E-01  1.765E-01  1.601E-01  1.443E-01  1.291E-01  1.146E-01  1.007E-01  8.754E-02  7.508E-02  6.334E-02  5.233E-02  4.209E-02  3.268E-02  2.420E-02  1.683E-02  1.086E-02
  334.0000  6.303E-01  6.128E-01  5.952E-01  5.775E-01  5.596E-01  5.416E-01  5.235E-01  5.052E-01  4.870E-01  4.686E-01  4.498E-01  4.314E-01  4.130E-01  3.950E-01  3.766E-01  3.583E-01  3.402E-01  3.221E-01  3.041E-01  2.864E-01  2.688E-01  2.515E-01  2.345E-01  2.177E-01  2.013E-01  1.853E-01  1.697E-01  1.546E-01  1.400E-01  1.259E-01  1.123E-01  9.938E-02  8.707E-02  7.539E-02  6.437E-02  5.403E-02  4.438E-02  3.544E-02  2.729E-02  2.002E-02  1.377E-02  8.781E-03
  335.0000  7.132E-01  6.937E-01  6.741E-01  6.543E-01  6.343E-01  6.142E-01  5.940E-01  5.737E-01  5.532E-01  5.327E-01  5.117E-01  4.911E-01  4.705E-01  4.503E-01  4.298E-01  4.093E-01  3.889E-01  3.686E-01  3.485E-01  3.285E-01  3.088E-01  2.893E-01  2.701E-01  2.512E-01  2.327E-01  2.146E-01  1.969E-01  1.798E-01  1.632E-01  1.471E-01  1.317E-01  1.170E-01  1.029E-01  8.948E-02  7.681E-02  6.487E-02  5.367E-02  4.323E-02  3.363E-02  2.496E-02  1.739E-02  1.125E-02
  336.0000  6.050E-01  5.886E-01  5.720E-01  5.553E-01  5.384E-01  5.215E-01  5.044E-01  4.872E-01  4.699E-01  4.525E-01  4.347E-01  4.173E-01  3.999E-01  3.829E-01  3.655E-01  3.481E-01  3.308E-01  3.137E-01  2.966E-01  2.797E-01  2.630E-01  2.464E-01  2.302E-01  2.142E-01  1.984E-01  1.831E-01  1.681E-01  1.535E-01  1.394E-01  1.258E-01  1.127E-01  1.001E-01  8.814E-02  7.674E-02  6.595E-02  5.577E-02  4.621E-02  3.729E-02  2.907E-02  2.163E-02  1.512E-02  9.808E-03
  337.0000  5.775E-01  5.618E-01  5.458E-01  5.298E-01  5.136E-01  4.973E-01  4.808E-01  4.643E-01  4.477E-01  4.311E-01  4.140E-01  3.973E-01  3.806E-01  3.642E-01  3.475E-01  3.309E-01  3.143E-01  2.978E-01  2.815E-01  2.653E-01  2.493E-01  2.334E-01  2.178E-01  2.025E-01  1.875E-01  1.728E-01  1.585E-01  1.445E-01  1.311E-01  1.180E-01  1.056E-01  9.359E-02  8.219E-02  7.137E-02  6.114E-02  5.151E-02  4.250E-02  3.413E-02  2.645E-02  1.954E-02  1.354E-02  8.707E-03
  338.0000  6.457E-01  6.282E-01  6.105E-01  5.926E-01  5.746E-01  5.564E-01  5.381E-01  5.197E-01  5.013E-01  4.827E-01  4.637E-01  4.451E-01  4.265E-01  4.082E-01  3.896E-01  3.711E-01  3.526E-01  3.342E-01  3.160E-01  2.979E-01  2.800E-01  2.623E-01  2.449E-01  2.278E-01  2.110E-01  1.945E-01  1.785E-01  1.629E-01  1.478E-01  1.333E-01  1.193E-01  1.058E-01  9.305E-02  8.090E-02  6.940E-02  5.857E-02  4.842E-02  3.898E-02  3.029E-02  2.245E-02  1.562E-02  1.008E-02
  339.0000  6.824E-01  6.640E-01  6.454E-01  6.266E-01  6.077E-01  5.887E-01  5.695E-01  5.502E-01  5.308E-01  5.113E-01  4.913E-01  4.718E-01  4.522E-01  4.330E-01  4.135E-01  3.939E-01  3.745E-01  3.552E-01  3.359E-01  3.169E-01  2.980E-01  2.794E-01  2.610E-01  2.429E-01  2.252E-01  2.078E-01  1.909E-01  1.744E-01  1.584E-01  1.430E-01  1.281E-01  1.139E-01  1.003E-01  8.739E-02  7.515E-02  6.360E-02  5.276E-02  4.264E-02  3.329E-02  2.481E-02  1.737E-02  1.128E-02
  340.0000  7.698E-01  7.491E-01  7.281E-01  7.069E-01  6.855E-01  6.639E-01  6.423E-01  6.205E-01  5.985E-01  5.765E-01  5.540E-01  5.318E-01  5.097E-01  4.881E-01  4.660E-01  4.439E-01  4.219E-01  4.001E-01  3.784E-01  3.568E-01  3.355E-01  3.145E-01  2.937E-01  2.733E-01  2.532E-01  2.336E-01  2.145E-01  1.958E-01  1.778E-01  1.604E-01  1.436E-01  1.275E-01  1.122E-01  9.765E-02  8.387E-02  7.088E-02  5.870E-02  4.734E-02  3.687E-02  2.740E-02  1.912E-02  1.237E-02
  341.0000  6.757E-01  6.575E-01  6.391E-01  6.206E-01  6.019E-01  5.830E-01  5.641E-01  5.450E-01  5.258E-01  5.065E-01  4.868E-01  4.674E-01  4.480E-01  4.291E-01  4.097E-01  3.904E-01  3.711E-01  3.520E-01  3.330E-01  3.141E-01  2.954E-01  2.769E-01  2.587E-01  2.408E-01  2.232E-01  2.060E-01  1.891E-01  1.728E-01  1.569E-01  1.416E-01  1.269E-01  1.127E-01  9.924E-02  8.642E-02  7.428E-02  6.284E-02  5.210E-02  4.208E-02  3.283E-02  2.445E-02  1.710E-02  1.109E-02
  342.0000  6.886E-01  6.701E-01  6.515E-01  6.326E-01  6.137E-01  5.945E-01  5.753E-01  5.559E-01  5.364E-01  5.168E-01  4.968E-01  4.771E-01  4.574E-01  4.381E-01  4.184E-01  3.988E-01  3.792E-01  3.597E-01  3.404E-01  3.212E-01  3.021E-01  2.833E-01  2.648E-01  2.465E-01  2.286E-01  2.110E-01  1.939E-01  1.772E-01  1.610E-01  1.454E-01  1.303E-01  1.159E-01  1.021E-01  8.897E-02  7.655E-02  6.484E-02  5.384E-02  4.356E-02  3.406E-02  2.543E-02  1.783E-02  1.160E-02
  343.0000  7.238E-01  7.045E-01  6.849E-01  6.651E-01  6.452E-01  6.251E-01  6.049E-01  5.845E-01  5.640E-01  5.435E-01  5.224E-01  5.017E-01  4.810E-01  4.608E-01  4.401E-01  4.194E-01  3.988E-01  3.784E-01  3.580E-01  3.378E-01  3.178E-01  2.980E-01  2.785E-01  2.593E-01  2.404E-01  2.220E-01  2.039E-01  1.864E-01  1.693E-01  1.529E-01  1.370E-01  1.218E-01  1.073E-01  9.351E-02  8.045E-02  6.813E-02  5.655E-02  4.575E-02  3.576E-02  2.669E-02  1.870E-02  1.216E-02
  344.0000  5.884E-01  5.726E-01  5.567E-01  5.406E-01  5.243E-01  5.080E-01  4.915E-01  4.749E-01  4.582E-01  4.415E-01  4.243E-01  4.075E-01  3.906E-01  3.741E-01  3.573E-01  3.405E-01  3.237E-01  3.070E-01  2.904E-01  2.740E-01  2.577E-01  2.416E-01  2.257E-01  2.101E-01  1.947E-01  1.797E-01  1.650E-01  1.507E-01  1.368E-01  1.234E-01  1.105E-01  9.819E-02  8.640E-02  7.520E-02  6.461E-02  5.463E-02  4.526E-02  3.653E-02  2.848E-02  2.119E-02  1.479E-02  9.570E-03
  345.0000  6.560E-01  6.385E-01  6.208E-01  6.030E-01  5.849E-01  5.668E-01  5.485E-01  5.300E-01  5.115E-01  4.929E-01  4.738E-01  4.551E-01  4.364E-01  4.181E-01  3.993E-01  3.806E-01  3.620E-01  3.434E-01  3.250E-01  3.067E-01  2.885E-01  2.706E-01  2.529E-01  2.355E-01  2.183E-01  2.016E-01  1.852E-01  1.692E-01  1.537E-01  1.388E-01  1.244E-01  1.106E-01  9.739E-02  8.486E-02  7.300E-02  6.181E-02  5.131E-02  4.150E-02  3.244E-02  2.420E-02  1.696E-02  1.101E-02
  346.0000  6.688E-01  6.510E-01  6.329E-01  6.147E-01  5.963E-01  5.778E-01  5.591E-01  5.403E-01  5.214E-01  5.024E-01  4.830E-01  4.639E-01  4.448E-01  4.261E-01  4.069E-01  3.879E-01  3.688E-01  3.499E-01  3.311E-01  3.124E-01  2.939E-01  2.756E-01  2.575E-01  2.397E-01  2.222E-01  2.051E-01  1.884E-01  1.721E-01  1.563E-01  1.410E-01  1.263E-01  1.122E-01  9.880E-02  8.603E-02  7.394E-02  6.255E-02  5.186E-02  4.190E-02  3.270E-02  2.435E-02  1.702E-02  1.102E-02
  347.0000  7.192E-01  7.000E-01  6.807E-01  6.611E-01  6.414E-01  6.215E-01  6.014E-01  5.813E-01  5.610E-01  5.406E-01  5.197E-01  4.992E-01  4.787E-01  4.586E-01  4.381E-01  4.176E-01  3.971E-01  3.768E-01  3.565E-01  3.365E-01  3.166E-01  2.969E-01  2.774E-01  2.583E-01  2.395E-01  2.211E-01  2.031E-01  1.856E-01  1.685E-01  1.521E-01  1.363E-01  1.211E-01  1.066E-01  9.286E-02  7.983E-02  6.756E-02  5.604E-02  4.530E-02  3.538E-02  2.637E-02  1.844E-02  1.195E-02
  348.0000  6.263E-01  6.097E-01  5.928E-01  5.758E-01  5.587E-01  5.414E-01  5.240E-01  5.064E-01  4.888E-01  4.711E-01  4.529E-01  4.351E-01  4.173E-01  3.998E-01  3.819E-01  3.641E-01  3.463E-01  3.286E-01  3.109E-01  2.935E-01  2.761E-01  2.590E-01  2.421E-01  2.254E-01  2.090E-01  1.930E-01  1.773E-01  1.620E-01  1.472E-01  1.328E-01  1.190E-01  1.058E-01  9.315E-02  8.115E-02  6.978E-02  5.907E-02  4.902E-02  3.965E-02  3.098E-02  2.310E-02  1.617E-02  1.049E-02
  349.0000  6.427E-01  6.256E-01  6.084E-01  5.910E-01  5.734E-01  5.557E-01  5.378E-01  5.199E-01  5.018E-01  4.837E-01  4.650E-01  4.468E-01  4.285E-01  4.105E-01  3.922E-01  3.739E-01  3.557E-01  3.375E-01  3.195E-01  3.015E-01  2.838E-01  2.662E-01  2.488E-01  2.317E-01  2.149E-01  1.984E-01  1.823E-01  1.666E-01  1.513E-01  1.366E-01  1.224E-01  1.088E-01  9.583E-02  8.348E-02  7.180E-02  6.080E-02  5.047E-02  4.083E-02  3.191E-02  2.381E-02  1.668E-02  1.082E-02
  350.0000  7.427E-01  7.230E-01  7.031E-01  6.830E-01  6.627E-01  6.423E-01  6.216E-01  6.009E-01  5.800E-01  5.591E-01  5.376E-01  5.165E-01  4.953E-01  4.746E-01  4.535E-01  4.323E-01  4.113E-01  3.903E-01  3.694E-01  3.487E-01  3.281E-01  3.078E-01  2.877E-01  2.679E-01  2.484E-01  2.294E-01  2.107E-01  1.926E-01  1.750E-01  1.579E-01  1.415E-01  1.258E-01  1.107E-01  9.645E-02  8.294E-02  7.021E-02  5.827E-02  4.713E-02  3.683E-02  2.747E-02  1.923E-02  1.246E-02
------------------------------------------------------------
