Spectral Irradiance, W m-2 nm-1
values at z =      3.216 km
Columns: wavelength (nm), solar zenith angles (deg.)
    wc, nm     49.000     50.000     51.000     52.000     53.000     54.000     55.000     56.000     57.000     58.000     59.000     60.000     61.000     62.000     63.000     64.000     65.000     66.000     67.000     68.000     69.000     70.000     71.000     72.000     73.000     74.000     75.000     76.000     77.000     78.000     79.000     80.000     81.000     82.000     83.000     84.000     85.000     86.000     87.000     88.000     89.000     90.000
  280.0000  0.000E+00  0.000E+00  0.000E+00  0.000E+00  0.000E+00  0.000E+00  0.000E+00  0.000E+00  0.000E+00  0.000E+00  0.000E+00  0.000E+00  0.000E+00  0.000E+00  0.000E+00  0.000E+00  0.000E+00  0.000E+00  0.000E+00  0.000E+00  0.000E+00  0.000E+00  0.000E+00  0.000E+00  0.000E+00  0.000E+00  0.000E+00  0.000E+00  0.000E+00  0.000E+00  0.000E+00  0.000E+00  0.000E+00  0.000E+00  0.000E+00  0.000E+00  0.000E+00  0.000E+00  0.000E+00  0.000E+00  0.000E+00  0.000E+00
  281.0000  0.000E+00  0.000E+00  0.000E+00  0.000E+00  0.000E+00  0.000E+00  0.000E+00  0.000E+00  0.000E+00  0.000E+00  0.000E+00  0.000E+00  0.000E+00  0.000E+00  0.000E+00  0.000E+00  0.000E+00  0.000E+00  0.000E+00  0.000E+00  0.000E+00  0.000E+00  0.000E+00  0.000E+00  0.000E+00  0.000E+00  0.000E+00  0.000E+00  0.000E+00  0.000E+00  0.000E+00  0.000E+00  0.000E+00  0.000E+00  0.000E+00  0.000E+00  0.000E+00  0.000E+00  0.000E+00  0.000E+00  0.000E+00  0.000E+00
  282.0000  0.000E+00  0.000E+00  0.000E+00  0.000E+00  0.000E+00  0.000E+00  0.000E+00  0.000E+00  0.000E+00  0.000E+00  0.000E+00  0.000E+00  0.000E+00  0.000E+00  0.000E+00  0.000E+00  0.000E+00  0.000E+00  0.000E+00  0.000E+00  0.000E+00  0.000E+00  0.000E+00  0.000E+00  0.000E+00  0.000E+00  0.000E+00  0.000E+00  0.000E+00  0.000E+00  0.000E+00  0.000E+00  0.000E+00  0.000E+00  0.000E+00  0.000E+00  0.000E+00  0.000E+00  0.000E+00  0.000E+00  0.000E+00  0.000E+00
  283.0000  0.000E+00  0.000E+00  0.000E+00  0.000E+00  0.000E+00  0.000E+00  0.000E+00  0.000E+00  0.000E+00  0.000E+00  0.000E+00  0.000E+00  0.000E+00  0.000E+00  0.000E+00  0.000E+00  0.000E+00  0.000E+00  0.000E+00  0.000E+00  0.000E+00  0.000E+00  0.000E+00  0.000E+00  0.000E+00  0.000E+00  0.000E+00  0.000E+00  0.000E+00  0.000E+00  0.000E+00  0.000E+00  0.000E+00  0.000E+00  0.000E+00  0.000E+00  0.000E+00  0.000E+00  0.000E+00  0.000E+00  0.000E+00  0.000E+00
  284.0000  0.000E+00  0.000E+00  0.000E+00  0.000E+00  0.000E+00  0.000E+00  0.000E+00  0.000E+00  0.000E+00  0.000E+00  0.000E+00  0.000E+00  0.000E+00  0.000E+00  0.000E+00  0.000E+00  0.000E+00  0.000E+00  0.000E+00  0.000E+00  0.000E+00  0.000E+00  0.000E+00  0.000E+00  0.000E+00  0.000E+00  0.000E+00  0.000E+00  0.000E+00  0.000E+00  0.000E+00  0.000E+00  0.000E+00  0.000E+00  0.000E+00  0.000E+00  0.000E+00  0.000E+00  0.000E+00  0.000E+00  0.000E+00  0.000E+00
  285.0000  0.000E+00  0.000E+00  0.000E+00  0.000E+00  0.000E+00  0.000E+00  0.000E+00  0.000E+00  0.000E+00  0.000E+00  0.000E+00  0.000E+00  0.000E+00  0.000E+00  0.000E+00  0.000E+00  0.000E+00  0.000E+00  0.000E+00  0.000E+00  0.000E+00  0.000E+00  0.000E+00  0.000E+00  0.000E+00  0.000E+00  0.000E+00  0.000E+00  0.000E+00  0.000E+00  0.000E+00  0.000E+00  0.000E+00  0.000E+00  0.000E+00  0.000E+00  0.000E+00  0.000E+00  0.000E+00  0.000E+00  0.000E+00  0.000E+00
  286.0000  0.000E+00  0.000E+00  0.000E+00  0.000E+00  0.000E+00  0.000E+00  0.000E+00  0.000E+00  0.000E+00  0.000E+00  0.000E+00  0.000E+00  0.000E+00  0.000E+00  0.000E+00  0.000E+00  0.000E+00  0.000E+00  0.000E+00  0.000E+00  0.000E+00  0.000E+00  0.000E+00  0.000E+00  0.000E+00  0.000E+00  0.000E+00  0.000E+00  0.000E+00  0.000E+00  0.000E+00  0.000E+00  0.000E+00  0.000E+00  0.000E+00  0.000E+00  0.000E+00  0.000E+00  0.000E+00  0.000E+00  0.000E+00  0.000E+00
  287.0000  0.000E+00  0.000E+00  0.000E+00  0.000E+00  0.000E+00  0.000E+00  0.000E+00  0.000E+00  0.000E+00  0.000E+00  0.000E+00  0.000E+00  0.000E+00  0.000E+00  0.000E+00  0.000E+00  0.000E+00  0.000E+00  0.000E+00  0.000E+00  0.000E+00  0.000E+00  0.000E+00  0.000E+00  0.000E+00  0.000E+00  0.000E+00  0.000E+00  0.000E+00  0.000E+00  0.000E+00  0.000E+00  0.000E+00  0.000E+00  0.000E+00  0.000E+00  0.000E+00  0.000E+00  0.000E+00  0.000E+00  0.000E+00  0.000E+00
  288.0000  0.000E+00  0.000E+00  0.000E+00  0.000E+00  0.000E+00  0.000E+00  0.000E+00  0.000E+00  0.000E+00  0.000E+00  0.000E+00  0.000E+00  0.000E+00  0.000E+00  0.000E+00  0.000E+00  0.000E+00  0.000E+00  0.000E+00  0.000E+00  0.000E+00  0.000E+00  0.000E+00  0.000E+00  0.000E+00  0.000E+00  0.000E+00  0.000E+00  0.000E+00  0.000E+00  0.000E+00  0.000E+00  0.000E+00  0.000E+00  0.000E+00  0.000E+00  0.000E+00  0.000E+00  0.000E+00  0.000E+00  0.000E+00  0.000E+00
  289.0000  0.000E+00  0.000E+00  0.000E+00  0.000E+00  0.000E+00  0.000E+00  0.000E+00  0.000E+00  0.000E+00  0.000E+00  0.000E+00  0.000E+00  0.000E+00  0.000E+00  0.000E+00  0.000E+00  0.000E+00  0.000E+00  0.000E+00  0.000E+00  0.000E+00  0.000E+00  0.000E+00  0.000E+00  0.000E+00  0.000E+00  0.000E+00  0.000E+00  0.000E+00  0.000E+00  0.000E+00  0.000E+00  0.000E+00  0.000E+00  0.000E+00  0.000E+00  0.000E+00  0.000E+00  0.000E+00  0.000E+00  0.000E+00  0.000E+00
  290.0000  2.181E-07  1.600E-07  1.155E-07  8.191E-08  5.705E-08  3.897E-08  2.609E-08  1.709E-08  1.094E-08  6.846E-09  4.226E-09  2.438E-09  1.444E-09  8.327E-10  4.738E-10  2.697E-10  1.570E-10  9.573E-11  6.245E-11  4.402E-11  3.333E-11  2.668E-11  2.220E-11  1.894E-11  1.644E-11  1.443E-11  1.277E-11  1.138E-11  1.019E-11  9.149E-12  8.234E-12  7.418E-12  6.681E-12  6.006E-12  5.382E-12  4.797E-12  4.241E-12  3.706E-12  3.186E-12  2.674E-12  2.165E-12  1.671E-12
  291.0000  9.637E-07  7.273E-07  5.410E-07  3.962E-07  2.854E-07  2.020E-07  1.404E-07  9.565E-08  6.386E-08  4.174E-08  2.661E-08  1.638E-08  1.017E-08  6.152E-09  3.666E-09  2.171E-09  1.300E-09  8.009E-10  5.186E-10  3.579E-10  2.641E-10  2.066E-10  1.689E-10  1.424E-10  1.225E-10  1.068E-10  9.402E-11  8.337E-11  7.430E-11  6.646E-11  5.960E-11  5.351E-11  4.804E-11  4.306E-11  3.848E-11  3.421E-11  3.018E-11  2.632E-11  2.259E-11  1.892E-11  1.531E-11  1.181E-11
  292.0000  5.134E-06  4.015E-06  3.101E-06  2.363E-06  1.775E-06  1.313E-06  9.563E-07  6.847E-07  4.816E-07  3.325E-07  2.218E-07  1.472E-07  9.694E-08  6.240E-08  3.949E-08  2.471E-08  1.545E-08  9.775E-09  6.356E-09  4.314E-09  3.088E-09  2.336E-09  1.854E-09  1.528E-09  1.293E-09  1.114E-09  9.722E-10  8.554E-10  7.572E-10  6.731E-10  6.002E-10  5.360E-10  4.788E-10  4.272E-10  3.802E-10  3.367E-10  2.959E-10  2.573E-10  2.201E-10  1.839E-10  1.485E-10  1.144E-10
  293.0000  1.500E-05  1.199E-05  9.479E-06  7.401E-06  5.704E-06  4.337E-06  3.250E-06  2.398E-06  1.742E-06  1.243E-06  8.700E-07  5.925E-07  4.046E-07  2.706E-07  1.778E-07  1.153E-07  7.436E-08  4.813E-08  3.164E-08  2.142E-08  1.511E-08  1.119E-08  8.693E-09  7.031E-09  5.865E-09  5.001E-09  4.328E-09  3.785E-09  3.332E-09  2.948E-09  2.617E-09  2.328E-09  2.072E-09  1.842E-09  1.634E-09  1.442E-09  1.264E-09  1.096E-09  9.356E-10  7.802E-10  6.286E-10  4.839E-10
  294.0000  5.591E-05  4.591E-05  3.732E-05  3.002E-05  2.388E-05  1.876E-05  1.456E-05  1.115E-05  8.417E-06  6.261E-06  4.623E-06  3.264E-06  2.332E-06  1.634E-06  1.127E-06  7.649E-07  5.145E-07  3.447E-07  2.318E-07  1.582E-07  1.107E-07  8.031E-08  6.067E-08  4.772E-08  3.887E-08  3.253E-08  2.777E-08  2.402E-08  2.097E-08  1.842E-08  1.624E-08  1.436E-08  1.270E-08  1.123E-08  9.912E-09  8.709E-09  7.600E-09  6.563E-09  5.581E-09  4.638E-09  3.726E-09  2.863E-09
  295.0000  1.427E-04  1.194E-04  9.898E-05  8.129E-05  6.609E-05  5.315E-05  4.227E-05  3.321E-05  2.576E-05  1.972E-05  1.483E-05  1.095E-05  8.070E-06  5.849E-06  4.170E-06  2.928E-06  2.033E-06  1.401E-06  9.632E-07  6.659E-07  4.672E-07  3.359E-07  2.495E-07  1.921E-07  1.532E-07  1.259E-07  1.060E-07  9.071E-08  7.853E-08  6.850E-08  6.005E-08  5.280E-08  4.648E-08  4.091E-08  3.594E-08  3.144E-08  2.733E-08  2.352E-08  1.993E-08  1.651E-08  1.323E-08  1.014E-08
  296.0000  5.117E-04  4.375E-04  3.711E-04  3.122E-04  2.603E-04  2.150E-04  1.759E-04  1.424E-04  1.139E-04  9.014E-05  7.095E-05  5.382E-05  4.115E-05  3.101E-05  2.301E-05  1.682E-05  1.214E-05  8.678E-06  6.158E-06  4.359E-06  3.098E-06  2.228E-06  1.635E-06  1.232E-06  9.569E-07  7.665E-07  6.306E-07  5.301E-07  4.525E-07  3.904E-07  3.391E-07  2.958E-07  2.585E-07  2.259E-07  1.971E-07  1.714E-07  1.481E-07  1.268E-07  1.069E-07  8.816E-08  7.035E-08  5.376E-08
  297.0000  6.975E-04  6.051E-04  5.213E-04  4.457E-04  3.781E-04  3.180E-04  2.651E-04  2.189E-04  1.790E-04  1.447E-04  1.156E-04  9.078E-05  7.116E-05  5.505E-05  4.198E-05  3.155E-05  2.342E-05  1.719E-05  1.250E-05  9.036E-06  6.519E-06  4.723E-06  3.460E-06  2.582E-06  1.974E-06  1.551E-06  1.252E-06  1.035E-06  8.714E-07  7.438E-07  6.406E-07  5.548E-07  4.817E-07  4.186E-07  3.633E-07  3.142E-07  2.701E-07  2.301E-07  1.931E-07  1.586E-07  1.261E-07  9.609E-08
  298.0000  2.249E-03  1.983E-03  1.738E-03  1.513E-03  1.308E-03  1.122E-03  9.552E-04  8.064E-04  6.747E-04  5.595E-04  4.559E-04  3.703E-04  2.984E-04  2.378E-04  1.869E-04  1.450E-04  1.111E-04  8.417E-05  6.307E-05  4.684E-05  3.456E-05  2.543E-05  1.876E-05  1.396E-05  1.054E-05  8.124E-06  6.408E-06  5.176E-06  4.271E-06  3.585E-06  3.046E-06  2.609E-06  2.245E-06  1.935E-06  1.666E-06  1.430E-06  1.221E-06  1.033E-06  8.616E-07  7.037E-07  5.566E-07  4.221E-07
  299.0000  3.562E-03  3.175E-03  2.815E-03  2.481E-03  2.173E-03  1.890E-03  1.632E-03  1.399E-03  1.190E-03  1.003E-03  8.408E-04  6.893E-04  5.663E-04  4.604E-04  3.698E-04  2.932E-04  2.298E-04  1.781E-04  1.364E-04  1.035E-04  7.781E-05  5.815E-05  4.335E-05  3.239E-05  2.439E-05  1.861E-05  1.447E-05  1.148E-05  9.311E-06  7.694E-06  6.453E-06  5.470E-06  4.665E-06  3.991E-06  3.413E-06  2.911E-06  2.470E-06  2.077E-06  1.723E-06  1.400E-06  1.102E-06  8.325E-07
  300.0000  5.428E-03  4.899E-03  4.399E-03  3.930E-03  3.491E-03  3.083E-03  2.706E-03  2.358E-03  2.042E-03  1.754E-03  1.498E-03  1.255E-03  1.053E-03  8.761E-04  7.204E-04  5.855E-04  4.708E-04  3.744E-04  2.944E-04  2.291E-04  1.764E-04  1.347E-04  1.022E-04  7.720E-05  5.837E-05  4.438E-05  3.409E-05  2.659E-05  2.112E-05  1.708E-05  1.406E-05  1.173E-05  9.870E-06  8.350E-06  7.073E-06  5.979E-06  5.029E-06  4.194E-06  3.452E-06  2.784E-06  2.177E-06  1.635E-06
  301.0000  1.080E-02  9.840E-03  8.924E-03  8.055E-03  7.232E-03  6.462E-03  5.739E-03  5.067E-03  4.445E-03  3.873E-03  3.353E-03  2.861E-03  2.440E-03  2.064E-03  1.729E-03  1.432E-03  1.174E-03  9.529E-04  7.650E-04  6.076E-04  4.775E-04  3.716E-04  2.866E-04  2.195E-04  1.675E-04  1.277E-04  9.779E-05  7.554E-05  5.912E-05  4.701E-05  3.800E-05  3.118E-05  2.589E-05  2.165E-05  1.816E-05  1.522E-05  1.269E-05  1.050E-05  8.576E-06  6.865E-06  5.333E-06  3.982E-06
  302.0000  1.423E-02  1.307E-02  1.195E-02  1.088E-02  9.867E-03  8.901E-03  7.990E-03  7.131E-03  6.329E-03  5.582E-03  4.860E-03  4.236E-03  3.663E-03  3.146E-03  2.676E-03  2.254E-03  1.880E-03  1.553E-03  1.270E-03  1.028E-03  8.231E-04  6.522E-04  5.116E-04  3.978E-04  3.071E-04  2.360E-04  1.812E-04  1.395E-04  1.082E-04  8.484E-05  6.748E-05  5.446E-05  4.452E-05  3.675E-05  3.049E-05  2.531E-05  2.093E-05  1.717E-05  1.391E-05  1.105E-05  8.517E-06  6.320E-06
  303.0000  3.151E-02  2.918E-02  2.692E-02  2.473E-02  2.264E-02  2.063E-02  1.871E-02  1.689E-02  1.517E-02  1.355E-02  1.200E-02  1.057E-02  9.271E-03  8.087E-03  6.989E-03  5.987E-03  5.086E-03  4.281E-03  3.569E-03  2.946E-03  2.407E-03  1.946E-03  1.557E-03  1.233E-03  9.678E-04  7.534E-04  5.831E-04  4.500E-04  3.476E-04  2.699E-04  2.113E-04  1.674E-04  1.343E-04  1.089E-04  8.892E-05  7.285E-05  5.955E-05  4.833E-05  3.873E-05  3.044E-05  2.324E-05  1.709E-05
  304.0000  3.834E-02  3.568E-02  3.310E-02  3.059E-02  2.817E-02  2.583E-02  2.359E-02  2.145E-02  1.940E-02  1.747E-02  1.556E-02  1.386E-02  1.227E-02  1.081E-02  9.440E-03  8.175E-03  7.024E-03  5.983E-03  5.051E-03  4.224E-03  3.497E-03  2.866E-03  2.324E-03  1.865E-03  1.481E-03  1.166E-03  9.098E-04  7.060E-04  5.461E-04  4.227E-04  3.286E-04  2.575E-04  2.039E-04  1.632E-04  1.317E-04  1.067E-04  8.647E-05  6.961E-05  5.534E-05  4.315E-05  3.269E-05  2.387E-05
  305.0000  6.010E-02  5.630E-02  5.258E-02  4.895E-02  4.542E-02  4.199E-02  3.867E-02  3.547E-02  3.240E-02  2.946E-02  2.654E-02  2.391E-02  2.141E-02  1.910E-02  1.689E-02  1.483E-02  1.293E-02  1.119E-02  9.598E-03  8.162E-03  6.877E-03  5.738E-03  4.739E-03  3.873E-03  3.131E-03  2.505E-03  1.984E-03  1.557E-03  1.213E-03  9.405E-04  7.279E-04  5.645E-04  4.401E-04  3.457E-04  2.738E-04  2.181E-04  1.739E-04  1.381E-04  1.084E-04  8.344E-05  6.245E-05  4.509E-05
  306.0000  6.163E-02  5.798E-02  5.439E-02  5.087E-02  4.743E-02  4.407E-02  4.081E-02  3.765E-02  3.459E-02  3.166E-02  2.871E-02  2.606E-02  2.351E-02  2.114E-02  1.885E-02  1.670E-02  1.470E-02  1.284E-02  1.113E-02  9.570E-03  8.156E-03  6.886E-03  5.757E-03  4.763E-03  3.899E-03  3.157E-03  2.528E-03  2.004E-03  1.573E-03  1.225E-03  9.493E-04  7.337E-04  5.676E-04  4.410E-04  3.446E-04  2.709E-04  2.134E-04  1.676E-04  1.302E-04  9.931E-05  7.362E-05  5.268E-05
  307.0000  8.702E-02  8.223E-02  7.749E-02  7.283E-02  6.826E-02  6.378E-02  5.940E-02  5.513E-02  5.098E-02  4.696E-02  4.292E-02  3.923E-02  3.568E-02  3.235E-02  2.910E-02  2.603E-02  2.313E-02  2.043E-02  1.791E-02  1.558E-02  1.344E-02  1.149E-02  9.739E-03  8.169E-03  6.781E-03  5.568E-03  4.520E-03  3.628E-03  2.879E-03  2.262E-03  1.761E-03  1.361E-03  1.048E-03  8.059E-04  6.211E-04  4.804E-04  3.724E-04  2.882E-04  2.210E-04  1.664E-04  1.219E-04  8.618E-05
  308.0000  1.110E-01  1.053E-01  9.963E-02  9.406E-02  8.856E-02  8.316E-02  7.784E-02  7.265E-02  6.758E-02  6.263E-02  5.757E-02  5.304E-02  4.859E-02  4.438E-02  4.025E-02  3.631E-02  3.257E-02  2.904E-02  2.572E-02  2.262E-02  1.974E-02  1.709E-02  1.466E-02  1.246E-02  1.048E-02  8.728E-03  7.184E-03  5.844E-03  4.697E-03  3.730E-03  2.928E-03  2.275E-03  1.752E-03  1.341E-03  1.023E-03  7.802E-04  5.951E-04  4.531E-04  3.422E-04  2.542E-04  1.836E-04  1.281E-04
  309.0000  1.205E-01  1.146E-01  1.087E-01  1.029E-01  9.711E-02  9.143E-02  8.585E-02  8.036E-02  7.499E-02  6.974E-02  6.439E-02  5.951E-02  5.472E-02  5.020E-02  4.573E-02  4.145E-02  3.737E-02  3.350E-02  2.984E-02  2.640E-02  2.318E-02  2.020E-02  1.746E-02  1.495E-02  1.268E-02  1.064E-02  8.827E-03  7.239E-03  5.864E-03  4.690E-03  3.705E-03  2.891E-03  2.231E-03  1.706E-03  1.297E-03  9.818E-04  7.419E-04  5.591E-04  4.181E-04  3.077E-04  2.203E-04  1.524E-04
  310.0000  1.293E-01  1.234E-01  1.176E-01  1.118E-01  1.060E-01  1.003E-01  9.470E-02  8.915E-02  8.367E-02  7.831E-02  7.285E-02  6.776E-02  6.277E-02  5.802E-02  5.330E-02  4.875E-02  4.437E-02  4.017E-02  3.616E-02  3.235E-02  2.876E-02  2.538E-02  2.223E-02  1.931E-02  1.662E-02  1.417E-02  1.195E-02  9.964E-03  8.207E-03  6.672E-03  5.349E-03  4.228E-03  3.294E-03  2.531E-03  1.920E-03  1.441E-03  1.072E-03  7.920E-04  5.798E-04  4.179E-04  2.933E-04  1.989E-04
  311.0000  2.248E-01  2.150E-01  2.052E-01  1.954E-01  1.857E-01  1.761E-01  1.666E-01  1.572E-01  1.479E-01  1.388E-01  1.294E-01  1.207E-01  1.122E-01  1.040E-01  9.589E-02  8.801E-02  8.040E-02  7.309E-02  6.608E-02  5.940E-02  5.306E-02  4.707E-02  4.146E-02  3.622E-02  3.137E-02  2.691E-02  2.285E-02  1.919E-02  1.592E-02  1.304E-02  1.053E-02  8.374E-03  6.560E-03  5.060E-03  3.844E-03  2.881E-03  2.134E-03  1.565E-03  1.135E-03  8.101E-04  5.633E-04  3.784E-04
  312.0000  2.107E-01  2.019E-01  1.932E-01  1.845E-01  1.758E-01  1.672E-01  1.586E-01  1.502E-01  1.418E-01  1.335E-01  1.251E-01  1.171E-01  1.093E-01  1.018E-01  9.426E-02  8.696E-02  7.988E-02  7.303E-02  6.644E-02  6.012E-02  5.408E-02  4.834E-02  4.291E-02  3.781E-02  3.304E-02  2.862E-02  2.455E-02  2.083E-02  1.747E-02  1.447E-02  1.182E-02  9.504E-03  7.521E-03  5.849E-03  4.468E-03  3.353E-03  2.474E-03  1.797E-03  1.286E-03  9.043E-04  6.189E-04  4.094E-04
  313.0000  2.468E-01  2.371E-01  2.274E-01  2.177E-01  2.081E-01  1.984E-01  1.888E-01  1.793E-01  1.698E-01  1.605E-01  1.509E-01  1.419E-01  1.329E-01  1.243E-01  1.157E-01  1.073E-01  9.906E-02  9.108E-02  8.336E-02  7.591E-02  6.876E-02  6.191E-02  5.539E-02  4.921E-02  4.339E-02  3.794E-02  3.288E-02  2.820E-02  2.393E-02  2.005E-02  1.657E-02  1.350E-02  1.081E-02  8.498E-03  6.551E-03  4.944E-03  3.652E-03  2.641E-03  1.870E-03  1.295E-03  8.718E-04  5.667E-04
  314.0000  2.739E-01  2.634E-01  2.528E-01  2.423E-01  2.317E-01  2.213E-01  2.108E-01  2.004E-01  1.901E-01  1.798E-01  1.694E-01  1.595E-01  1.496E-01  1.402E-01  1.307E-01  1.214E-01  1.123E-01  1.035E-01  9.496E-02  8.669E-02  7.872E-02  7.108E-02  6.379E-02  5.685E-02  5.030E-02  4.414E-02  3.840E-02  3.307E-02  2.818E-02  2.372E-02  1.970E-02  1.612E-02  1.297E-02  1.025E-02  7.931E-03  6.004E-03  4.441E-03  3.209E-03  2.264E-03  1.559E-03  1.042E-03  6.726E-04
  315.0000  2.932E-01  2.826E-01  2.720E-01  2.614E-01  2.507E-01  2.401E-01  2.295E-01  2.189E-01  2.084E-01  1.979E-01  1.872E-01  1.769E-01  1.668E-01  1.570E-01  1.471E-01  1.374E-01  1.279E-01  1.186E-01  1.095E-01  1.006E-01  9.208E-02  8.382E-02  7.587E-02  6.825E-02  6.099E-02  5.411E-02  4.761E-02  4.152E-02  3.585E-02  3.061E-02  2.581E-02  2.146E-02  1.755E-02  1.410E-02  1.108E-02  8.510E-03  6.360E-03  4.616E-03  3.246E-03  2.209E-03  1.449E-03  9.143E-04
  316.0000  2.392E-01  2.306E-01  2.220E-01  2.134E-01  2.048E-01  1.962E-01  1.876E-01  1.790E-01  1.704E-01  1.619E-01  1.533E-01  1.449E-01  1.367E-01  1.287E-01  1.207E-01  1.128E-01  1.050E-01  9.743E-02  9.002E-02  8.282E-02  7.583E-02  6.908E-02  6.258E-02  5.635E-02  5.040E-02  4.475E-02  3.942E-02  3.441E-02  2.975E-02  2.543E-02  2.148E-02  1.788E-02  1.465E-02  1.178E-02  9.279E-03  7.134E-03  5.338E-03  3.877E-03  2.727E-03  1.854E-03  1.214E-03  7.646E-04
  317.0000  3.717E-01  3.590E-01  3.463E-01  3.335E-01  3.207E-01  3.079E-01  2.951E-01  2.822E-01  2.695E-01  2.567E-01  2.437E-01  2.311E-01  2.187E-01  2.066E-01  1.944E-01  1.824E-01  1.705E-01  1.589E-01  1.475E-01  1.364E-01  1.256E-01  1.151E-01  1.049E-01  9.509E-02  8.567E-02  7.667E-02  6.811E-02  6.001E-02  5.239E-02  4.528E-02  3.867E-02  3.260E-02  2.706E-02  2.208E-02  1.764E-02  1.375E-02  1.043E-02  7.649E-03  5.407E-03  3.668E-03  2.379E-03  1.474E-03
  318.0000  3.274E-01  3.163E-01  3.052E-01  2.940E-01  2.828E-01  2.715E-01  2.603E-01  2.491E-01  2.378E-01  2.267E-01  2.152E-01  2.042E-01  1.933E-01  1.827E-01  1.720E-01  1.614E-01  1.510E-01  1.408E-01  1.308E-01  1.210E-01  1.114E-01  1.022E-01  9.319E-02  8.453E-02  7.621E-02  6.826E-02  6.069E-02  5.352E-02  4.677E-02  4.045E-02  3.459E-02  2.919E-02  2.427E-02  1.982E-02  1.586E-02  1.238E-02  9.399E-03  6.903E-03  4.882E-03  3.312E-03  2.147E-03  1.328E-03
  319.0000  3.835E-01  3.712E-01  3.589E-01  3.465E-01  3.341E-01  3.216E-01  3.091E-01  2.966E-01  2.841E-01  2.716E-01  2.587E-01  2.463E-01  2.340E-01  2.221E-01  2.099E-01  1.979E-01  1.860E-01  1.743E-01  1.628E-01  1.515E-01  1.404E-01  1.296E-01  1.191E-01  1.089E-01  9.900E-02  8.948E-02  8.036E-02  7.164E-02  6.335E-02  5.551E-02  4.815E-02  4.127E-02  3.489E-02  2.902E-02  2.368E-02  1.889E-02  1.464E-02  1.098E-02  7.895E-03  5.410E-03  3.505E-03  2.144E-03
  320.0000  4.247E-01  4.108E-01  3.969E-01  3.828E-01  3.688E-01  3.547E-01  3.405E-01  3.264E-01  3.123E-01  2.982E-01  2.837E-01  2.698E-01  2.559E-01  2.425E-01  2.288E-01  2.154E-01  2.021E-01  1.890E-01  1.761E-01  1.635E-01  1.511E-01  1.391E-01  1.275E-01  1.162E-01  1.053E-01  9.479E-02  8.477E-02  7.523E-02  6.619E-02  5.769E-02  4.974E-02  4.235E-02  3.554E-02  2.934E-02  2.374E-02  1.875E-02  1.440E-02  1.069E-02  7.626E-03  5.194E-03  3.358E-03  2.061E-03
  321.0000  4.581E-01  4.441E-01  4.299E-01  4.157E-01  4.014E-01  3.871E-01  3.726E-01  3.582E-01  3.437E-01  3.293E-01  3.145E-01  3.001E-01  2.857E-01  2.718E-01  2.576E-01  2.436E-01  2.297E-01  2.159E-01  2.024E-01  1.890E-01  1.759E-01  1.631E-01  1.505E-01  1.383E-01  1.265E-01  1.150E-01  1.039E-01  9.330E-02  8.314E-02  7.347E-02  6.431E-02  5.569E-02  4.761E-02  4.011E-02  3.319E-02  2.687E-02  2.118E-02  1.615E-02  1.181E-02  8.210E-03  5.365E-03  3.284E-03
  322.0000  4.561E-01  4.420E-01  4.278E-01  4.135E-01  3.992E-01  3.847E-01  3.703E-01  3.558E-01  3.413E-01  3.268E-01  3.119E-01  2.975E-01  2.831E-01  2.692E-01  2.550E-01  2.409E-01  2.269E-01  2.132E-01  1.996E-01  1.863E-01  1.732E-01  1.604E-01  1.479E-01  1.357E-01  1.239E-01  1.124E-01  1.014E-01  9.090E-02  8.083E-02  7.125E-02  6.221E-02  5.371E-02  4.578E-02  3.842E-02  3.167E-02  2.553E-02  2.003E-02  1.519E-02  1.106E-02  7.650E-03  4.984E-03  3.048E-03
  323.0000  4.015E-01  3.892E-01  3.768E-01  3.644E-01  3.518E-01  3.392E-01  3.266E-01  3.139E-01  3.012E-01  2.886E-01  2.756E-01  2.629E-01  2.504E-01  2.381E-01  2.257E-01  2.134E-01  2.012E-01  1.891E-01  1.772E-01  1.655E-01  1.540E-01  1.427E-01  1.317E-01  1.210E-01  1.105E-01  1.005E-01  9.075E-02  8.142E-02  7.250E-02  6.402E-02  5.599E-02  4.843E-02  4.137E-02  3.480E-02  2.876E-02  2.325E-02  1.830E-02  1.393E-02  1.017E-02  7.052E-03  4.600E-03  2.812E-03
  324.0000  4.830E-01  4.689E-01  4.548E-01  4.405E-01  4.261E-01  4.117E-01  3.972E-01  3.826E-01  3.680E-01  3.534E-01  3.383E-01  3.237E-01  3.092E-01  2.950E-01  2.805E-01  2.661E-01  2.518E-01  2.377E-01  2.237E-01  2.098E-01  1.962E-01  1.828E-01  1.697E-01  1.569E-01  1.444E-01  1.322E-01  1.204E-01  1.090E-01  9.800E-02  8.748E-02  7.744E-02  6.790E-02  5.887E-02  5.038E-02  4.243E-02  3.505E-02  2.826E-02  2.209E-02  1.660E-02  1.185E-02  7.934E-03  4.938E-03
  325.0000  5.020E-01  4.869E-01  4.718E-01  4.566E-01  4.412E-01  4.258E-01  4.104E-01  3.948E-01  3.793E-01  3.637E-01  3.478E-01  3.322E-01  3.168E-01  3.017E-01  2.864E-01  2.712E-01  2.561E-01  2.411E-01  2.264E-01  2.118E-01  1.975E-01  1.835E-01  1.698E-01  1.563E-01  1.433E-01  1.306E-01  1.184E-01  1.066E-01  9.534E-02  8.456E-02  7.432E-02  6.465E-02  5.555E-02  4.706E-02  3.919E-02  3.196E-02  2.540E-02  1.953E-02  1.442E-02  1.010E-02  6.648E-03  4.083E-03
  326.0000  6.745E-01  6.549E-01  6.351E-01  6.152E-01  5.951E-01  5.750E-01  5.547E-01  5.344E-01  5.140E-01  4.935E-01  4.726E-01  4.522E-01  4.318E-01  4.120E-01  3.917E-01  3.716E-01  3.516E-01  3.319E-01  3.123E-01  2.930E-01  2.739E-01  2.552E-01  2.368E-01  2.189E-01  2.013E-01  1.843E-01  1.678E-01  1.518E-01  1.365E-01  1.218E-01  1.077E-01  9.436E-02  8.175E-02  6.990E-02  5.882E-02  4.853E-02  3.908E-02  3.051E-02  2.288E-02  1.631E-02  1.089E-02  6.766E-03
  327.0000  6.639E-01  6.450E-01  6.260E-01  6.068E-01  5.874E-01  5.680E-01  5.484E-01  5.287E-01  5.090E-01  4.893E-01  4.690E-01  4.492E-01  4.295E-01  4.102E-01  3.906E-01  3.710E-01  3.516E-01  3.323E-01  3.133E-01  2.944E-01  2.758E-01  2.575E-01  2.395E-01  2.219E-01  2.047E-01  1.879E-01  1.716E-01  1.558E-01  1.406E-01  1.259E-01  1.119E-01  9.860E-02  8.593E-02  7.397E-02  6.272E-02  5.222E-02  4.248E-02  3.355E-02  2.550E-02  1.844E-02  1.250E-02  7.869E-03
  328.0000  6.256E-01  6.074E-01  5.891E-01  5.706E-01  5.520E-01  5.332E-01  5.144E-01  4.955E-01  4.766E-01  4.576E-01  4.382E-01  4.192E-01  4.003E-01  3.819E-01  3.631E-01  3.444E-01  3.258E-01  3.074E-01  2.892E-01  2.713E-01  2.536E-01  2.362E-01  2.191E-01  2.024E-01  1.861E-01  1.703E-01  1.549E-01  1.401E-01  1.258E-01  1.121E-01  9.912E-02  8.674E-02  7.506E-02  6.409E-02  5.384E-02  4.435E-02  3.565E-02  2.777E-02  2.078E-02  1.477E-02  9.836E-03  6.093E-03
  329.0000  6.706E-01  6.518E-01  6.328E-01  6.137E-01  5.944E-01  5.750E-01  5.555E-01  5.358E-01  5.162E-01  4.964E-01  4.762E-01  4.564E-01  4.366E-01  4.174E-01  3.977E-01  3.781E-01  3.586E-01  3.393E-01  3.201E-01  3.012E-01  2.825E-01  2.640E-01  2.459E-01  2.281E-01  2.107E-01  1.938E-01  1.773E-01  1.613E-01  1.458E-01  1.309E-01  1.167E-01  1.030E-01  9.010E-02  7.784E-02  6.628E-02  5.545E-02  4.537E-02  3.607E-02  2.762E-02  2.014E-02  1.377E-02  8.734E-03
  330.0000  7.769E-01  7.552E-01  7.333E-01  7.113E-01  6.890E-01  6.666E-01  6.441E-01  6.215E-01  5.988E-01  5.760E-01  5.527E-01  5.298E-01  5.070E-01  4.848E-01  4.621E-01  4.394E-01  4.169E-01  3.946E-01  3.724E-01  3.505E-01  3.289E-01  3.075E-01  2.866E-01  2.660E-01  2.458E-01  2.261E-01  2.070E-01  1.884E-01  1.705E-01  1.532E-01  1.366E-01  1.208E-01  1.058E-01  9.148E-02  7.802E-02  6.538E-02  5.360E-02  4.272E-02  3.282E-02  2.401E-02  1.647E-02  1.049E-02
  331.0000  6.532E-01  6.347E-01  6.160E-01  5.972E-01  5.782E-01  5.591E-01  5.400E-01  5.207E-01  5.013E-01  4.819E-01  4.620E-01  4.426E-01  4.232E-01  4.043E-01  3.850E-01  3.657E-01  3.466E-01  3.277E-01  3.089E-01  2.903E-01  2.720E-01  2.539E-01  2.362E-01  2.188E-01  2.017E-01  1.852E-01  1.691E-01  1.535E-01  1.384E-01  1.239E-01  1.101E-01  9.691E-02  8.440E-02  7.259E-02  6.150E-02  5.115E-02  4.157E-02  3.279E-02  2.489E-02  1.796E-02  1.215E-02  7.621E-03
  332.0000  6.625E-01  6.441E-01  6.256E-01  6.069E-01  5.881E-01  5.691E-01  5.501E-01  5.309E-01  5.116E-01  4.923E-01  4.725E-01  4.531E-01  4.338E-01  4.149E-01  3.956E-01  3.764E-01  3.572E-01  3.382E-01  3.194E-01  3.008E-01  2.823E-01  2.641E-01  2.462E-01  2.287E-01  2.115E-01  1.947E-01  1.783E-01  1.625E-01  1.471E-01  1.323E-01  1.181E-01  1.045E-01  9.162E-02  7.937E-02  6.780E-02  5.694E-02  4.679E-02  3.739E-02  2.881E-02  2.115E-02  1.456E-02  9.301E-03
  333.0000  7.016E-01  6.824E-01  6.629E-01  6.433E-01  6.235E-01  6.036E-01  5.835E-01  5.633E-01  5.431E-01  5.228E-01  5.020E-01  4.816E-01  4.612E-01  4.413E-01  4.210E-01  4.007E-01  3.806E-01  3.605E-01  3.407E-01  3.210E-01  3.015E-01  2.823E-01  2.634E-01  2.448E-01  2.266E-01  2.089E-01  1.915E-01  1.747E-01  1.584E-01  1.427E-01  1.276E-01  1.131E-01  9.935E-02  8.627E-02  7.391E-02  6.227E-02  5.137E-02  4.124E-02  3.195E-02  2.360E-02  1.636E-02  1.053E-02
  334.0000  6.245E-01  6.072E-01  5.896E-01  5.720E-01  5.541E-01  5.362E-01  5.181E-01  5.000E-01  4.818E-01  4.635E-01  4.448E-01  4.265E-01  4.082E-01  3.903E-01  3.720E-01  3.538E-01  3.357E-01  3.178E-01  2.999E-01  2.823E-01  2.649E-01  2.477E-01  2.307E-01  2.141E-01  1.979E-01  1.820E-01  1.665E-01  1.515E-01  1.371E-01  1.231E-01  1.097E-01  9.693E-02  8.478E-02  7.327E-02  6.243E-02  5.226E-02  4.280E-02  3.406E-02  2.612E-02  1.907E-02  1.304E-02  8.275E-03
  335.0000  7.106E-01  6.912E-01  6.716E-01  6.518E-01  6.319E-01  6.118E-01  5.916E-01  5.713E-01  5.509E-01  5.304E-01  5.094E-01  4.889E-01  4.683E-01  4.482E-01  4.277E-01  4.072E-01  3.869E-01  3.666E-01  3.465E-01  3.266E-01  3.069E-01  2.875E-01  2.684E-01  2.495E-01  2.311E-01  2.130E-01  1.955E-01  1.784E-01  1.618E-01  1.459E-01  1.305E-01  1.158E-01  1.018E-01  8.848E-02  7.589E-02  6.402E-02  5.290E-02  4.256E-02  3.304E-02  2.447E-02  1.702E-02  1.098E-02
  336.0000  6.036E-01  5.872E-01  5.706E-01  5.539E-01  5.371E-01  5.201E-01  5.030E-01  4.858E-01  4.686E-01  4.512E-01  4.335E-01  4.161E-01  3.987E-01  3.816E-01  3.643E-01  3.469E-01  3.297E-01  3.125E-01  2.955E-01  2.786E-01  2.619E-01  2.454E-01  2.292E-01  2.132E-01  1.975E-01  1.822E-01  1.673E-01  1.527E-01  1.387E-01  1.251E-01  1.120E-01  9.947E-02  8.752E-02  7.616E-02  6.541E-02  5.527E-02  4.576E-02  3.690E-02  2.873E-02  2.135E-02  1.490E-02  9.646E-03
  337.0000  5.744E-01  5.586E-01  5.427E-01  5.267E-01  5.105E-01  4.943E-01  4.779E-01  4.614E-01  4.449E-01  4.283E-01  4.112E-01  3.946E-01  3.779E-01  3.616E-01  3.449E-01  3.284E-01  3.118E-01  2.954E-01  2.791E-01  2.630E-01  2.470E-01  2.313E-01  2.157E-01  2.005E-01  1.855E-01  1.709E-01  1.566E-01  1.428E-01  1.294E-01  1.165E-01  1.041E-01  9.218E-02  8.087E-02  7.014E-02  6.001E-02  5.048E-02  4.157E-02  3.331E-02  2.574E-02  1.896E-02  1.310E-02  8.389E-03
  338.0000  6.432E-01  6.256E-01  6.080E-01  5.901E-01  5.721E-01  5.540E-01  5.357E-01  5.174E-01  4.990E-01  4.804E-01  4.615E-01  4.429E-01  4.243E-01  4.061E-01  3.875E-01  3.690E-01  3.506E-01  3.323E-01  3.141E-01  2.960E-01  2.782E-01  2.606E-01  2.432E-01  2.261E-01  2.094E-01  1.930E-01  1.770E-01  1.615E-01  1.465E-01  1.320E-01  1.180E-01  1.047E-01  9.197E-02  7.989E-02  6.847E-02  5.772E-02  4.765E-02  3.830E-02  2.970E-02  2.196E-02  1.524E-02  9.806E-03
  339.0000  6.814E-01  6.630E-01  6.444E-01  6.256E-01  6.067E-01  5.877E-01  5.685E-01  5.492E-01  5.299E-01  5.104E-01  4.904E-01  4.709E-01  4.513E-01  4.322E-01  4.126E-01  3.931E-01  3.737E-01  3.544E-01  3.352E-01  3.161E-01  2.973E-01  2.787E-01  2.603E-01  2.423E-01  2.246E-01  2.072E-01  1.903E-01  1.738E-01  1.579E-01  1.425E-01  1.276E-01  1.134E-01  9.987E-02  8.697E-02  7.477E-02  6.325E-02  5.244E-02  4.235E-02  3.304E-02  2.460E-02  1.721E-02  1.116E-02
  340.0000  7.678E-01  7.470E-01  7.260E-01  7.049E-01  6.835E-01  6.620E-01  6.403E-01  6.186E-01  5.967E-01  5.747E-01  5.521E-01  5.301E-01  5.080E-01  4.863E-01  4.643E-01  4.422E-01  4.203E-01  3.985E-01  3.768E-01  3.553E-01  3.340E-01  3.130E-01  2.923E-01  2.719E-01  2.519E-01  2.324E-01  2.133E-01  1.947E-01  1.767E-01  1.593E-01  1.426E-01  1.266E-01  1.113E-01  9.683E-02  8.310E-02  7.018E-02  5.806E-02  4.678E-02  3.639E-02  2.700E-02  1.880E-02  1.214E-02
  341.0000  6.744E-01  6.563E-01  6.379E-01  6.194E-01  6.007E-01  5.819E-01  5.629E-01  5.439E-01  5.247E-01  5.054E-01  4.857E-01  4.664E-01  4.470E-01  4.281E-01  4.087E-01  3.894E-01  3.702E-01  3.510E-01  3.320E-01  3.132E-01  2.945E-01  2.761E-01  2.579E-01  2.400E-01  2.224E-01  2.052E-01  1.884E-01  1.721E-01  1.563E-01  1.410E-01  1.263E-01  1.122E-01  9.871E-02  8.593E-02  7.383E-02  6.242E-02  5.172E-02  4.174E-02  3.254E-02  2.420E-02  1.690E-02  1.095E-02
  342.0000  6.881E-01  6.696E-01  6.510E-01  6.322E-01  6.132E-01  5.941E-01  5.748E-01  5.554E-01  5.360E-01  5.164E-01  4.963E-01  4.767E-01  4.570E-01  4.377E-01  4.180E-01  3.984E-01  3.788E-01  3.593E-01  3.400E-01  3.208E-01  3.018E-01  2.830E-01  2.644E-01  2.462E-01  2.283E-01  2.107E-01  1.936E-01  1.769E-01  1.607E-01  1.451E-01  1.301E-01  1.156E-01  1.019E-01  8.876E-02  7.636E-02  6.467E-02  5.368E-02  4.342E-02  3.394E-02  2.532E-02  1.775E-02  1.154E-02
  343.0000  7.232E-01  7.039E-01  6.843E-01  6.645E-01  6.446E-01  6.245E-01  6.043E-01  5.839E-01  5.635E-01  5.429E-01  5.219E-01  5.012E-01  4.805E-01  4.603E-01  4.396E-01  4.189E-01  3.984E-01  3.779E-01  3.576E-01  3.374E-01  3.174E-01  2.976E-01  2.781E-01  2.589E-01  2.401E-01  2.216E-01  2.036E-01  1.860E-01  1.690E-01  1.525E-01  1.367E-01  1.215E-01  1.070E-01  9.327E-02  8.022E-02  6.792E-02  5.637E-02  4.558E-02  3.562E-02  2.657E-02  1.861E-02  1.209E-02
  344.0000  5.872E-01  5.714E-01  5.555E-01  5.394E-01  5.231E-01  5.068E-01  4.903E-01  4.738E-01  4.571E-01  4.404E-01  4.232E-01  4.064E-01  3.896E-01  3.731E-01  3.563E-01  3.395E-01  3.227E-01  3.061E-01  2.895E-01  2.731E-01  2.568E-01  2.407E-01  2.249E-01  2.092E-01  1.939E-01  1.789E-01  1.642E-01  1.500E-01  1.361E-01  1.228E-01  1.099E-01  9.761E-02  8.586E-02  7.470E-02  6.414E-02  5.420E-02  4.487E-02  3.619E-02  2.818E-02  2.094E-02  1.459E-02  9.428E-03
  345.0000  6.555E-01  6.380E-01  6.203E-01  6.024E-01  5.844E-01  5.662E-01  5.480E-01  5.295E-01  5.110E-01  4.924E-01  4.734E-01  4.547E-01  4.360E-01  4.176E-01  3.989E-01  3.802E-01  3.616E-01  3.430E-01  3.246E-01  3.063E-01  2.881E-01  2.702E-01  2.525E-01  2.351E-01  2.180E-01  2.012E-01  1.849E-01  1.689E-01  1.535E-01  1.385E-01  1.241E-01  1.103E-01  9.715E-02  8.464E-02  7.279E-02  6.162E-02  5.113E-02  4.135E-02  3.230E-02  2.409E-02  1.687E-02  1.095E-02
  346.0000  6.678E-01  6.500E-01  6.319E-01  6.137E-01  5.953E-01  5.768E-01  5.581E-01  5.394E-01  5.205E-01  5.015E-01  4.821E-01  4.630E-01  4.439E-01  4.252E-01  4.061E-01  3.870E-01  3.680E-01  3.491E-01  3.303E-01  3.116E-01  2.931E-01  2.748E-01  2.568E-01  2.390E-01  2.216E-01  2.045E-01  1.878E-01  1.715E-01  1.557E-01  1.405E-01  1.258E-01  1.118E-01  9.835E-02  8.560E-02  7.355E-02  6.219E-02  5.154E-02  4.161E-02  3.244E-02  2.414E-02  1.685E-02  1.090E-02
  347.0000  7.183E-01  6.992E-01  6.798E-01  6.603E-01  6.405E-01  6.207E-01  6.006E-01  5.805E-01  5.602E-01  5.399E-01  5.190E-01  4.985E-01  4.780E-01  4.579E-01  4.374E-01  4.169E-01  3.964E-01  3.761E-01  3.559E-01  3.358E-01  3.159E-01  2.963E-01  2.769E-01  2.577E-01  2.390E-01  2.205E-01  2.026E-01  1.851E-01  1.681E-01  1.517E-01  1.359E-01  1.207E-01  1.062E-01  9.250E-02  7.950E-02  6.726E-02  5.577E-02  4.506E-02  3.516E-02  2.619E-02  1.830E-02  1.185E-02
  348.0000  6.258E-01  6.091E-01  5.923E-01  5.753E-01  5.581E-01  5.409E-01  5.234E-01  5.059E-01  4.883E-01  4.706E-01  4.524E-01  4.346E-01  4.168E-01  3.993E-01  3.814E-01  3.636E-01  3.458E-01  3.281E-01  3.105E-01  2.931E-01  2.757E-01  2.586E-01  2.417E-01  2.250E-01  2.087E-01  1.926E-01  1.770E-01  1.617E-01  1.469E-01  1.325E-01  1.188E-01  1.055E-01  9.291E-02  8.092E-02  6.957E-02  5.888E-02  4.885E-02  3.949E-02  3.084E-02  2.299E-02  1.608E-02  1.042E-02
  349.0000  6.423E-01  6.252E-01  6.080E-01  5.906E-01  5.730E-01  5.553E-01  5.374E-01  5.195E-01  5.014E-01  4.833E-01  4.647E-01  4.464E-01  4.281E-01  4.102E-01  3.919E-01  3.736E-01  3.554E-01  3.372E-01  3.191E-01  3.012E-01  2.834E-01  2.659E-01  2.485E-01  2.314E-01  2.146E-01  1.981E-01  1.820E-01  1.663E-01  1.511E-01  1.364E-01  1.222E-01  1.086E-01  9.564E-02  8.331E-02  7.164E-02  6.064E-02  5.033E-02  4.070E-02  3.181E-02  2.372E-02  1.660E-02  1.077E-02
  350.0000  7.421E-01  7.225E-01  7.025E-01  6.824E-01  6.622E-01  6.417E-01  6.211E-01  6.004E-01  5.795E-01  5.586E-01  5.371E-01  5.160E-01  4.949E-01  4.741E-01  4.530E-01  4.319E-01  4.108E-01  3.898E-01  3.689E-01  3.482E-01  3.277E-01  3.074E-01  2.873E-01  2.675E-01  2.481E-01  2.290E-01  2.104E-01  1.923E-01  1.746E-01  1.576E-01  1.412E-01  1.255E-01  1.105E-01  9.621E-02  8.271E-02  7.000E-02  5.808E-02  4.696E-02  3.668E-02  2.734E-02  1.913E-02  1.239E-02
------------------------------------------------------------
