Spectral Irradiance, W m-2 nm-1
values at z =      3.216 km
Columns: wavelength (nm), solar zenith angles (deg.)
    wc, nm     49.000     50.000     51.000     52.000     53.000     54.000     55.000     56.000     57.000     58.000     59.000     60.000     61.000     62.000     63.000     64.000     65.000     66.000     67.000     68.000     69.000     70.000     71.000     72.000     73.000     74.000     75.000     76.000     77.000     78.000     79.000     80.000     81.000     82.000     83.000     84.000     85.000     86.000     87.000     88.000     89.000     90.000
  280.0000  0.000E+00  0.000E+00  0.000E+00  0.000E+00  0.000E+00  0.000E+00  0.000E+00  0.000E+00  0.000E+00  0.000E+00  0.000E+00  0.000E+00  0.000E+00  0.000E+00  0.000E+00  0.000E+00  0.000E+00  0.000E+00  0.000E+00  0.000E+00  0.000E+00  0.000E+00  0.000E+00  0.000E+00  0.000E+00  0.000E+00  0.000E+00  0.000E+00  0.000E+00  0.000E+00  0.000E+00  0.000E+00  0.000E+00  0.000E+00  0.000E+00  0.000E+00  0.000E+00  0.000E+00  0.000E+00  0.000E+00  0.000E+00  0.000E+00
  281.0000  0.000E+00  0.000E+00  0.000E+00  0.000E+00  0.000E+00  0.000E+00  0.000E+00  0.000E+00  0.000E+00  0.000E+00  0.000E+00  0.000E+00  0.000E+00  0.000E+00  0.000E+00  0.000E+00  0.000E+00  0.000E+00  0.000E+00  0.000E+00  0.000E+00  0.000E+00  0.000E+00  0.000E+00  0.000E+00  0.000E+00  0.000E+00  0.000E+00  0.000E+00  0.000E+00  0.000E+00  0.000E+00  0.000E+00  0.000E+00  0.000E+00  0.000E+00  0.000E+00  0.000E+00  0.000E+00  0.000E+00  0.000E+00  0.000E+00
  282.0000  0.000E+00  0.000E+00  0.000E+00  0.000E+00  0.000E+00  0.000E+00  0.000E+00  0.000E+00  0.000E+00  0.000E+00  0.000E+00  0.000E+00  0.000E+00  0.000E+00  0.000E+00  0.000E+00  0.000E+00  0.000E+00  0.000E+00  0.000E+00  0.000E+00  0.000E+00  0.000E+00  0.000E+00  0.000E+00  0.000E+00  0.000E+00  0.000E+00  0.000E+00  0.000E+00  0.000E+00  0.000E+00  0.000E+00  0.000E+00  0.000E+00  0.000E+00  0.000E+00  0.000E+00  0.000E+00  0.000E+00  0.000E+00  0.000E+00
  283.0000  0.000E+00  0.000E+00  0.000E+00  0.000E+00  0.000E+00  0.000E+00  0.000E+00  0.000E+00  0.000E+00  0.000E+00  0.000E+00  0.000E+00  0.000E+00  0.000E+00  0.000E+00  0.000E+00  0.000E+00  0.000E+00  0.000E+00  0.000E+00  0.000E+00  0.000E+00  0.000E+00  0.000E+00  0.000E+00  0.000E+00  0.000E+00  0.000E+00  0.000E+00  0.000E+00  0.000E+00  0.000E+00  0.000E+00  0.000E+00  0.000E+00  0.000E+00  0.000E+00  0.000E+00  0.000E+00  0.000E+00  0.000E+00  0.000E+00
  284.0000  0.000E+00  0.000E+00  0.000E+00  0.000E+00  0.000E+00  0.000E+00  0.000E+00  0.000E+00  0.000E+00  0.000E+00  0.000E+00  0.000E+00  0.000E+00  0.000E+00  0.000E+00  0.000E+00  0.000E+00  0.000E+00  0.000E+00  0.000E+00  0.000E+00  0.000E+00  0.000E+00  0.000E+00  0.000E+00  0.000E+00  0.000E+00  0.000E+00  0.000E+00  0.000E+00  0.000E+00  0.000E+00  0.000E+00  0.000E+00  0.000E+00  0.000E+00  0.000E+00  0.000E+00  0.000E+00  0.000E+00  0.000E+00  0.000E+00
  285.0000  0.000E+00  0.000E+00  0.000E+00  0.000E+00  0.000E+00  0.000E+00  0.000E+00  0.000E+00  0.000E+00  0.000E+00  0.000E+00  0.000E+00  0.000E+00  0.000E+00  0.000E+00  0.000E+00  0.000E+00  0.000E+00  0.000E+00  0.000E+00  0.000E+00  0.000E+00  0.000E+00  0.000E+00  0.000E+00  0.000E+00  0.000E+00  0.000E+00  0.000E+00  0.000E+00  0.000E+00  0.000E+00  0.000E+00  0.000E+00  0.000E+00  0.000E+00  0.000E+00  0.000E+00  0.000E+00  0.000E+00  0.000E+00  0.000E+00
  286.0000  0.000E+00  0.000E+00  0.000E+00  0.000E+00  0.000E+00  0.000E+00  0.000E+00  0.000E+00  0.000E+00  0.000E+00  0.000E+00  0.000E+00  0.000E+00  0.000E+00  0.000E+00  0.000E+00  0.000E+00  0.000E+00  0.000E+00  0.000E+00  0.000E+00  0.000E+00  0.000E+00  0.000E+00  0.000E+00  0.000E+00  0.000E+00  0.000E+00  0.000E+00  0.000E+00  0.000E+00  0.000E+00  0.000E+00  0.000E+00  0.000E+00  0.000E+00  0.000E+00  0.000E+00  0.000E+00  0.000E+00  0.000E+00  0.000E+00
  287.0000  0.000E+00  0.000E+00  0.000E+00  0.000E+00  0.000E+00  0.000E+00  0.000E+00  0.000E+00  0.000E+00  0.000E+00  0.000E+00  0.000E+00  0.000E+00  0.000E+00  0.000E+00  0.000E+00  0.000E+00  0.000E+00  0.000E+00  0.000E+00  0.000E+00  0.000E+00  0.000E+00  0.000E+00  0.000E+00  0.000E+00  0.000E+00  0.000E+00  0.000E+00  0.000E+00  0.000E+00  0.000E+00  0.000E+00  0.000E+00  0.000E+00  0.000E+00  0.000E+00  0.000E+00  0.000E+00  0.000E+00  0.000E+00  0.000E+00
  288.0000  0.000E+00  0.000E+00  0.000E+00  0.000E+00  0.000E+00  0.000E+00  0.000E+00  0.000E+00  0.000E+00  0.000E+00  0.000E+00  0.000E+00  0.000E+00  0.000E+00  0.000E+00  0.000E+00  0.000E+00  0.000E+00  0.000E+00  0.000E+00  0.000E+00  0.000E+00  0.000E+00  0.000E+00  0.000E+00  0.000E+00  0.000E+00  0.000E+00  0.000E+00  0.000E+00  0.000E+00  0.000E+00  0.000E+00  0.000E+00  0.000E+00  0.000E+00  0.000E+00  0.000E+00  0.000E+00  0.000E+00  0.000E+00  0.000E+00
  289.0000  1.288E-07  9.416E-08  6.770E-08  4.784E-08  3.319E-08  2.257E-08  1.504E-08  9.805E-09  6.247E-09  3.888E-09  2.393E-09  1.369E-09  8.068E-10  4.627E-10  2.621E-10  1.487E-10  8.644E-11  5.276E-11  3.453E-11  2.445E-11  1.859E-11  1.493E-11  1.245E-11  1.064E-11  9.242E-12  8.120E-12  7.194E-12  6.414E-12  5.744E-12  5.162E-12  4.648E-12  4.189E-12  3.774E-12  3.394E-12  3.043E-12  2.712E-12  2.399E-12  2.097E-12  1.803E-12  1.513E-12  1.226E-12  9.461E-13
  290.0000  8.922E-07  6.731E-07  5.005E-07  3.664E-07  2.638E-07  1.867E-07  1.297E-07  8.833E-08  5.895E-08  3.852E-08  2.458E-08  1.511E-08  9.378E-09  5.676E-09  3.383E-09  2.006E-09  1.202E-09  7.420E-10  4.813E-10  3.328E-10  2.460E-10  1.927E-10  1.577E-10  1.330E-10  1.144E-10  9.983E-11  8.793E-11  7.798E-11  6.952E-11  6.220E-11  5.579E-11  5.010E-11  4.498E-11  4.033E-11  3.605E-11  3.205E-11  2.828E-11  2.466E-11  2.116E-11  1.773E-11  1.434E-11  1.107E-11
  291.0000  3.429E-06  2.655E-06  2.028E-06  1.528E-06  1.134E-06  8.281E-07  5.949E-07  4.201E-07  2.910E-07  1.978E-07  1.332E-07  8.459E-08  5.477E-08  3.464E-08  2.155E-08  1.327E-08  8.197E-09  5.146E-09  3.341E-09  2.279E-09  1.647E-09  1.259E-09  1.010E-09  8.392E-10  7.144E-10  6.183E-10  5.412E-10  4.775E-10  4.237E-10  3.775E-10  3.372E-10  3.017E-10  2.700E-10  2.413E-10  2.150E-10  1.907E-10  1.678E-10  1.460E-10  1.250E-10  1.046E-10  8.447E-11  6.512E-11
  292.0000  1.534E-05  1.226E-05  9.691E-06  7.565E-06  5.830E-06  4.433E-06  3.321E-06  2.450E-06  1.779E-06  1.270E-06  8.895E-07  6.054E-07  4.135E-07  2.766E-07  1.819E-07  1.180E-07  7.616E-08  4.935E-08  3.249E-08  2.203E-08  1.557E-08  1.155E-08  8.979E-09  7.269E-09  6.068E-09  5.176E-09  4.481E-09  3.919E-09  3.451E-09  3.055E-09  2.712E-09  2.412E-09  2.147E-09  1.909E-09  1.694E-09  1.495E-09  1.311E-09  1.137E-09  9.702E-10  8.090E-10  6.519E-10  5.019E-10
  293.0000  4.027E-05  3.283E-05  2.649E-05  2.114E-05  1.667E-05  1.298E-05  9.982E-06  7.568E-06  5.655E-06  4.161E-06  3.037E-06  2.119E-06  1.495E-06  1.035E-06  7.048E-07  4.728E-07  3.145E-07  2.088E-07  1.396E-07  9.505E-08  6.668E-08  4.865E-08  3.706E-08  2.940E-08  2.414E-08  2.033E-08  1.743E-08  1.513E-08  1.325E-08  1.166E-08  1.031E-08  9.129E-09  8.092E-09  7.169E-09  6.336E-09  5.575E-09  4.872E-09  4.213E-09  3.586E-09  2.983E-09  2.399E-09  1.844E-09
  294.0000  1.316E-04  1.099E-04  9.095E-05  7.454E-05  6.047E-05  4.852E-05  3.850E-05  3.017E-05  2.334E-05  1.782E-05  1.336E-05  9.836E-06  7.229E-06  5.224E-06  3.714E-06  2.600E-06  1.801E-06  1.238E-06  8.503E-07  5.876E-07  4.126E-07  2.972E-07  2.213E-07  1.710E-07  1.368E-07  1.127E-07  9.507E-08  8.149E-08  7.063E-08  6.167E-08  5.411E-08  4.761E-08  4.194E-08  3.693E-08  3.246E-08  2.842E-08  2.471E-08  2.127E-08  1.804E-08  1.495E-08  1.198E-08  9.188E-09
  295.0000  3.062E-04  2.601E-04  2.191E-04  1.829E-04  1.514E-04  1.240E-04  1.006E-04  8.067E-05  6.396E-05  5.009E-05  3.893E-05  2.926E-05  2.212E-05  1.647E-05  1.208E-05  8.723E-06  6.224E-06  4.400E-06  3.092E-06  2.173E-06  1.538E-06  1.106E-06  8.141E-07  6.178E-07  4.843E-07  3.914E-07  3.247E-07  2.748E-07  2.358E-07  2.043E-07  1.780E-07  1.557E-07  1.365E-07  1.196E-07  1.046E-07  9.113E-08  7.891E-08  6.766E-08  5.715E-08  4.721E-08  3.773E-08  2.886E-08
  296.0000  9.869E-04  8.547E-04  7.348E-04  6.270E-04  5.308E-04  4.455E-04  3.705E-04  3.052E-04  2.489E-04  2.008E-04  1.598E-04  1.252E-04  9.784E-05  7.546E-05  5.737E-05  4.298E-05  3.181E-05  2.328E-05  1.689E-05  1.218E-05  8.779E-06  6.358E-06  4.662E-06  3.486E-06  2.672E-06  2.106E-06  1.706E-06  1.414E-06  1.193E-06  1.020E-06  8.799E-07  7.629E-07  6.631E-07  5.767E-07  5.009E-07  4.336E-07  3.730E-07  3.179E-07  2.671E-07  2.195E-07  1.746E-07  1.331E-07
  297.0000  1.251E-03  1.098E-03  9.570E-04  8.287E-04  7.123E-04  6.076E-04  5.141E-04  4.312E-04  3.584E-04  2.950E-04  2.413E-04  1.922E-04  1.536E-04  1.213E-04  9.456E-05  7.267E-05  5.518E-05  4.142E-05  3.077E-05  2.267E-05  1.662E-05  1.217E-05  8.961E-06  6.673E-06  5.058E-06  3.922E-06  3.117E-06  2.538E-06  2.109E-06  1.781E-06  1.521E-06  1.308E-06  1.129E-06  9.756E-07  8.423E-07  7.250E-07  6.204E-07  5.260E-07  4.397E-07  3.598E-07  2.851E-07  2.166E-07
  298.0000  3.724E-03  3.315E-03  2.935E-03  2.582E-03  2.258E-03  1.961E-03  1.690E-03  1.446E-03  1.227E-03  1.033E-03  8.642E-04  7.064E-04  5.790E-04  4.697E-04  3.763E-04  2.976E-04  2.327E-04  1.798E-04  1.375E-04  1.040E-04  7.808E-05  5.827E-05  4.341E-05  3.244E-05  2.445E-05  1.870E-05  1.457E-05  1.160E-05  9.435E-06  7.817E-06  6.571E-06  5.579E-06  4.766E-06  4.082E-06  3.495E-06  2.984E-06  2.534E-06  2.133E-06  1.771E-06  1.440E-06  1.135E-06  8.575E-07
  299.0000  5.578E-03  5.016E-03  4.487E-03  3.993E-03  3.532E-03  3.105E-03  2.712E-03  2.352E-03  2.025E-03  1.730E-03  1.463E-03  1.224E-03  1.021E-03  8.432E-04  6.886E-04  5.556E-04  4.435E-04  3.500E-04  2.732E-04  2.110E-04  1.614E-04  1.224E-04  9.238E-05  6.958E-05  5.255E-05  3.999E-05  3.084E-05  2.419E-05  1.934E-05  1.576E-05  1.306E-05  1.095E-05  9.263E-06  7.867E-06  6.687E-06  5.671E-06  4.784E-06  4.001E-06  3.302E-06  2.669E-06  2.093E-06  1.575E-06
  300.0000  7.993E-03  7.268E-03  6.577E-03  5.924E-03  5.308E-03  4.731E-03  4.191E-03  3.691E-03  3.229E-03  2.805E-03  2.417E-03  2.059E-03  1.750E-03  1.476E-03  1.231E-03  1.016E-03  8.299E-04  6.708E-04  5.364E-04  4.243E-04  3.322E-04  2.575E-04  1.980E-04  1.513E-04  1.153E-04  8.788E-05  6.736E-05  5.216E-05  4.097E-05  3.272E-05  2.657E-05  2.189E-05  1.824E-05  1.530E-05  1.286E-05  1.080E-05  9.031E-06  7.487E-06  6.126E-06  4.913E-06  3.823E-06  2.858E-06
  301.0000  1.518E-02  1.392E-02  1.271E-02  1.155E-02  1.045E-02  9.412E-03  8.430E-03  7.509E-03  6.649E-03  5.851E-03  5.109E-03  4.417E-03  3.810E-03  3.263E-03  2.767E-03  2.323E-03  1.932E-03  1.591E-03  1.296E-03  1.046E-03  8.344E-04  6.590E-04  5.154E-04  3.997E-04  3.080E-04  2.364E-04  1.815E-04  1.398E-04  1.087E-04  8.550E-05  6.826E-05  5.530E-05  4.537E-05  3.756E-05  3.124E-05  2.599E-05  2.153E-05  1.770E-05  1.436E-05  1.143E-05  8.829E-06  6.557E-06
  302.0000  1.920E-02  1.774E-02  1.632E-02  1.495E-02  1.364E-02  1.239E-02  1.121E-02  1.008E-02  9.020E-03  8.024E-03  7.058E-03  6.207E-03  5.421E-03  4.706E-03  4.048E-03  3.450E-03  2.914E-03  2.439E-03  2.022E-03  1.659E-03  1.347E-03  1.083E-03  8.611E-04  6.782E-04  5.296E-04  4.106E-04  3.170E-04  2.445E-04  1.891E-04  1.473E-04  1.160E-04  9.245E-05  7.465E-05  6.092E-05  5.005E-05  4.120E-05  3.383E-05  2.756E-05  2.217E-05  1.749E-05  1.340E-05  9.887E-06
  303.0000  4.080E-02  3.796E-02  3.519E-02  3.252E-02  2.993E-02  2.743E-02  2.504E-02  2.275E-02  2.058E-02  1.851E-02  1.648E-02  1.468E-02  1.299E-02  1.143E-02  9.977E-03  8.635E-03  7.414E-03  6.312E-03  5.325E-03  4.451E-03  3.683E-03  3.016E-03  2.445E-03  1.961E-03  1.557E-03  1.225E-03  9.562E-04  7.421E-04  5.744E-04  4.450E-04  3.463E-04  2.717E-04  2.154E-04  1.726E-04  1.394E-04  1.131E-04  9.168E-05  7.384E-05  5.874E-05  4.583E-05  3.475E-05  2.539E-05
  304.0000  4.834E-02  4.519E-02  4.210E-02  3.910E-02  3.618E-02  3.336E-02  3.064E-02  2.802E-02  2.551E-02  2.311E-02  2.075E-02  1.862E-02  1.661E-02  1.475E-02  1.299E-02  1.135E-02  9.849E-03  8.477E-03  7.233E-03  6.117E-03  5.124E-03  4.250E-03  3.489E-03  2.834E-03  2.277E-03  1.812E-03  1.428E-03  1.116E-03  8.676E-04  6.722E-04  5.210E-04  4.055E-04  3.179E-04  2.515E-04  2.006E-04  1.609E-04  1.292E-04  1.031E-04  8.135E-05  6.295E-05  4.735E-05  3.434E-05
  305.0000  7.328E-02  6.890E-02  6.460E-02  6.038E-02  5.626E-02  5.225E-02  4.835E-02  4.458E-02  4.093E-02  3.742E-02  3.390E-02  3.075E-02  2.772E-02  2.491E-02  2.218E-02  1.964E-02  1.726E-02  1.506E-02  1.305E-02  1.120E-02  9.536E-03  8.042E-03  6.715E-03  5.549E-03  4.537E-03  3.670E-03  2.936E-03  2.326E-03  1.825E-03  1.422E-03  1.102E-03  8.525E-04  6.606E-04  5.142E-04  4.027E-04  3.172E-04  2.504E-04  1.969E-04  1.533E-04  1.171E-04  8.691E-05  6.227E-05
  306.0000  7.356E-02  6.942E-02  6.535E-02  6.134E-02  5.741E-02  5.356E-02  4.981E-02  4.615E-02  4.261E-02  3.918E-02  3.573E-02  3.261E-02  2.960E-02  2.678E-02  2.403E-02  2.144E-02  1.901E-02  1.674E-02  1.463E-02  1.269E-02  1.092E-02  9.307E-03  7.859E-03  6.570E-03  5.435E-03  4.448E-03  3.599E-03  2.880E-03  2.280E-03  1.788E-03  1.391E-03  1.075E-03  8.294E-04  6.401E-04  4.955E-04  3.852E-04  3.002E-04  2.334E-04  1.798E-04  1.359E-04  9.992E-05  7.091E-05
  307.0000  1.015E-01  9.621E-02  9.093E-02  8.573E-02  8.061E-02  7.558E-02  7.065E-02  6.582E-02  6.112E-02  5.654E-02  5.184E-02  4.769E-02  4.359E-02  3.973E-02  3.595E-02  3.235E-02  2.894E-02  2.573E-02  2.272E-02  1.992E-02  1.733E-02  1.495E-02  1.278E-02  1.082E-02  9.069E-03  7.521E-03  6.167E-03  4.998E-03  4.003E-03  3.169E-03  2.482E-03  1.926E-03  1.483E-03  1.137E-03  8.708E-04  6.672E-04  5.118E-04  3.918E-04  2.975E-04  2.221E-04  1.612E-04  1.130E-04
  308.0000  1.268E-01  1.206E-01  1.144E-01  1.083E-01  1.023E-01  9.631E-02  9.045E-02  8.469E-02  7.905E-02  7.354E-02  6.792E-02  6.279E-02  5.777E-02  5.301E-02  4.832E-02  4.382E-02  3.952E-02  3.545E-02  3.159E-02  2.797E-02  2.458E-02  2.144E-02  1.854E-02  1.589E-02  1.349E-02  1.133E-02  9.417E-03  7.733E-03  6.273E-03  5.025E-03  3.975E-03  3.106E-03  2.400E-03  1.838E-03  1.398E-03  1.059E-03  8.001E-04  6.028E-04  4.507E-04  3.315E-04  2.373E-04  1.640E-04
  309.0000  1.361E-01  1.297E-01  1.233E-01  1.170E-01  1.107E-01  1.046E-01  9.844E-02  9.242E-02  8.653E-02  8.074E-02  7.485E-02  6.941E-02  6.409E-02  5.903E-02  5.402E-02  4.921E-02  4.459E-02  4.018E-02  3.600E-02  3.205E-02  2.833E-02  2.486E-02  2.164E-02  1.868E-02  1.597E-02  1.351E-02  1.131E-02  9.361E-03  7.652E-03  6.175E-03  4.917E-03  3.863E-03  2.996E-03  2.297E-03  1.743E-03  1.314E-03  9.848E-04  7.349E-04  5.440E-04  3.964E-04  2.811E-04  1.926E-04
  310.0000  1.429E-01  1.367E-01  1.305E-01  1.243E-01  1.182E-01  1.121E-01  1.060E-01  1.000E-01  9.415E-02  8.835E-02  8.245E-02  7.691E-02  7.148E-02  6.630E-02  6.114E-02  5.613E-02  5.130E-02  4.665E-02  4.220E-02  3.795E-02  3.392E-02  3.011E-02  2.654E-02  2.320E-02  2.011E-02  1.727E-02  1.468E-02  1.234E-02  1.025E-02  8.400E-03  6.792E-03  5.411E-03  4.245E-03  3.278E-03  2.494E-03  1.871E-03  1.387E-03  1.017E-03  7.376E-04  5.263E-04  3.657E-04  2.455E-04
  311.0000  2.464E-01  2.360E-01  2.256E-01  2.153E-01  2.050E-01  1.948E-01  1.846E-01  1.746E-01  1.647E-01  1.549E-01  1.449E-01  1.355E-01  1.263E-01  1.175E-01  1.087E-01  1.001E-01  9.179E-02  8.378E-02  7.608E-02  6.871E-02  6.168E-02  5.501E-02  4.872E-02  4.282E-02  3.733E-02  3.224E-02  2.758E-02  2.333E-02  1.951E-02  1.611E-02  1.311E-02  1.052E-02  8.300E-03  6.441E-03  4.914E-03  3.688E-03  2.726E-03  1.988E-03  1.430E-03  1.011E-03  6.959E-04  4.629E-04
  312.0000  2.280E-01  2.189E-01  2.097E-01  2.006E-01  1.915E-01  1.824E-01  1.734E-01  1.644E-01  1.556E-01  1.468E-01  1.379E-01  1.294E-01  1.210E-01  1.130E-01  1.050E-01  9.717E-02  8.955E-02  8.217E-02  7.503E-02  6.817E-02  6.158E-02  5.530E-02  4.933E-02  4.370E-02  3.840E-02  3.346E-02  2.889E-02  2.468E-02  2.085E-02  1.740E-02  1.432E-02  1.161E-02  9.256E-03  7.249E-03  5.570E-03  4.195E-03  3.098E-03  2.245E-03  1.597E-03  1.113E-03  7.547E-04  4.942E-04
  313.0000  2.640E-01  2.539E-01  2.438E-01  2.337E-01  2.237E-01  2.136E-01  2.036E-01  1.936E-01  1.837E-01  1.739E-01  1.639E-01  1.544E-01  1.449E-01  1.359E-01  1.268E-01  1.178E-01  1.091E-01  1.006E-01  9.239E-02  8.442E-02  7.674E-02  6.937E-02  6.232E-02  5.562E-02  4.928E-02  4.332E-02  3.775E-02  3.257E-02  2.781E-02  2.346E-02  1.953E-02  1.602E-02  1.293E-02  1.024E-02  7.947E-03  6.032E-03  4.471E-03  3.235E-03  2.284E-03  1.572E-03  1.049E-03  6.754E-04
  314.0000  2.916E-01  2.807E-01  2.697E-01  2.588E-01  2.479E-01  2.370E-01  2.261E-01  2.152E-01  2.045E-01  1.938E-01  1.829E-01  1.725E-01  1.622E-01  1.523E-01  1.423E-01  1.325E-01  1.229E-01  1.136E-01  1.045E-01  9.569E-02  8.719E-02  7.902E-02  7.118E-02  6.371E-02  5.662E-02  4.994E-02  4.366E-02  3.782E-02  3.242E-02  2.747E-02  2.297E-02  1.893E-02  1.535E-02  1.221E-02  9.517E-03  7.249E-03  5.385E-03  3.897E-03  2.745E-03  1.880E-03  1.247E-03  7.975E-04
  315.0000  3.080E-01  2.971E-01  2.862E-01  2.753E-01  2.643E-01  2.534E-01  2.425E-01  2.315E-01  2.207E-01  2.099E-01  1.988E-01  1.882E-01  1.777E-01  1.675E-01  1.573E-01  1.471E-01  1.372E-01  1.275E-01  1.180E-01  1.088E-01  9.977E-02  9.108E-02  8.270E-02  7.464E-02  6.694E-02  5.961E-02  5.268E-02  4.615E-02  4.004E-02  3.437E-02  2.915E-02  2.438E-02  2.007E-02  1.623E-02  1.285E-02  9.935E-03  7.471E-03  5.447E-03  3.839E-03  2.609E-03  1.703E-03  1.067E-03
  316.0000  2.509E-01  2.421E-01  2.333E-01  2.245E-01  2.156E-01  2.067E-01  1.979E-01  1.890E-01  1.802E-01  1.715E-01  1.625E-01  1.539E-01  1.453E-01  1.371E-01  1.288E-01  1.205E-01  1.125E-01  1.046E-01  9.683E-02  8.930E-02  8.198E-02  7.489E-02  6.805E-02  6.147E-02  5.517E-02  4.918E-02  4.350E-02  3.814E-02  3.313E-02  2.847E-02  2.418E-02  2.025E-02  1.670E-02  1.352E-02  1.072E-02  8.300E-03  6.249E-03  4.560E-03  3.215E-03  2.184E-03  1.424E-03  8.906E-04
  317.0000  3.862E-01  3.733E-01  3.603E-01  3.472E-01  3.342E-01  3.210E-01  3.079E-01  2.948E-01  2.817E-01  2.687E-01  2.553E-01  2.424E-01  2.297E-01  2.173E-01  2.047E-01  1.923E-01  1.801E-01  1.681E-01  1.564E-01  1.449E-01  1.336E-01  1.227E-01  1.121E-01  1.019E-01  9.209E-02  8.267E-02  7.368E-02  6.515E-02  5.710E-02  4.956E-02  4.253E-02  3.603E-02  3.008E-02  2.468E-02  1.985E-02  1.558E-02  1.189E-02  8.773E-03  6.230E-03  4.236E-03  2.744E-03  1.694E-03
  318.0000  3.398E-01  3.285E-01  3.171E-01  3.057E-01  2.943E-01  2.828E-01  2.713E-01  2.598E-01  2.484E-01  2.369E-01  2.252E-01  2.139E-01  2.027E-01  1.919E-01  1.809E-01  1.700E-01  1.593E-01  1.487E-01  1.384E-01  1.283E-01  1.184E-01  1.088E-01  9.944E-02  9.044E-02  8.176E-02  7.345E-02  6.551E-02  5.797E-02  5.086E-02  4.418E-02  3.795E-02  3.218E-02  2.690E-02  2.210E-02  1.779E-02  1.398E-02  1.068E-02  7.895E-03  5.611E-03  3.816E-03  2.471E-03  1.523E-03
  319.0000  3.936E-01  3.812E-01  3.687E-01  3.561E-01  3.435E-01  3.309E-01  3.182E-01  3.055E-01  2.928E-01  2.801E-01  2.671E-01  2.545E-01  2.419E-01  2.298E-01  2.174E-01  2.051E-01  1.930E-01  1.811E-01  1.693E-01  1.578E-01  1.464E-01  1.354E-01  1.246E-01  1.141E-01  1.040E-01  9.417E-02  8.476E-02  7.575E-02  6.717E-02  5.904E-02  5.138E-02  4.420E-02  3.752E-02  3.135E-02  2.571E-02  2.061E-02  1.608E-02  1.212E-02  8.771E-03  6.040E-03  3.925E-03  2.402E-03
  320.0000  4.378E-01  4.237E-01  4.095E-01  3.953E-01  3.810E-01  3.666E-01  3.523E-01  3.379E-01  3.235E-01  3.092E-01  2.945E-01  2.802E-01  2.661E-01  2.524E-01  2.384E-01  2.246E-01  2.110E-01  1.976E-01  1.844E-01  1.715E-01  1.588E-01  1.464E-01  1.344E-01  1.228E-01  1.115E-01  1.006E-01  9.025E-02  8.032E-02  7.091E-02  6.201E-02  5.367E-02  4.589E-02  3.870E-02  3.210E-02  2.612E-02  2.076E-02  1.604E-02  1.198E-02  8.596E-03  5.879E-03  3.807E-03  2.333E-03
  321.0000  4.668E-01  4.526E-01  4.383E-01  4.240E-01  4.096E-01  3.951E-01  3.805E-01  3.659E-01  3.513E-01  3.367E-01  3.217E-01  3.072E-01  2.927E-01  2.786E-01  2.642E-01  2.500E-01  2.359E-01  2.219E-01  2.082E-01  1.946E-01  1.813E-01  1.683E-01  1.555E-01  1.431E-01  1.310E-01  1.193E-01  1.080E-01  9.714E-02  8.673E-02  7.681E-02  6.740E-02  5.852E-02  5.019E-02  4.242E-02  3.524E-02  2.865E-02  2.269E-02  1.739E-02  1.279E-02  8.939E-03  5.869E-03  3.602E-03
  322.0000  4.656E-01  4.513E-01  4.370E-01  4.226E-01  4.081E-01  3.935E-01  3.789E-01  3.642E-01  3.495E-01  3.349E-01  3.198E-01  3.052E-01  2.907E-01  2.765E-01  2.621E-01  2.478E-01  2.337E-01  2.197E-01  2.059E-01  1.924E-01  1.791E-01  1.660E-01  1.533E-01  1.408E-01  1.288E-01  1.171E-01  1.058E-01  9.502E-02  8.468E-02  7.483E-02  6.551E-02  5.673E-02  4.851E-02  4.087E-02  3.382E-02  2.739E-02  2.160E-02  1.648E-02  1.206E-02  8.388E-03  5.488E-03  3.363E-03
  323.0000  4.093E-01  3.968E-01  3.843E-01  3.718E-01  3.591E-01  3.464E-01  3.336E-01  3.208E-01  3.080E-01  2.952E-01  2.821E-01  2.693E-01  2.566E-01  2.442E-01  2.316E-01  2.191E-01  2.067E-01  1.945E-01  1.824E-01  1.705E-01  1.588E-01  1.474E-01  1.361E-01  1.252E-01  1.146E-01  1.043E-01  9.439E-02  8.485E-02  7.571E-02  6.701E-02  5.875E-02  5.097E-02  4.367E-02  3.687E-02  3.059E-02  2.484E-02  1.964E-02  1.503E-02  1.103E-02  7.694E-03  5.042E-03  3.090E-03
  324.0000  4.879E-01  4.738E-01  4.595E-01  4.452E-01  4.308E-01  4.163E-01  4.017E-01  3.870E-01  3.723E-01  3.576E-01  3.425E-01  3.278E-01  3.132E-01  2.989E-01  2.843E-01  2.698E-01  2.555E-01  2.412E-01  2.271E-01  2.132E-01  1.995E-01  1.860E-01  1.727E-01  1.598E-01  1.471E-01  1.348E-01  1.229E-01  1.114E-01  1.003E-01  8.962E-02  7.944E-02  6.976E-02  6.059E-02  5.195E-02  4.385E-02  3.632E-02  2.937E-02  2.303E-02  1.737E-02  1.246E-02  8.375E-03  5.233E-03
  325.0000  5.097E-01  4.945E-01  4.793E-01  4.639E-01  4.485E-01  4.330E-01  4.174E-01  4.017E-01  3.861E-01  3.704E-01  3.543E-01  3.386E-01  3.230E-01  3.078E-01  2.923E-01  2.770E-01  2.617E-01  2.466E-01  2.317E-01  2.170E-01  2.025E-01  1.883E-01  1.743E-01  1.607E-01  1.475E-01  1.346E-01  1.222E-01  1.102E-01  9.871E-02  8.771E-02  7.725E-02  6.734E-02  5.802E-02  4.929E-02  4.118E-02  3.371E-02  2.690E-02  2.078E-02  1.542E-02  1.086E-02  7.179E-03  4.424E-03
  326.0000  6.816E-01  6.619E-01  6.420E-01  6.220E-01  6.018E-01  5.816E-01  5.612E-01  5.407E-01  5.202E-01  4.997E-01  4.786E-01  4.581E-01  4.376E-01  4.176E-01  3.973E-01  3.770E-01  3.569E-01  3.370E-01  3.173E-01  2.978E-01  2.786E-01  2.597E-01  2.412E-01  2.231E-01  2.054E-01  1.881E-01  1.714E-01  1.553E-01  1.397E-01  1.248E-01  1.106E-01  9.704E-02  8.423E-02  7.216E-02  6.086E-02  5.035E-02  4.067E-02  3.186E-02  2.399E-02  1.717E-02  1.152E-02  7.183E-03
  327.0000  6.686E-01  6.496E-01  6.305E-01  6.112E-01  5.918E-01  5.723E-01  5.527E-01  5.329E-01  5.131E-01  4.933E-01  4.730E-01  4.531E-01  4.333E-01  4.140E-01  3.942E-01  3.746E-01  3.551E-01  3.358E-01  3.166E-01  2.976E-01  2.789E-01  2.605E-01  2.424E-01  2.247E-01  2.074E-01  1.905E-01  1.741E-01  1.582E-01  1.428E-01  1.281E-01  1.139E-01  1.005E-01  8.766E-02  7.556E-02  6.417E-02  5.352E-02  4.363E-02  3.455E-02  2.634E-02  1.911E-02  1.300E-02  8.208E-03
  328.0000  6.325E-01  6.142E-01  5.958E-01  5.772E-01  5.585E-01  5.397E-01  5.208E-01  5.018E-01  4.827E-01  4.636E-01  4.441E-01  4.250E-01  4.059E-01  3.874E-01  3.685E-01  3.496E-01  3.309E-01  3.124E-01  2.941E-01  2.760E-01  2.581E-01  2.406E-01  2.233E-01  2.065E-01  1.900E-01  1.740E-01  1.585E-01  1.435E-01  1.290E-01  1.151E-01  1.019E-01  8.935E-02  7.746E-02  6.628E-02  5.582E-02  4.611E-02  3.718E-02  2.906E-02  2.184E-02  1.559E-02  1.043E-02  6.487E-03
  329.0000  6.740E-01  6.551E-01  6.361E-01  6.169E-01  5.976E-01  5.781E-01  5.586E-01  5.389E-01  5.192E-01  4.994E-01  4.791E-01  4.593E-01  4.394E-01  4.201E-01  4.004E-01  3.807E-01  3.612E-01  3.418E-01  3.226E-01  3.036E-01  2.848E-01  2.663E-01  2.481E-01  2.302E-01  2.127E-01  1.957E-01  1.791E-01  1.630E-01  1.475E-01  1.325E-01  1.182E-01  1.045E-01  9.141E-02  7.905E-02  6.739E-02  5.646E-02  4.626E-02  3.685E-02  2.828E-02  2.067E-02  1.417E-02  9.016E-03
  330.0000  7.803E-01  7.586E-01  7.366E-01  7.145E-01  6.922E-01  6.698E-01  6.473E-01  6.246E-01  6.018E-01  5.790E-01  5.556E-01  5.327E-01  5.099E-01  4.875E-01  4.648E-01  4.421E-01  4.195E-01  3.971E-01  3.749E-01  3.529E-01  3.312E-01  3.098E-01  2.887E-01  2.681E-01  2.478E-01  2.281E-01  2.089E-01  1.902E-01  1.722E-01  1.548E-01  1.382E-01  1.222E-01  1.071E-01  9.271E-02  7.915E-02  6.641E-02  5.452E-02  4.353E-02  3.350E-02  2.456E-02  1.689E-02  1.078E-02
  331.0000  6.579E-01  6.393E-01  6.206E-01  6.017E-01  5.826E-01  5.635E-01  5.442E-01  5.249E-01  5.055E-01  4.860E-01  4.660E-01  4.465E-01  4.271E-01  4.081E-01  3.887E-01  3.694E-01  3.502E-01  3.311E-01  3.122E-01  2.936E-01  2.751E-01  2.570E-01  2.391E-01  2.216E-01  2.045E-01  1.878E-01  1.716E-01  1.558E-01  1.407E-01  1.261E-01  1.121E-01  9.879E-02  8.615E-02  7.420E-02  6.297E-02  5.247E-02  4.274E-02  3.380E-02  2.573E-02  1.863E-02  1.264E-02  7.961E-03
  332.0000  6.649E-01  6.465E-01  6.279E-01  6.092E-01  5.903E-01  5.713E-01  5.522E-01  5.330E-01  5.137E-01  4.944E-01  4.745E-01  4.552E-01  4.358E-01  4.168E-01  3.975E-01  3.782E-01  3.591E-01  3.400E-01  3.211E-01  3.024E-01  2.840E-01  2.657E-01  2.478E-01  2.302E-01  2.129E-01  1.961E-01  1.797E-01  1.637E-01  1.483E-01  1.335E-01  1.192E-01  1.056E-01  9.257E-02  8.025E-02  6.861E-02  5.767E-02  4.745E-02  3.797E-02  2.930E-02  2.155E-02  1.487E-02  9.520E-03
  333.0000  7.033E-01  6.840E-01  6.645E-01  6.449E-01  6.250E-01  6.051E-01  5.850E-01  5.649E-01  5.446E-01  5.243E-01  5.034E-01  4.830E-01  4.626E-01  4.427E-01  4.223E-01  4.020E-01  3.819E-01  3.618E-01  3.419E-01  3.222E-01  3.027E-01  2.834E-01  2.645E-01  2.459E-01  2.276E-01  2.098E-01  1.925E-01  1.756E-01  1.592E-01  1.435E-01  1.283E-01  1.139E-01  1.000E-01  8.691E-02  7.449E-02  6.280E-02  5.185E-02  4.166E-02  3.231E-02  2.390E-02  1.659E-02  1.069E-02
  334.0000  6.274E-01  6.100E-01  5.924E-01  5.747E-01  5.569E-01  5.389E-01  5.208E-01  5.026E-01  4.844E-01  4.661E-01  4.473E-01  4.289E-01  4.106E-01  3.926E-01  3.743E-01  3.561E-01  3.379E-01  3.199E-01  3.020E-01  2.843E-01  2.668E-01  2.496E-01  2.326E-01  2.159E-01  1.996E-01  1.837E-01  1.681E-01  1.531E-01  1.385E-01  1.245E-01  1.110E-01  9.815E-02  8.591E-02  7.432E-02  6.339E-02  5.314E-02  4.358E-02  3.474E-02  2.670E-02  1.953E-02  1.340E-02  8.524E-03
  335.0000  7.119E-01  6.925E-01  6.728E-01  6.531E-01  6.331E-01  6.130E-01  5.928E-01  5.725E-01  5.521E-01  5.316E-01  5.105E-01  4.900E-01  4.694E-01  4.493E-01  4.287E-01  4.083E-01  3.879E-01  3.676E-01  3.475E-01  3.276E-01  3.078E-01  2.884E-01  2.692E-01  2.504E-01  2.319E-01  2.138E-01  1.962E-01  1.791E-01  1.625E-01  1.465E-01  1.311E-01  1.164E-01  1.023E-01  8.898E-02  7.635E-02  6.444E-02  5.328E-02  4.289E-02  3.333E-02  2.471E-02  1.720E-02  1.111E-02
  336.0000  6.043E-01  5.879E-01  5.713E-01  5.546E-01  5.378E-01  5.208E-01  5.037E-01  4.865E-01  4.692E-01  4.519E-01  4.341E-01  4.167E-01  3.993E-01  3.823E-01  3.649E-01  3.475E-01  3.303E-01  3.131E-01  2.961E-01  2.792E-01  2.624E-01  2.459E-01  2.297E-01  2.137E-01  1.980E-01  1.827E-01  1.677E-01  1.531E-01  1.390E-01  1.254E-01  1.123E-01  9.979E-02  8.783E-02  7.645E-02  6.568E-02  5.552E-02  4.598E-02  3.710E-02  2.890E-02  2.149E-02  1.501E-02  9.726E-03
  337.0000  5.759E-01  5.602E-01  5.443E-01  5.282E-01  5.121E-01  4.958E-01  4.794E-01  4.629E-01  4.463E-01  4.297E-01  4.126E-01  3.959E-01  3.792E-01  3.629E-01  3.462E-01  3.296E-01  3.131E-01  2.966E-01  2.803E-01  2.641E-01  2.481E-01  2.323E-01  2.168E-01  2.015E-01  1.865E-01  1.718E-01  1.575E-01  1.437E-01  1.302E-01  1.173E-01  1.048E-01  9.288E-02  8.153E-02  7.075E-02  6.057E-02  5.099E-02  4.203E-02  3.372E-02  2.609E-02  1.925E-02  1.332E-02  8.546E-03
  338.0000  6.444E-01  6.269E-01  6.092E-01  5.913E-01  5.733E-01  5.552E-01  5.369E-01  5.186E-01  5.001E-01  4.816E-01  4.626E-01  4.440E-01  4.254E-01  4.072E-01  3.886E-01  3.701E-01  3.516E-01  3.333E-01  3.150E-01  2.970E-01  2.791E-01  2.614E-01  2.441E-01  2.270E-01  2.102E-01  1.938E-01  1.778E-01  1.622E-01  1.472E-01  1.326E-01  1.186E-01  1.053E-01  9.251E-02  8.039E-02  6.893E-02  5.814E-02  4.804E-02  3.864E-02  2.999E-02  2.221E-02  1.543E-02  9.940E-03
  339.0000  6.819E-01  6.635E-01  6.449E-01  6.261E-01  6.072E-01  5.882E-01  5.690E-01  5.497E-01  5.303E-01  5.109E-01  4.909E-01  4.713E-01  4.518E-01  4.326E-01  4.130E-01  3.935E-01  3.741E-01  3.548E-01  3.356E-01  3.165E-01  2.977E-01  2.790E-01  2.607E-01  2.426E-01  2.249E-01  2.075E-01  1.906E-01  1.741E-01  1.582E-01  1.427E-01  1.279E-01  1.137E-01  1.001E-01  8.718E-02  7.496E-02  6.343E-02  5.260E-02  4.249E-02  3.317E-02  2.471E-02  1.729E-02  1.122E-02
  340.0000  7.688E-01  7.480E-01  7.270E-01  7.059E-01  6.845E-01  6.630E-01  6.413E-01  6.195E-01  5.976E-01  5.756E-01  5.530E-01  5.310E-01  5.088E-01  4.872E-01  4.651E-01  4.431E-01  4.211E-01  3.993E-01  3.776E-01  3.561E-01  3.348E-01  3.137E-01  2.930E-01  2.726E-01  2.526E-01  2.330E-01  2.139E-01  1.953E-01  1.772E-01  1.598E-01  1.431E-01  1.271E-01  1.118E-01  9.724E-02  8.349E-02  7.053E-02  5.838E-02  4.706E-02  3.663E-02  2.720E-02  1.896E-02  1.226E-02
  341.0000  6.750E-01  6.569E-01  6.385E-01  6.200E-01  6.013E-01  5.825E-01  5.635E-01  5.444E-01  5.252E-01  5.060E-01  4.862E-01  4.669E-01  4.475E-01  4.286E-01  4.092E-01  3.899E-01  3.707E-01  3.515E-01  3.325E-01  3.136E-01  2.950E-01  2.765E-01  2.583E-01  2.404E-01  2.228E-01  2.056E-01  1.888E-01  1.724E-01  1.566E-01  1.413E-01  1.266E-01  1.124E-01  9.897E-02  8.617E-02  7.405E-02  6.263E-02  5.191E-02  4.191E-02  3.269E-02  2.433E-02  1.700E-02  1.102E-02
  342.0000  6.883E-01  6.699E-01  6.512E-01  6.324E-01  6.134E-01  5.943E-01  5.750E-01  5.557E-01  5.362E-01  5.166E-01  4.965E-01  4.769E-01  4.572E-01  4.379E-01  4.182E-01  3.986E-01  3.790E-01  3.595E-01  3.402E-01  3.210E-01  3.020E-01  2.831E-01  2.646E-01  2.463E-01  2.284E-01  2.109E-01  1.937E-01  1.770E-01  1.609E-01  1.452E-01  1.302E-01  1.157E-01  1.020E-01  8.886E-02  7.646E-02  6.475E-02  5.376E-02  4.349E-02  3.400E-02  2.537E-02  1.779E-02  1.157E-02
  343.0000  7.235E-01  7.042E-01  6.846E-01  6.648E-01  6.449E-01  6.248E-01  6.046E-01  5.842E-01  5.638E-01  5.432E-01  5.221E-01  5.015E-01  4.808E-01  4.605E-01  4.398E-01  4.192E-01  3.986E-01  3.781E-01  3.578E-01  3.376E-01  3.176E-01  2.978E-01  2.783E-01  2.591E-01  2.402E-01  2.218E-01  2.037E-01  1.862E-01  1.692E-01  1.527E-01  1.369E-01  1.217E-01  1.072E-01  9.339E-02  8.033E-02  6.802E-02  5.646E-02  4.567E-02  3.569E-02  2.663E-02  1.866E-02  1.212E-02
  344.0000  5.878E-01  5.720E-01  5.561E-01  5.400E-01  5.237E-01  5.074E-01  4.909E-01  4.743E-01  4.577E-01  4.409E-01  4.238E-01  4.070E-01  3.901E-01  3.736E-01  3.568E-01  3.400E-01  3.232E-01  3.065E-01  2.900E-01  2.735E-01  2.573E-01  2.412E-01  2.253E-01  2.097E-01  1.943E-01  1.793E-01  1.646E-01  1.503E-01  1.365E-01  1.231E-01  1.102E-01  9.790E-02  8.613E-02  7.495E-02  6.437E-02  5.441E-02  4.507E-02  3.636E-02  2.833E-02  2.106E-02  1.469E-02  9.499E-03
  345.0000  6.558E-01  6.383E-01  6.206E-01  6.027E-01  5.847E-01  5.665E-01  5.482E-01  5.298E-01  5.113E-01  4.927E-01  4.736E-01  4.549E-01  4.362E-01  4.178E-01  3.991E-01  3.804E-01  3.618E-01  3.432E-01  3.248E-01  3.065E-01  2.883E-01  2.704E-01  2.527E-01  2.353E-01  2.182E-01  2.014E-01  1.850E-01  1.691E-01  1.536E-01  1.386E-01  1.243E-01  1.104E-01  9.727E-02  8.475E-02  7.289E-02  6.171E-02  5.122E-02  4.142E-02  3.237E-02  2.415E-02  1.691E-02  1.098E-02
  346.0000  6.683E-01  6.505E-01  6.324E-01  6.142E-01  5.958E-01  5.773E-01  5.586E-01  5.398E-01  5.210E-01  5.020E-01  4.825E-01  4.635E-01  4.444E-01  4.256E-01  4.065E-01  3.874E-01  3.684E-01  3.495E-01  3.307E-01  3.120E-01  2.935E-01  2.752E-01  2.571E-01  2.394E-01  2.219E-01  2.048E-01  1.881E-01  1.718E-01  1.560E-01  1.408E-01  1.261E-01  1.120E-01  9.857E-02  8.581E-02  7.374E-02  6.237E-02  5.170E-02  4.175E-02  3.257E-02  2.424E-02  1.694E-02  1.096E-02
  347.0000  7.188E-01  6.996E-01  6.802E-01  6.607E-01  6.409E-01  6.211E-01  6.010E-01  5.809E-01  5.606E-01  5.402E-01  5.193E-01  4.989E-01  4.783E-01  4.582E-01  4.377E-01  4.172E-01  3.968E-01  3.764E-01  3.562E-01  3.361E-01  3.162E-01  2.966E-01  2.771E-01  2.580E-01  2.392E-01  2.208E-01  2.028E-01  1.853E-01  1.683E-01  1.519E-01  1.361E-01  1.209E-01  1.064E-01  9.268E-02  7.967E-02  6.741E-02  5.591E-02  4.518E-02  3.527E-02  2.628E-02  1.837E-02  1.190E-02
  348.0000  6.260E-01  6.094E-01  5.926E-01  5.756E-01  5.584E-01  5.411E-01  5.237E-01  5.062E-01  4.885E-01  4.708E-01  4.527E-01  4.349E-01  4.170E-01  3.995E-01  3.817E-01  3.638E-01  3.461E-01  3.283E-01  3.107E-01  2.933E-01  2.759E-01  2.588E-01  2.419E-01  2.252E-01  2.088E-01  1.928E-01  1.771E-01  1.618E-01  1.470E-01  1.327E-01  1.189E-01  1.057E-01  9.303E-02  8.103E-02  6.968E-02  5.898E-02  4.894E-02  3.957E-02  3.091E-02  2.305E-02  1.613E-02  1.046E-02
  349.0000  6.425E-01  6.254E-01  6.082E-01  5.908E-01  5.732E-01  5.555E-01  5.376E-01  5.197E-01  5.016E-01  4.835E-01  4.649E-01  4.466E-01  4.283E-01  4.104E-01  3.921E-01  3.738E-01  3.555E-01  3.374E-01  3.193E-01  3.014E-01  2.836E-01  2.660E-01  2.487E-01  2.315E-01  2.147E-01  1.982E-01  1.821E-01  1.665E-01  1.512E-01  1.365E-01  1.223E-01  1.087E-01  9.573E-02  8.340E-02  7.172E-02  6.072E-02  5.040E-02  4.077E-02  3.186E-02  2.377E-02  1.664E-02  1.079E-02
  350.0000  7.424E-01  7.227E-01  7.028E-01  6.827E-01  6.624E-01  6.420E-01  6.214E-01  6.006E-01  5.798E-01  5.588E-01  5.373E-01  5.162E-01  4.951E-01  4.744E-01  4.532E-01  4.321E-01  4.110E-01  3.900E-01  3.692E-01  3.484E-01  3.279E-01  3.076E-01  2.875E-01  2.677E-01  2.483E-01  2.292E-01  2.106E-01  1.924E-01  1.748E-01  1.578E-01  1.414E-01  1.256E-01  1.106E-01  9.633E-02  8.283E-02  7.010E-02  5.817E-02  4.704E-02  3.675E-02  2.741E-02  1.918E-02  1.243E-02
------------------------------------------------------------
