Spectral Irradiance, W m-2 nm-1
values at z =      3.216 km
Columns: wavelength (nm), solar zenith angles (deg.)
    wc, nm     49.000     50.000     51.000     52.000     53.000     54.000     55.000     56.000     57.000     58.000     59.000     60.000     61.000     62.000     63.000     64.000     65.000     66.000     67.000     68.000     69.000     70.000     71.000     72.000     73.000     74.000     75.000     76.000     77.000     78.000     79.000     80.000     81.000     82.000     83.000     84.000     85.000     86.000     87.000     88.000     89.000     90.000
  280.0000  0.000E+00  0.000E+00  0.000E+00  0.000E+00  0.000E+00  0.000E+00  0.000E+00  0.000E+00  0.000E+00  0.000E+00  0.000E+00  0.000E+00  0.000E+00  0.000E+00  0.000E+00  0.000E+00  0.000E+00  0.000E+00  0.000E+00  0.000E+00  0.000E+00  0.000E+00  0.000E+00  0.000E+00  0.000E+00  0.000E+00  0.000E+00  0.000E+00  0.000E+00  0.000E+00  0.000E+00  0.000E+00  0.000E+00  0.000E+00  0.000E+00  0.000E+00  0.000E+00  0.000E+00  0.000E+00  0.000E+00  0.000E+00  0.000E+00
  281.0000  0.000E+00  0.000E+00  0.000E+00  0.000E+00  0.000E+00  0.000E+00  0.000E+00  0.000E+00  0.000E+00  0.000E+00  0.000E+00  0.000E+00  0.000E+00  0.000E+00  0.000E+00  0.000E+00  0.000E+00  0.000E+00  0.000E+00  0.000E+00  0.000E+00  0.000E+00  0.000E+00  0.000E+00  0.000E+00  0.000E+00  0.000E+00  0.000E+00  0.000E+00  0.000E+00  0.000E+00  0.000E+00  0.000E+00  0.000E+00  0.000E+00  0.000E+00  0.000E+00  0.000E+00  0.000E+00  0.000E+00  0.000E+00  0.000E+00
  282.0000  0.000E+00  0.000E+00  0.000E+00  0.000E+00  0.000E+00  0.000E+00  0.000E+00  0.000E+00  0.000E+00  0.000E+00  0.000E+00  0.000E+00  0.000E+00  0.000E+00  0.000E+00  0.000E+00  0.000E+00  0.000E+00  0.000E+00  0.000E+00  0.000E+00  0.000E+00  0.000E+00  0.000E+00  0.000E+00  0.000E+00  0.000E+00  0.000E+00  0.000E+00  0.000E+00  0.000E+00  0.000E+00  0.000E+00  0.000E+00  0.000E+00  0.000E+00  0.000E+00  0.000E+00  0.000E+00  0.000E+00  0.000E+00  0.000E+00
  283.0000  0.000E+00  0.000E+00  0.000E+00  0.000E+00  0.000E+00  0.000E+00  0.000E+00  0.000E+00  0.000E+00  0.000E+00  0.000E+00  0.000E+00  0.000E+00  0.000E+00  0.000E+00  0.000E+00  0.000E+00  0.000E+00  0.000E+00  0.000E+00  0.000E+00  0.000E+00  0.000E+00  0.000E+00  0.000E+00  0.000E+00  0.000E+00  0.000E+00  0.000E+00  0.000E+00  0.000E+00  0.000E+00  0.000E+00  0.000E+00  0.000E+00  0.000E+00  0.000E+00  0.000E+00  0.000E+00  0.000E+00  0.000E+00  0.000E+00
  284.0000  0.000E+00  0.000E+00  0.000E+00  0.000E+00  0.000E+00  0.000E+00  0.000E+00  0.000E+00  0.000E+00  0.000E+00  0.000E+00  0.000E+00  0.000E+00  0.000E+00  0.000E+00  0.000E+00  0.000E+00  0.000E+00  0.000E+00  0.000E+00  0.000E+00  0.000E+00  0.000E+00  0.000E+00  0.000E+00  0.000E+00  0.000E+00  0.000E+00  0.000E+00  0.000E+00  0.000E+00  0.000E+00  0.000E+00  0.000E+00  0.000E+00  0.000E+00  0.000E+00  0.000E+00  0.000E+00  0.000E+00  0.000E+00  0.000E+00
  285.0000  0.000E+00  0.000E+00  0.000E+00  0.000E+00  0.000E+00  0.000E+00  0.000E+00  0.000E+00  0.000E+00  0.000E+00  0.000E+00  0.000E+00  0.000E+00  0.000E+00  0.000E+00  0.000E+00  0.000E+00  0.000E+00  0.000E+00  0.000E+00  0.000E+00  0.000E+00  0.000E+00  0.000E+00  0.000E+00  0.000E+00  0.000E+00  0.000E+00  0.000E+00  0.000E+00  0.000E+00  0.000E+00  0.000E+00  0.000E+00  0.000E+00  0.000E+00  0.000E+00  0.000E+00  0.000E+00  0.000E+00  0.000E+00  0.000E+00
  286.0000  0.000E+00  0.000E+00  0.000E+00  0.000E+00  0.000E+00  0.000E+00  0.000E+00  0.000E+00  0.000E+00  0.000E+00  0.000E+00  0.000E+00  0.000E+00  0.000E+00  0.000E+00  0.000E+00  0.000E+00  0.000E+00  0.000E+00  0.000E+00  0.000E+00  0.000E+00  0.000E+00  0.000E+00  0.000E+00  0.000E+00  0.000E+00  0.000E+00  0.000E+00  0.000E+00  0.000E+00  0.000E+00  0.000E+00  0.000E+00  0.000E+00  0.000E+00  0.000E+00  0.000E+00  0.000E+00  0.000E+00  0.000E+00  0.000E+00
  287.0000  0.000E+00  0.000E+00  0.000E+00  0.000E+00  0.000E+00  0.000E+00  0.000E+00  0.000E+00  0.000E+00  0.000E+00  0.000E+00  0.000E+00  0.000E+00  0.000E+00  0.000E+00  0.000E+00  0.000E+00  0.000E+00  0.000E+00  0.000E+00  0.000E+00  0.000E+00  0.000E+00  0.000E+00  0.000E+00  0.000E+00  0.000E+00  0.000E+00  0.000E+00  0.000E+00  0.000E+00  0.000E+00  0.000E+00  0.000E+00  0.000E+00  0.000E+00  0.000E+00  0.000E+00  0.000E+00  0.000E+00  0.000E+00  0.000E+00
  288.0000  0.000E+00  0.000E+00  0.000E+00  0.000E+00  0.000E+00  0.000E+00  0.000E+00  0.000E+00  0.000E+00  0.000E+00  0.000E+00  0.000E+00  0.000E+00  0.000E+00  0.000E+00  0.000E+00  0.000E+00  0.000E+00  0.000E+00  0.000E+00  0.000E+00  0.000E+00  0.000E+00  0.000E+00  0.000E+00  0.000E+00  0.000E+00  0.000E+00  0.000E+00  0.000E+00  0.000E+00  0.000E+00  0.000E+00  0.000E+00  0.000E+00  0.000E+00  0.000E+00  0.000E+00  0.000E+00  0.000E+00  0.000E+00  0.000E+00
  289.0000  0.000E+00  0.000E+00  0.000E+00  0.000E+00  0.000E+00  0.000E+00  0.000E+00  0.000E+00  0.000E+00  0.000E+00  0.000E+00  0.000E+00  0.000E+00  0.000E+00  0.000E+00  0.000E+00  0.000E+00  0.000E+00  0.000E+00  0.000E+00  0.000E+00  0.000E+00  0.000E+00  0.000E+00  0.000E+00  0.000E+00  0.000E+00  0.000E+00  0.000E+00  0.000E+00  0.000E+00  0.000E+00  0.000E+00  0.000E+00  0.000E+00  0.000E+00  0.000E+00  0.000E+00  0.000E+00  0.000E+00  0.000E+00  0.000E+00
  290.0000  0.000E+00  0.000E+00  0.000E+00  0.000E+00  0.000E+00  0.000E+00  0.000E+00  0.000E+00  0.000E+00  0.000E+00  0.000E+00  0.000E+00  0.000E+00  0.000E+00  0.000E+00  0.000E+00  0.000E+00  0.000E+00  0.000E+00  0.000E+00  0.000E+00  0.000E+00  0.000E+00  0.000E+00  0.000E+00  0.000E+00  0.000E+00  0.000E+00  0.000E+00  0.000E+00  0.000E+00  0.000E+00  0.000E+00  0.000E+00  0.000E+00  0.000E+00  0.000E+00  0.000E+00  0.000E+00  0.000E+00  0.000E+00  0.000E+00
  291.0000  0.000E+00  0.000E+00  0.000E+00  0.000E+00  0.000E+00  0.000E+00  0.000E+00  0.000E+00  0.000E+00  0.000E+00  0.000E+00  0.000E+00  0.000E+00  0.000E+00  0.000E+00  0.000E+00  0.000E+00  0.000E+00  0.000E+00  0.000E+00  0.000E+00  0.000E+00  0.000E+00  0.000E+00  0.000E+00  0.000E+00  0.000E+00  0.000E+00  0.000E+00  0.000E+00  0.000E+00  0.000E+00  0.000E+00  0.000E+00  0.000E+00  0.000E+00  0.000E+00  0.000E+00  0.000E+00  0.000E+00  0.000E+00  0.000E+00
  292.0000  6.592E-08  4.726E-08  3.329E-08  2.302E-08  1.561E-08  1.036E-08  6.728E-09  4.267E-09  2.641E-09  1.593E-09  9.364E-10  5.236E-10  2.985E-10  1.652E-10  9.036E-11  4.973E-11  2.828E-11  1.709E-11  1.121E-11  8.017E-12  6.169E-12  5.003E-12  4.201E-12  3.607E-12  3.144E-12  2.770E-12  2.460E-12  2.197E-12  1.972E-12  1.775E-12  1.601E-12  1.445E-12  1.304E-12  1.174E-12  1.054E-12  9.404E-13  8.326E-13  7.286E-13  6.271E-13  5.268E-13  4.269E-13  3.296E-13
  293.0000  2.957E-07  2.186E-07  1.590E-07  1.138E-07  7.999E-08  5.516E-08  3.729E-08  2.468E-08  1.598E-08  1.011E-08  6.312E-09  3.688E-09  2.210E-09  1.288E-09  7.400E-10  4.241E-10  2.474E-10  1.503E-10  9.720E-11  6.776E-11  5.076E-11  4.030E-11  3.332E-11  2.832E-11  2.450E-11  2.145E-11  1.895E-11  1.685E-11  1.506E-11  1.351E-11  1.214E-11  1.092E-11  9.828E-12  8.827E-12  7.902E-12  7.037E-12  6.217E-12  5.431E-12  4.666E-12  3.914E-12  3.169E-12  2.446E-12
  294.0000  1.861E-06  1.428E-06  1.081E-06  8.067E-07  5.926E-07  4.282E-07  3.041E-07  2.120E-07  1.451E-07  9.719E-08  6.392E-08  4.028E-08  2.568E-08  1.597E-08  9.761E-09  5.911E-09  3.594E-09  2.229E-09  1.436E-09  9.766E-10  7.070E-10  5.429E-10  4.373E-10  3.646E-10  3.112E-10  2.698E-10  2.364E-10  2.088E-10  1.855E-10  1.654E-10  1.479E-10  1.324E-10  1.186E-10  1.060E-10  9.457E-11  8.392E-11  7.390E-11  6.436E-11  5.515E-11  4.615E-11  3.730E-11  2.877E-11
  295.0000  6.863E-06  5.407E-06  4.208E-06  3.233E-06  2.449E-06  1.828E-06  1.344E-06  9.717E-07  6.905E-07  4.819E-07  3.260E-07  2.183E-07  1.454E-07  9.462E-08  6.051E-08  3.821E-08  2.405E-08  1.526E-08  9.908E-09  6.681E-09  4.735E-09  3.543E-09  2.785E-09  2.278E-09  1.917E-09  1.645E-09  1.430E-09  1.255E-09  1.109E-09  9.837E-10  8.755E-10  7.806E-10  6.963E-10  6.205E-10  5.514E-10  4.878E-10  4.283E-10  3.720E-10  3.180E-10  2.655E-10  2.142E-10  1.651E-10
  296.0000  3.768E-05  3.060E-05  2.459E-05  1.954E-05  1.534E-05  1.189E-05  9.093E-06  6.855E-06  5.092E-06  3.723E-06  2.682E-06  1.868E-06  1.309E-06  8.989E-07  6.066E-07  4.032E-07  2.658E-07  1.749E-07  1.160E-07  7.843E-08  5.477E-08  3.987E-08  3.036E-08  2.411E-08  1.981E-08  1.670E-08  1.433E-08  1.245E-08  1.090E-08  9.604E-09  8.491E-09  7.523E-09  6.671E-09  5.912E-09  5.227E-09  4.602E-09  4.023E-09  3.480E-09  2.964E-09  2.467E-09  1.984E-09  1.526E-09
  297.0000  6.858E-05  5.685E-05  4.668E-05  3.795E-05  3.052E-05  2.427E-05  1.906E-05  1.479E-05  1.131E-05  8.536E-06  6.267E-06  4.590E-06  3.329E-06  2.371E-06  1.660E-06  1.145E-06  7.806E-07  5.289E-07  3.584E-07  2.451E-07  1.710E-07  1.229E-07  9.165E-08  7.110E-08  5.720E-08  4.739E-08  4.014E-08  3.452E-08  3.000E-08  2.625E-08  2.307E-08  2.033E-08  1.794E-08  1.582E-08  1.393E-08  1.221E-08  1.064E-08  9.167E-09  7.781E-09  6.457E-09  5.180E-09  3.976E-09
  298.0000  3.045E-04  2.582E-04  2.171E-04  1.810E-04  1.495E-04  1.222E-04  9.890E-05  7.914E-05  6.258E-05  4.888E-05  3.771E-05  2.836E-05  2.138E-05  1.586E-05  1.158E-05  8.321E-06  5.908E-06  4.154E-06  2.904E-06  2.029E-06  1.428E-06  1.022E-06  7.497E-07  5.673E-07  4.440E-07  3.586E-07  2.974E-07  2.516E-07  2.159E-07  1.870E-07  1.630E-07  1.426E-07  1.249E-07  1.095E-07  9.577E-08  8.347E-08  7.229E-08  6.199E-08  5.237E-08  4.327E-08  3.459E-08  2.647E-08
  299.0000  6.015E-04  5.180E-04  4.429E-04  3.756E-04  3.159E-04  2.634E-04  2.175E-04  1.778E-04  1.438E-04  1.150E-04  9.007E-05  7.033E-05  5.443E-05  4.153E-05  3.121E-05  2.311E-05  1.690E-05  1.222E-05  8.755E-06  6.244E-06  4.455E-06  3.202E-06  2.338E-06  1.746E-06  1.341E-06  1.061E-06  8.629E-07  7.185E-07  6.088E-07  5.222E-07  4.516E-07  3.923E-07  3.416E-07  2.976E-07  2.590E-07  2.245E-07  1.935E-07  1.652E-07  1.390E-07  1.144E-07  9.109E-08  6.950E-08
  300.0000  1.170E-03  1.025E-03  8.926E-04  7.717E-04  6.622E-04  5.639E-04  4.761E-04  3.985E-04  3.305E-04  2.714E-04  2.213E-04  1.758E-04  1.401E-04  1.103E-04  8.566E-05  6.558E-05  4.959E-05  3.705E-05  2.739E-05  2.008E-05  1.464E-05  1.067E-05  7.819E-06  5.799E-06  4.382E-06  3.390E-06  2.691E-06  2.190E-06  1.819E-06  1.536E-06  1.312E-06  1.128E-06  9.740E-07  8.418E-07  7.268E-07  6.256E-07  5.354E-07  4.541E-07  3.797E-07  3.108E-07  2.463E-07  1.871E-07
  301.0000  2.806E-03  2.491E-03  2.198E-03  1.928E-03  1.680E-03  1.454E-03  1.249E-03  1.064E-03  8.992E-04  7.532E-04  6.231E-04  5.098E-04  4.156E-04  3.351E-04  2.668E-04  2.096E-04  1.627E-04  1.248E-04  9.469E-05  7.110E-05  5.296E-05  3.923E-05  2.904E-05  2.159E-05  1.621E-05  1.237E-05  9.643E-06  7.688E-06  6.265E-06  5.203E-06  4.383E-06  3.728E-06  3.189E-06  2.734E-06  2.344E-06  2.003E-06  1.703E-06  1.435E-06  1.193E-06  9.706E-07  7.654E-07  5.790E-07
  302.0000  4.343E-03  3.899E-03  3.482E-03  3.093E-03  2.731E-03  2.396E-03  2.088E-03  1.807E-03  1.552E-03  1.322E-03  1.111E-03  9.294E-04  7.726E-04  6.360E-04  5.174E-04  4.158E-04  3.304E-04  2.595E-04  2.015E-04  1.548E-04  1.178E-04  8.887E-05  6.670E-05  4.999E-05  3.759E-05  2.852E-05  2.194E-05  1.720E-05  1.375E-05  1.121E-05  9.300E-06  7.809E-06  6.610E-06  5.618E-06  4.778E-06  4.054E-06  3.422E-06  2.863E-06  2.364E-06  1.912E-06  1.499E-06  1.128E-06
  303.0000  1.134E-02  1.030E-02  9.311E-03  8.375E-03  7.494E-03  6.668E-03  5.899E-03  5.186E-03  4.528E-03  3.926E-03  3.362E-03  2.869E-03  2.433E-03  2.046E-03  1.702E-03  1.400E-03  1.140E-03  9.178E-04  7.311E-04  5.759E-04  4.489E-04  3.464E-04  2.651E-04  2.016E-04  1.529E-04  1.161E-04  8.871E-05  6.853E-05  5.376E-05  4.291E-05  3.485E-05  2.873E-05  2.395E-05  2.010E-05  1.691E-05  1.420E-05  1.188E-05  9.849E-06  8.059E-06  6.464E-06  5.030E-06  3.762E-06
  304.0000  1.533E-02  1.402E-02  1.277E-02  1.158E-02  1.045E-02  9.382E-03  8.378E-03  7.438E-03  6.563E-03  5.755E-03  4.981E-03  4.308E-03  3.700E-03  3.153E-03  2.661E-03  2.222E-03  1.837E-03  1.503E-03  1.217E-03  9.752E-04  7.727E-04  6.059E-04  4.705E-04  3.624E-04  2.774E-04  2.118E-04  1.618E-04  1.244E-04  9.663E-05  7.611E-05  6.092E-05  4.951E-05  4.076E-05  3.384E-05  2.822E-05  2.353E-05  1.954E-05  1.609E-05  1.308E-05  1.042E-05  8.061E-06  5.995E-06
  305.0000  2.743E-02  2.533E-02  2.329E-02  2.134E-02  1.946E-02  1.767E-02  1.597E-02  1.436E-02  1.284E-02  1.141E-02  1.007E-02  8.813E-03  7.691E-03  6.669E-03  5.730E-03  4.877E-03  4.114E-03  3.438E-03  2.845E-03  2.330E-03  1.888E-03  1.513E-03  1.200E-03  9.428E-04  7.339E-04  5.672E-04  4.364E-04  3.355E-04  2.587E-04  2.010E-04  1.579E-04  1.257E-04  1.014E-04  8.266E-05  6.787E-05  5.585E-05  4.583E-05  3.732E-05  3.001E-05  2.366E-05  1.812E-05  1.336E-05
  306.0000  3.063E-02  2.845E-02  2.632E-02  2.427E-02  2.229E-02  2.038E-02  1.856E-02  1.682E-02  1.517E-02  1.360E-02  1.207E-02  1.071E-02  9.447E-03  8.283E-03  7.198E-03  6.202E-03  5.300E-03  4.489E-03  3.767E-03  3.130E-03  2.574E-03  2.095E-03  1.686E-03  1.343E-03  1.059E-03  8.280E-04  6.424E-04  4.960E-04  3.824E-04  2.955E-04  2.299E-04  1.806E-04  1.436E-04  1.154E-04  9.354E-05  7.613E-05  6.188E-05  4.996E-05  3.983E-05  3.115E-05  2.367E-05  1.733E-05
  307.0000  4.732E-02  4.422E-02  4.118E-02  3.823E-02  3.536E-02  3.258E-02  2.991E-02  2.733E-02  2.487E-02  2.252E-02  2.017E-02  1.811E-02  1.614E-02  1.432E-02  1.259E-02  1.099E-02  9.525E-03  8.184E-03  6.972E-03  5.885E-03  4.919E-03  4.070E-03  3.333E-03  2.699E-03  2.163E-03  1.715E-03  1.347E-03  1.049E-03  8.125E-04  6.273E-04  4.847E-04  3.762E-04  2.943E-04  2.325E-04  1.852E-04  1.484E-04  1.191E-04  9.501E-05  7.491E-05  5.795E-05  4.358E-05  3.161E-05
  308.0000  6.551E-02  6.155E-02  5.767E-02  5.387E-02  5.015E-02  4.653E-02  4.302E-02  3.962E-02  3.634E-02  3.318E-02  3.003E-02  2.720E-02  2.448E-02  2.195E-02  1.953E-02  1.725E-02  1.513E-02  1.318E-02  1.138E-02  9.751E-03  8.276E-03  6.958E-03  5.790E-03  4.767E-03  3.883E-03  3.128E-03  2.492E-03  1.965E-03  1.535E-03  1.191E-03  9.195E-04  7.091E-04  5.482E-04  4.262E-04  3.336E-04  2.628E-04  2.075E-04  1.633E-04  1.272E-04  9.719E-05  7.222E-05  5.179E-05
  309.0000  7.448E-02  7.020E-02  6.598E-02  6.184E-02  5.778E-02  5.382E-02  4.996E-02  4.621E-02  4.257E-02  3.906E-02  3.556E-02  3.235E-02  2.928E-02  2.642E-02  2.364E-02  2.102E-02  1.857E-02  1.629E-02  1.418E-02  1.225E-02  1.049E-02  8.894E-03  7.470E-03  6.209E-03  5.106E-03  4.151E-03  3.337E-03  2.653E-03  2.087E-03  1.627E-03  1.259E-03  9.695E-04  7.459E-04  5.752E-04  4.457E-04  3.472E-04  2.713E-04  2.115E-04  1.633E-04  1.238E-04  9.125E-05  6.495E-05
  310.0000  8.693E-02  8.239E-02  7.791E-02  7.348E-02  6.912E-02  6.484E-02  6.063E-02  5.652E-02  5.250E-02  4.859E-02  4.453E-02  4.103E-02  3.752E-02  3.422E-02  3.097E-02  2.788E-02  2.496E-02  2.220E-02  1.961E-02  1.720E-02  1.496E-02  1.291E-02  1.104E-02  9.351E-03  7.837E-03  6.497E-03  5.325E-03  4.312E-03  3.450E-03  2.727E-03  2.131E-03  1.649E-03  1.266E-03  9.667E-04  7.368E-04  5.619E-04  4.291E-04  3.272E-04  2.476E-04  1.842E-04  1.333E-04  9.323E-05
  311.0000  1.565E-01  1.487E-01  1.409E-01  1.333E-01  1.257E-01  1.182E-01  1.109E-01  1.037E-01  9.665E-02  8.978E-02  8.274E-02  7.640E-02  7.016E-02  6.425E-02  5.844E-02  5.287E-02  4.757E-02  4.255E-02  3.781E-02  3.337E-02  2.923E-02  2.540E-02  2.188E-02  1.867E-02  1.578E-02  1.319E-02  1.090E-02  8.899E-03  7.177E-03  5.715E-03  4.494E-03  3.492E-03  2.685E-03  2.048E-03  1.554E-03  1.176E-03  8.889E-04  6.708E-04  5.026E-04  3.705E-04  2.658E-04  1.843E-04
  312.0000  1.540E-01  1.468E-01  1.396E-01  1.325E-01  1.255E-01  1.185E-01  1.116E-01  1.048E-01  9.818E-02  9.166E-02  8.501E-02  7.887E-02  7.286E-02  6.714E-02  6.147E-02  5.601E-02  5.078E-02  4.579E-02  4.104E-02  3.654E-02  3.232E-02  2.837E-02  2.470E-02  2.132E-02  1.823E-02  1.543E-02  1.291E-02  1.068E-02  8.726E-03  7.034E-03  5.593E-03  4.386E-03  3.393E-03  2.593E-03  1.960E-03  1.470E-03  1.097E-03  8.143E-04  5.999E-04  4.354E-04  3.077E-04  2.101E-04
  313.0000  1.893E-01  1.810E-01  1.727E-01  1.645E-01  1.564E-01  1.482E-01  1.402E-01  1.323E-01  1.244E-01  1.167E-01  1.089E-01  1.015E-01  9.433E-02  8.745E-02  8.059E-02  7.394E-02  6.753E-02  6.136E-02  5.545E-02  4.982E-02  4.448E-02  3.944E-02  3.471E-02  3.030E-02  2.621E-02  2.246E-02  1.905E-02  1.598E-02  1.323E-02  1.082E-02  8.718E-03  6.921E-03  5.409E-03  4.161E-03  3.153E-03  2.356E-03  1.741E-03  1.273E-03  9.214E-04  6.566E-04  4.559E-04  3.059E-04
  314.0000  2.140E-01  2.048E-01  1.957E-01  1.867E-01  1.776E-01  1.687E-01  1.598E-01  1.510E-01  1.423E-01  1.338E-01  1.250E-01  1.168E-01  1.088E-01  1.011E-01  9.338E-02  8.590E-02  7.867E-02  7.170E-02  6.500E-02  5.860E-02  5.250E-02  4.673E-02  4.129E-02  3.620E-02  3.146E-02  2.709E-02  2.309E-02  1.947E-02  1.621E-02  1.333E-02  1.080E-02  8.617E-03  6.766E-03  5.224E-03  3.966E-03  2.963E-03  2.183E-03  1.588E-03  1.141E-03  8.068E-04  5.559E-04  3.703E-04
  315.0000  2.413E-01  2.318E-01  2.223E-01  2.128E-01  2.034E-01  1.939E-01  1.845E-01  1.752E-01  1.660E-01  1.568E-01  1.474E-01  1.386E-01  1.298E-01  1.214E-01  1.129E-01  1.047E-01  9.665E-02  8.884E-02  8.128E-02  7.399E-02  6.698E-02  6.028E-02  5.390E-02  4.786E-02  4.217E-02  3.684E-02  3.189E-02  2.732E-02  2.315E-02  1.937E-02  1.599E-02  1.299E-02  1.038E-02  8.146E-03  6.263E-03  4.714E-03  3.471E-03  2.503E-03  1.767E-03  1.221E-03  8.204E-04  5.325E-04
  316.0000  1.980E-01  1.903E-01  1.825E-01  1.748E-01  1.671E-01  1.594E-01  1.518E-01  1.442E-01  1.366E-01  1.292E-01  1.215E-01  1.143E-01  1.071E-01  1.003E-01  9.334E-02  8.659E-02  8.000E-02  7.360E-02  6.739E-02  6.141E-02  5.565E-02  5.013E-02  4.488E-02  3.989E-02  3.519E-02  3.079E-02  2.669E-02  2.290E-02  1.943E-02  1.629E-02  1.347E-02  1.096E-02  8.777E-03  6.896E-03  5.309E-03  4.000E-03  2.947E-03  2.124E-03  1.498E-03  1.033E-03  6.924E-04  4.484E-04
  317.0000  3.195E-01  3.078E-01  2.961E-01  2.844E-01  2.726E-01  2.609E-01  2.491E-01  2.374E-01  2.258E-01  2.143E-01  2.025E-01  1.912E-01  1.800E-01  1.692E-01  1.584E-01  1.477E-01  1.373E-01  1.271E-01  1.171E-01  1.075E-01  9.811E-02  8.910E-02  8.045E-02  7.218E-02  6.431E-02  5.687E-02  4.986E-02  4.332E-02  3.724E-02  3.166E-02  2.656E-02  2.196E-02  1.786E-02  1.426E-02  1.114E-02  8.501E-03  6.317E-03  4.562E-03  3.199E-03  2.175E-03  1.429E-03  9.051E-04
  318.0000  2.827E-01  2.724E-01  2.621E-01  2.518E-01  2.414E-01  2.311E-01  2.208E-01  2.105E-01  2.003E-01  1.901E-01  1.798E-01  1.698E-01  1.600E-01  1.505E-01  1.409E-01  1.315E-01  1.223E-01  1.132E-01  1.045E-01  9.591E-02  8.764E-02  7.966E-02  7.198E-02  6.464E-02  5.765E-02  5.103E-02  4.480E-02  3.896E-02  3.354E-02  2.855E-02  2.399E-02  1.986E-02  1.618E-02  1.293E-02  1.012E-02  7.734E-03  5.752E-03  4.157E-03  2.914E-03  1.979E-03  1.298E-03  8.204E-04
  319.0000  3.460E-01  3.343E-01  3.226E-01  3.109E-01  2.991E-01  2.873E-01  2.755E-01  2.637E-01  2.519E-01  2.402E-01  2.281E-01  2.166E-01  2.051E-01  1.939E-01  1.826E-01  1.715E-01  1.605E-01  1.497E-01  1.392E-01  1.288E-01  1.187E-01  1.089E-01  9.945E-02  9.028E-02  8.147E-02  7.303E-02  6.499E-02  5.737E-02  5.019E-02  4.347E-02  3.721E-02  3.145E-02  2.617E-02  2.141E-02  1.715E-02  1.341E-02  1.019E-02  7.482E-03  5.288E-03  3.579E-03  2.310E-03  1.422E-03
  320.0000  3.765E-01  3.634E-01  3.503E-01  3.372E-01  3.240E-01  3.108E-01  2.976E-01  2.844E-01  2.713E-01  2.582E-01  2.448E-01  2.320E-01  2.192E-01  2.069E-01  1.944E-01  1.821E-01  1.700E-01  1.581E-01  1.465E-01  1.352E-01  1.242E-01  1.135E-01  1.032E-01  9.325E-02  8.375E-02  7.468E-02  6.608E-02  5.797E-02  5.038E-02  4.331E-02  3.678E-02  3.081E-02  2.541E-02  2.058E-02  1.631E-02  1.262E-02  9.489E-03  6.910E-03  4.856E-03  3.284E-03  2.131E-03  1.325E-03
  321.0000  4.253E-01  4.118E-01  3.981E-01  3.844E-01  3.706E-01  3.568E-01  3.430E-01  3.291E-01  3.152E-01  3.014E-01  2.872E-01  2.734E-01  2.598E-01  2.465E-01  2.330E-01  2.197E-01  2.065E-01  1.935E-01  1.807E-01  1.682E-01  1.559E-01  1.439E-01  1.322E-01  1.209E-01  1.099E-01  9.932E-02  8.917E-02  7.948E-02  7.026E-02  6.155E-02  5.336E-02  4.571E-02  3.862E-02  3.211E-02  2.618E-02  2.085E-02  1.615E-02  1.208E-02  8.673E-03  5.926E-03  3.826E-03  2.331E-03
  322.0000  4.204E-01  4.068E-01  3.932E-01  3.795E-01  3.657E-01  3.519E-01  3.380E-01  3.242E-01  3.103E-01  2.965E-01  2.823E-01  2.686E-01  2.550E-01  2.418E-01  2.283E-01  2.151E-01  2.019E-01  1.890E-01  1.763E-01  1.638E-01  1.516E-01  1.398E-01  1.282E-01  1.170E-01  1.061E-01  9.570E-02  8.571E-02  7.619E-02  6.716E-02  5.864E-02  5.066E-02  4.323E-02  3.637E-02  3.009E-02  2.441E-02  1.934E-02  1.489E-02  1.108E-02  7.915E-03  5.390E-03  3.477E-03  2.124E-03
  323.0000  3.722E-01  3.603E-01  3.483E-01  3.363E-01  3.243E-01  3.122E-01  3.000E-01  2.879E-01  2.757E-01  2.636E-01  2.511E-01  2.391E-01  2.271E-01  2.155E-01  2.037E-01  1.920E-01  1.804E-01  1.691E-01  1.578E-01  1.468E-01  1.361E-01  1.255E-01  1.153E-01  1.053E-01  9.572E-02  8.645E-02  7.756E-02  6.907E-02  6.101E-02  5.339E-02  4.623E-02  3.955E-02  3.337E-02  2.770E-02  2.255E-02  1.793E-02  1.386E-02  1.035E-02  7.411E-03  5.055E-03  3.260E-03  1.986E-03
  324.0000  4.639E-01  4.501E-01  4.362E-01  4.222E-01  4.081E-01  3.939E-01  3.797E-01  3.654E-01  3.511E-01  3.368E-01  3.221E-01  3.078E-01  2.936E-01  2.797E-01  2.656E-01  2.516E-01  2.377E-01  2.240E-01  2.104E-01  1.970E-01  1.838E-01  1.709E-01  1.582E-01  1.458E-01  1.338E-01  1.221E-01  1.108E-01  9.989E-02  8.943E-02  7.944E-02  6.994E-02  6.095E-02  5.249E-02  4.457E-02  3.721E-02  3.043E-02  2.426E-02  1.872E-02  1.386E-02  9.750E-03  6.429E-03  3.951E-03
  325.0000  4.724E-01  4.578E-01  4.431E-01  4.283E-01  4.134E-01  3.985E-01  3.835E-01  3.684E-01  3.534E-01  3.384E-01  3.229E-01  3.080E-01  2.931E-01  2.786E-01  2.639E-01  2.492E-01  2.348E-01  2.205E-01  2.064E-01  1.926E-01  1.790E-01  1.656E-01  1.526E-01  1.400E-01  1.277E-01  1.159E-01  1.044E-01  9.349E-02  8.304E-02  7.311E-02  6.374E-02  5.494E-02  4.674E-02  3.916E-02  3.220E-02  2.589E-02  2.025E-02  1.531E-02  1.110E-02  7.646E-03  4.959E-03  3.021E-03
  326.0000  6.471E-01  6.278E-01  6.084E-01  5.889E-01  5.692E-01  5.494E-01  5.296E-01  5.097E-01  4.897E-01  4.697E-01  4.492E-01  4.293E-01  4.094E-01  3.901E-01  3.704E-01  3.508E-01  3.314E-01  3.122E-01  2.932E-01  2.745E-01  2.560E-01  2.380E-01  2.203E-01  2.030E-01  1.861E-01  1.698E-01  1.540E-01  1.388E-01  1.242E-01  1.102E-01  9.695E-02  8.441E-02  7.261E-02  6.158E-02  5.135E-02  4.194E-02  3.337E-02  2.571E-02  1.900E-02  1.333E-02  8.771E-03  5.380E-03
  327.0000  6.458E-01  6.271E-01  6.083E-01  5.893E-01  5.702E-01  5.510E-01  5.317E-01  5.123E-01  4.929E-01  4.734E-01  4.534E-01  4.339E-01  4.145E-01  3.956E-01  3.762E-01  3.570E-01  3.380E-01  3.191E-01  3.004E-01  2.819E-01  2.637E-01  2.458E-01  2.282E-01  2.110E-01  1.942E-01  1.779E-01  1.620E-01  1.467E-01  1.320E-01  1.178E-01  1.043E-01  9.151E-02  7.937E-02  6.795E-02  5.726E-02  4.732E-02  3.818E-02  2.987E-02  2.246E-02  1.604E-02  1.074E-02  6.677E-03
  328.0000  5.989E-01  5.811E-01  5.631E-01  5.449E-01  5.267E-01  5.084E-01  4.900E-01  4.715E-01  4.530E-01  4.344E-01  4.154E-01  3.969E-01  3.785E-01  3.606E-01  3.423E-01  3.241E-01  3.061E-01  2.883E-01  2.706E-01  2.533E-01  2.362E-01  2.194E-01  2.030E-01  1.869E-01  1.713E-01  1.561E-01  1.415E-01  1.274E-01  1.139E-01  1.010E-01  8.869E-02  7.711E-02  6.622E-02  5.607E-02  4.666E-02  3.802E-02  3.018E-02  2.318E-02  1.708E-02  1.195E-02  7.839E-03  4.799E-03
  329.0000  6.574E-01  6.387E-01  6.199E-01  6.009E-01  5.818E-01  5.625E-01  5.432E-01  5.238E-01  5.043E-01  4.847E-01  4.647E-01  4.451E-01  4.256E-01  4.065E-01  3.871E-01  3.678E-01  3.485E-01  3.295E-01  3.106E-01  2.919E-01  2.735E-01  2.553E-01  2.375E-01  2.200E-01  2.029E-01  1.863E-01  1.701E-01  1.544E-01  1.393E-01  1.248E-01  1.109E-01  9.763E-02  8.506E-02  7.319E-02  6.204E-02  5.162E-02  4.197E-02  3.312E-02  2.515E-02  1.816E-02  1.229E-02  7.710E-03
  330.0000  7.636E-01  7.420E-01  7.203E-01  6.984E-01  6.763E-01  6.541E-01  6.318E-01  6.094E-01  5.868E-01  5.643E-01  5.411E-01  5.185E-01  4.959E-01  4.739E-01  4.514E-01  4.290E-01  4.068E-01  3.847E-01  3.628E-01  3.411E-01  3.198E-01  2.987E-01  2.780E-01  2.577E-01  2.379E-01  2.185E-01  1.997E-01  1.815E-01  1.639E-01  1.470E-01  1.307E-01  1.153E-01  1.006E-01  8.672E-02  7.366E-02  6.144E-02  5.010E-02  3.967E-02  3.025E-02  2.194E-02  1.491E-02  9.405E-03
  331.0000  6.350E-01  6.167E-01  5.983E-01  5.797E-01  5.609E-01  5.421E-01  5.232E-01  5.042E-01  4.851E-01  4.660E-01  4.463E-01  4.272E-01  4.081E-01  3.895E-01  3.705E-01  3.516E-01  3.329E-01  3.143E-01  2.959E-01  2.777E-01  2.597E-01  2.421E-01  2.247E-01  2.078E-01  1.912E-01  1.751E-01  1.594E-01  1.443E-01  1.297E-01  1.157E-01  1.024E-01  8.975E-02  7.777E-02  6.651E-02  5.599E-02  4.622E-02  3.724E-02  2.908E-02  2.182E-02  1.555E-02  1.038E-02  6.434E-03
  332.0000  6.532E-01  6.349E-01  6.165E-01  5.979E-01  5.792E-01  5.604E-01  5.414E-01  5.224E-01  5.032E-01  4.841E-01  4.644E-01  4.452E-01  4.260E-01  4.072E-01  3.881E-01  3.690E-01  3.501E-01  3.312E-01  3.126E-01  2.941E-01  2.759E-01  2.579E-01  2.402E-01  2.229E-01  2.059E-01  1.893E-01  1.732E-01  1.575E-01  1.424E-01  1.279E-01  1.139E-01  1.006E-01  8.794E-02  7.595E-02  6.467E-02  5.409E-02  4.424E-02  3.517E-02  2.692E-02  1.962E-02  1.340E-02  8.486E-03
  333.0000  6.951E-01  6.759E-01  6.565E-01  6.369E-01  6.172E-01  5.974E-01  5.774E-01  5.574E-01  5.372E-01  5.170E-01  4.962E-01  4.760E-01  4.557E-01  4.359E-01  4.157E-01  3.956E-01  3.755E-01  3.556E-01  3.359E-01  3.163E-01  2.970E-01  2.779E-01  2.591E-01  2.407E-01  2.226E-01  2.050E-01  1.878E-01  1.712E-01  1.550E-01  1.395E-01  1.246E-01  1.103E-01  9.669E-02  8.380E-02  7.163E-02  6.018E-02  4.950E-02  3.959E-02  3.054E-02  2.244E-02  1.547E-02  9.893E-03
  334.0000  6.132E-01  5.960E-01  5.786E-01  5.611E-01  5.434E-01  5.256E-01  5.077E-01  4.897E-01  4.717E-01  4.536E-01  4.350E-01  4.168E-01  3.987E-01  3.810E-01  3.629E-01  3.450E-01  3.271E-01  3.093E-01  2.917E-01  2.743E-01  2.571E-01  2.401E-01  2.235E-01  2.071E-01  1.911E-01  1.755E-01  1.603E-01  1.456E-01  1.314E-01  1.178E-01  1.047E-01  9.223E-02  8.040E-02  6.922E-02  5.872E-02  4.891E-02  3.982E-02  3.148E-02  2.394E-02  1.732E-02  1.173E-02  7.367E-03
  335.0000  7.055E-01  6.861E-01  6.666E-01  6.469E-01  6.270E-01  6.070E-01  5.869E-01  5.666E-01  5.463E-01  5.259E-01  5.049E-01  4.845E-01  4.640E-01  4.440E-01  4.235E-01  4.032E-01  3.829E-01  3.628E-01  3.428E-01  3.230E-01  3.034E-01  2.840E-01  2.650E-01  2.463E-01  2.279E-01  2.100E-01  1.926E-01  1.756E-01  1.592E-01  1.433E-01  1.281E-01  1.136E-01  9.968E-02  8.651E-02  7.407E-02  6.236E-02  5.140E-02  4.123E-02  3.191E-02  2.354E-02  1.629E-02  1.046E-02
  336.0000  6.007E-01  5.843E-01  5.678E-01  5.511E-01  5.343E-01  5.173E-01  5.003E-01  4.831E-01  4.659E-01  4.486E-01  4.309E-01  4.136E-01  3.962E-01  3.792E-01  3.619E-01  3.446E-01  3.274E-01  3.103E-01  2.933E-01  2.765E-01  2.599E-01  2.434E-01  2.273E-01  2.113E-01  1.957E-01  1.805E-01  1.656E-01  1.511E-01  1.371E-01  1.236E-01  1.106E-01  9.816E-02  8.629E-02  7.502E-02  6.435E-02  5.431E-02  4.489E-02  3.612E-02  2.806E-02  2.079E-02  1.446E-02  9.331E-03
  337.0000  5.681E-01  5.524E-01  5.366E-01  5.206E-01  5.045E-01  4.883E-01  4.720E-01  4.557E-01  4.392E-01  4.227E-01  4.057E-01  3.892E-01  3.726E-01  3.564E-01  3.398E-01  3.234E-01  3.070E-01  2.907E-01  2.745E-01  2.585E-01  2.426E-01  2.270E-01  2.116E-01  1.965E-01  1.817E-01  1.672E-01  1.531E-01  1.394E-01  1.261E-01  1.134E-01  1.011E-01  8.944E-02  7.831E-02  6.776E-02  5.781E-02  4.848E-02  3.978E-02  3.174E-02  2.440E-02  1.787E-02  1.226E-02  7.795E-03
  338.0000  6.380E-01  6.206E-01  6.030E-01  5.852E-01  5.672E-01  5.492E-01  5.310E-01  5.127E-01  4.943E-01  4.759E-01  4.570E-01  4.385E-01  4.200E-01  4.019E-01  3.834E-01  3.650E-01  3.466E-01  3.284E-01  3.103E-01  2.923E-01  2.746E-01  2.571E-01  2.398E-01  2.229E-01  2.062E-01  1.900E-01  1.741E-01  1.587E-01  1.438E-01  1.294E-01  1.156E-01  1.024E-01  8.984E-02  7.791E-02  6.664E-02  5.605E-02  4.615E-02  3.697E-02  2.856E-02  2.103E-02  1.452E-02  9.289E-03
  339.0000  6.793E-01  6.609E-01  6.424E-01  6.236E-01  6.048E-01  5.857E-01  5.666E-01  5.473E-01  5.280E-01  5.086E-01  4.886E-01  4.691E-01  4.496E-01  4.304E-01  4.109E-01  3.915E-01  3.721E-01  3.528E-01  3.336E-01  3.146E-01  2.958E-01  2.773E-01  2.590E-01  2.409E-01  2.233E-01  2.060E-01  1.891E-01  1.727E-01  1.568E-01  1.414E-01  1.266E-01  1.125E-01  9.899E-02  8.615E-02  7.400E-02  6.255E-02  5.180E-02  4.179E-02  3.255E-02  2.419E-02  1.689E-02  1.093E-02
  340.0000  7.636E-01  7.429E-01  7.220E-01  7.009E-01  6.796E-01  6.581E-01  6.365E-01  6.148E-01  5.929E-01  5.710E-01  5.485E-01  5.265E-01  5.045E-01  4.829E-01  4.609E-01  4.389E-01  4.171E-01  3.953E-01  3.737E-01  3.523E-01  3.311E-01  3.102E-01  2.895E-01  2.693E-01  2.493E-01  2.299E-01  2.109E-01  1.924E-01  1.745E-01  1.572E-01  1.406E-01  1.247E-01  1.096E-01  9.520E-02  8.160E-02  6.880E-02  5.681E-02  4.567E-02  3.543E-02  2.621E-02  1.819E-02  1.170E-02
  341.0000  6.720E-01  6.539E-01  6.355E-01  6.170E-01  5.984E-01  5.796E-01  5.607E-01  5.416E-01  5.225E-01  5.033E-01  4.836E-01  4.643E-01  4.449E-01  4.260E-01  4.067E-01  3.875E-01  3.683E-01  3.492E-01  3.302E-01  3.114E-01  2.928E-01  2.744E-01  2.562E-01  2.384E-01  2.209E-01  2.037E-01  1.870E-01  1.707E-01  1.550E-01  1.397E-01  1.251E-01  1.110E-01  9.766E-02  8.495E-02  7.292E-02  6.159E-02  5.097E-02  4.107E-02  3.196E-02  2.372E-02  1.653E-02  1.067E-02
  342.0000  6.871E-01  6.686E-01  6.500E-01  6.312E-01  6.122E-01  5.931E-01  5.739E-01  5.545E-01  5.351E-01  5.155E-01  4.954E-01  4.758E-01  4.561E-01  4.369E-01  4.172E-01  3.976E-01  3.780E-01  3.586E-01  3.392E-01  3.201E-01  3.011E-01  2.823E-01  2.638E-01  2.455E-01  2.276E-01  2.101E-01  1.930E-01  1.763E-01  1.602E-01  1.446E-01  1.296E-01  1.152E-01  1.014E-01  8.836E-02  7.599E-02  6.432E-02  5.336E-02  4.314E-02  3.369E-02  2.512E-02  1.759E-02  1.142E-02
  343.0000  7.221E-01  7.027E-01  6.831E-01  6.634E-01  6.435E-01  6.234E-01  6.032E-01  5.829E-01  5.624E-01  5.419E-01  5.208E-01  5.002E-01  4.795E-01  4.593E-01  4.386E-01  4.180E-01  3.974E-01  3.770E-01  3.567E-01  3.365E-01  3.165E-01  2.968E-01  2.773E-01  2.581E-01  2.393E-01  2.209E-01  2.029E-01  1.854E-01  1.684E-01  1.519E-01  1.361E-01  1.210E-01  1.065E-01  9.278E-02  7.977E-02  6.751E-02  5.599E-02  4.525E-02  3.532E-02  2.632E-02  1.842E-02  1.194E-02
  344.0000  5.847E-01  5.689E-01  5.530E-01  5.370E-01  5.208E-01  5.045E-01  4.880E-01  4.715E-01  4.549E-01  4.382E-01  4.210E-01  4.043E-01  3.875E-01  3.710E-01  3.542E-01  3.375E-01  3.208E-01  3.042E-01  2.876E-01  2.713E-01  2.550E-01  2.390E-01  2.232E-01  2.076E-01  1.923E-01  1.774E-01  1.628E-01  1.486E-01  1.348E-01  1.215E-01  1.087E-01  9.647E-02  8.479E-02  7.370E-02  6.322E-02  5.335E-02  4.410E-02  3.550E-02  2.759E-02  2.044E-02  1.421E-02  9.150E-03
  345.0000  6.544E-01  6.369E-01  6.192E-01  6.014E-01  5.834E-01  5.652E-01  5.469E-01  5.285E-01  5.101E-01  4.915E-01  4.724E-01  4.537E-01  4.350E-01  4.167E-01  3.980E-01  3.793E-01  3.607E-01  3.422E-01  3.237E-01  3.055E-01  2.874E-01  2.695E-01  2.518E-01  2.344E-01  2.173E-01  2.006E-01  1.842E-01  1.683E-01  1.529E-01  1.379E-01  1.236E-01  1.098E-01  9.668E-02  8.419E-02  7.238E-02  6.124E-02  5.079E-02  4.104E-02  3.203E-02  2.386E-02  1.669E-02  1.082E-02
  346.0000  6.658E-01  6.479E-01  6.299E-01  6.117E-01  5.933E-01  5.748E-01  5.562E-01  5.375E-01  5.186E-01  4.997E-01  4.803E-01  4.612E-01  4.422E-01  4.235E-01  4.044E-01  3.854E-01  3.664E-01  3.475E-01  3.287E-01  3.101E-01  2.916E-01  2.734E-01  2.554E-01  2.377E-01  2.203E-01  2.032E-01  1.865E-01  1.703E-01  1.546E-01  1.394E-01  1.248E-01  1.108E-01  9.745E-02  8.476E-02  7.277E-02  6.147E-02  5.089E-02  4.103E-02  3.194E-02  2.372E-02  1.652E-02  1.066E-02
  347.0000  7.166E-01  6.975E-01  6.782E-01  6.586E-01  6.389E-01  6.190E-01  5.990E-01  5.789E-01  5.587E-01  5.383E-01  5.175E-01  4.970E-01  4.765E-01  4.565E-01  4.360E-01  4.155E-01  3.951E-01  3.748E-01  3.546E-01  3.346E-01  3.147E-01  2.951E-01  2.757E-01  2.566E-01  2.379E-01  2.195E-01  2.016E-01  1.841E-01  1.671E-01  1.508E-01  1.350E-01  1.199E-01  1.055E-01  9.180E-02  7.885E-02  6.666E-02  5.523E-02  4.457E-02  3.474E-02  2.584E-02  1.803E-02  1.165E-02
  348.0000  6.247E-01  6.080E-01  5.912E-01  5.742E-01  5.571E-01  5.398E-01  5.224E-01  5.049E-01  4.873E-01  4.696E-01  4.515E-01  4.337E-01  4.158E-01  3.984E-01  3.805E-01  3.627E-01  3.450E-01  3.273E-01  3.097E-01  2.922E-01  2.750E-01  2.578E-01  2.409E-01  2.243E-01  2.080E-01  1.919E-01  1.763E-01  1.611E-01  1.463E-01  1.320E-01  1.182E-01  1.050E-01  9.243E-02  8.047E-02  6.915E-02  5.849E-02  4.850E-02  3.918E-02  3.057E-02  2.276E-02  1.590E-02  1.029E-02
  349.0000  6.414E-01  6.244E-01  6.071E-01  5.897E-01  5.722E-01  5.545E-01  5.367E-01  5.187E-01  5.007E-01  4.825E-01  4.639E-01  4.457E-01  4.274E-01  4.095E-01  3.912E-01  3.729E-01  3.547E-01  3.365E-01  3.185E-01  3.006E-01  2.828E-01  2.653E-01  2.479E-01  2.308E-01  2.140E-01  1.976E-01  1.815E-01  1.658E-01  1.506E-01  1.359E-01  1.218E-01  1.082E-01  9.526E-02  8.295E-02  7.131E-02  6.034E-02  5.005E-02  4.046E-02  3.159E-02  2.354E-02  1.646E-02  1.066E-02
  350.0000  7.410E-01  7.213E-01  7.014E-01  6.813E-01  6.611E-01  6.406E-01  6.200E-01  5.993E-01  5.785E-01  5.575E-01  5.360E-01  5.150E-01  4.939E-01  4.732E-01  4.520E-01  4.309E-01  4.099E-01  3.889E-01  3.681E-01  3.474E-01  3.268E-01  3.065E-01  2.865E-01  2.667E-01  2.473E-01  2.283E-01  2.097E-01  1.916E-01  1.740E-01  1.570E-01  1.406E-01  1.249E-01  1.100E-01  9.573E-02  8.227E-02  6.959E-02  5.771E-02  4.663E-02  3.639E-02  2.710E-02  1.894E-02  1.225E-02
------------------------------------------------------------
