Spectral Irradiance, W m-2 nm-1
values at z =      3.216 km
Columns: wavelength (nm), solar zenith angles (deg.)
    wc, nm     49.000     50.000     51.000     52.000     53.000     54.000     55.000     56.000     57.000     58.000     59.000     60.000     61.000     62.000     63.000     64.000     65.000     66.000     67.000     68.000     69.000     70.000     71.000     72.000     73.000     74.000     75.000     76.000     77.000     78.000     79.000     80.000     81.000     82.000     83.000     84.000     85.000     86.000     87.000     88.000     89.000     90.000
  280.0000  0.000E+00  0.000E+00  0.000E+00  0.000E+00  0.000E+00  0.000E+00  0.000E+00  0.000E+00  0.000E+00  0.000E+00  0.000E+00  0.000E+00  0.000E+00  0.000E+00  0.000E+00  0.000E+00  0.000E+00  0.000E+00  0.000E+00  0.000E+00  0.000E+00  0.000E+00  0.000E+00  0.000E+00  0.000E+00  0.000E+00  0.000E+00  0.000E+00  0.000E+00  0.000E+00  0.000E+00  0.000E+00  0.000E+00  0.000E+00  0.000E+00  0.000E+00  0.000E+00  0.000E+00  0.000E+00  0.000E+00  0.000E+00  0.000E+00
  281.0000  0.000E+00  0.000E+00  0.000E+00  0.000E+00  0.000E+00  0.000E+00  0.000E+00  0.000E+00  0.000E+00  0.000E+00  0.000E+00  0.000E+00  0.000E+00  0.000E+00  0.000E+00  0.000E+00  0.000E+00  0.000E+00  0.000E+00  0.000E+00  0.000E+00  0.000E+00  0.000E+00  0.000E+00  0.000E+00  0.000E+00  0.000E+00  0.000E+00  0.000E+00  0.000E+00  0.000E+00  0.000E+00  0.000E+00  0.000E+00  0.000E+00  0.000E+00  0.000E+00  0.000E+00  0.000E+00  0.000E+00  0.000E+00  0.000E+00
  282.0000  0.000E+00  0.000E+00  0.000E+00  0.000E+00  0.000E+00  0.000E+00  0.000E+00  0.000E+00  0.000E+00  0.000E+00  0.000E+00  0.000E+00  0.000E+00  0.000E+00  0.000E+00  0.000E+00  0.000E+00  0.000E+00  0.000E+00  0.000E+00  0.000E+00  0.000E+00  0.000E+00  0.000E+00  0.000E+00  0.000E+00  0.000E+00  0.000E+00  0.000E+00  0.000E+00  0.000E+00  0.000E+00  0.000E+00  0.000E+00  0.000E+00  0.000E+00  0.000E+00  0.000E+00  0.000E+00  0.000E+00  0.000E+00  0.000E+00
  283.0000  0.000E+00  0.000E+00  0.000E+00  0.000E+00  0.000E+00  0.000E+00  0.000E+00  0.000E+00  0.000E+00  0.000E+00  0.000E+00  0.000E+00  0.000E+00  0.000E+00  0.000E+00  0.000E+00  0.000E+00  0.000E+00  0.000E+00  0.000E+00  0.000E+00  0.000E+00  0.000E+00  0.000E+00  0.000E+00  0.000E+00  0.000E+00  0.000E+00  0.000E+00  0.000E+00  0.000E+00  0.000E+00  0.000E+00  0.000E+00  0.000E+00  0.000E+00  0.000E+00  0.000E+00  0.000E+00  0.000E+00  0.000E+00  0.000E+00
  284.0000  0.000E+00  0.000E+00  0.000E+00  0.000E+00  0.000E+00  0.000E+00  0.000E+00  0.000E+00  0.000E+00  0.000E+00  0.000E+00  0.000E+00  0.000E+00  0.000E+00  0.000E+00  0.000E+00  0.000E+00  0.000E+00  0.000E+00  0.000E+00  0.000E+00  0.000E+00  0.000E+00  0.000E+00  0.000E+00  0.000E+00  0.000E+00  0.000E+00  0.000E+00  0.000E+00  0.000E+00  0.000E+00  0.000E+00  0.000E+00  0.000E+00  0.000E+00  0.000E+00  0.000E+00  0.000E+00  0.000E+00  0.000E+00  0.000E+00
  285.0000  0.000E+00  0.000E+00  0.000E+00  0.000E+00  0.000E+00  0.000E+00  0.000E+00  0.000E+00  0.000E+00  0.000E+00  0.000E+00  0.000E+00  0.000E+00  0.000E+00  0.000E+00  0.000E+00  0.000E+00  0.000E+00  0.000E+00  0.000E+00  0.000E+00  0.000E+00  0.000E+00  0.000E+00  0.000E+00  0.000E+00  0.000E+00  0.000E+00  0.000E+00  0.000E+00  0.000E+00  0.000E+00  0.000E+00  0.000E+00  0.000E+00  0.000E+00  0.000E+00  0.000E+00  0.000E+00  0.000E+00  0.000E+00  0.000E+00
  286.0000  0.000E+00  0.000E+00  0.000E+00  0.000E+00  0.000E+00  0.000E+00  0.000E+00  0.000E+00  0.000E+00  0.000E+00  0.000E+00  0.000E+00  0.000E+00  0.000E+00  0.000E+00  0.000E+00  0.000E+00  0.000E+00  0.000E+00  0.000E+00  0.000E+00  0.000E+00  0.000E+00  0.000E+00  0.000E+00  0.000E+00  0.000E+00  0.000E+00  0.000E+00  0.000E+00  0.000E+00  0.000E+00  0.000E+00  0.000E+00  0.000E+00  0.000E+00  0.000E+00  0.000E+00  0.000E+00  0.000E+00  0.000E+00  0.000E+00
  287.0000  0.000E+00  0.000E+00  0.000E+00  0.000E+00  0.000E+00  0.000E+00  0.000E+00  0.000E+00  0.000E+00  0.000E+00  0.000E+00  0.000E+00  0.000E+00  0.000E+00  0.000E+00  0.000E+00  0.000E+00  0.000E+00  0.000E+00  0.000E+00  0.000E+00  0.000E+00  0.000E+00  0.000E+00  0.000E+00  0.000E+00  0.000E+00  0.000E+00  0.000E+00  0.000E+00  0.000E+00  0.000E+00  0.000E+00  0.000E+00  0.000E+00  0.000E+00  0.000E+00  0.000E+00  0.000E+00  0.000E+00  0.000E+00  0.000E+00
  288.0000  0.000E+00  0.000E+00  0.000E+00  0.000E+00  0.000E+00  0.000E+00  0.000E+00  0.000E+00  0.000E+00  0.000E+00  0.000E+00  0.000E+00  0.000E+00  0.000E+00  0.000E+00  0.000E+00  0.000E+00  0.000E+00  0.000E+00  0.000E+00  0.000E+00  0.000E+00  0.000E+00  0.000E+00  0.000E+00  0.000E+00  0.000E+00  0.000E+00  0.000E+00  0.000E+00  0.000E+00  0.000E+00  0.000E+00  0.000E+00  0.000E+00  0.000E+00  0.000E+00  0.000E+00  0.000E+00  0.000E+00  0.000E+00  0.000E+00
  289.0000  0.000E+00  0.000E+00  0.000E+00  0.000E+00  0.000E+00  0.000E+00  0.000E+00  0.000E+00  0.000E+00  0.000E+00  0.000E+00  0.000E+00  0.000E+00  0.000E+00  0.000E+00  0.000E+00  0.000E+00  0.000E+00  0.000E+00  0.000E+00  0.000E+00  0.000E+00  0.000E+00  0.000E+00  0.000E+00  0.000E+00  0.000E+00  0.000E+00  0.000E+00  0.000E+00  0.000E+00  0.000E+00  0.000E+00  0.000E+00  0.000E+00  0.000E+00  0.000E+00  0.000E+00  0.000E+00  0.000E+00  0.000E+00  0.000E+00
  290.0000  0.000E+00  0.000E+00  0.000E+00  0.000E+00  0.000E+00  0.000E+00  0.000E+00  0.000E+00  0.000E+00  0.000E+00  0.000E+00  0.000E+00  0.000E+00  0.000E+00  0.000E+00  0.000E+00  0.000E+00  0.000E+00  0.000E+00  0.000E+00  0.000E+00  0.000E+00  0.000E+00  0.000E+00  0.000E+00  0.000E+00  0.000E+00  0.000E+00  0.000E+00  0.000E+00  0.000E+00  0.000E+00  0.000E+00  0.000E+00  0.000E+00  0.000E+00  0.000E+00  0.000E+00  0.000E+00  0.000E+00  0.000E+00  0.000E+00
  291.0000  0.000E+00  0.000E+00  0.000E+00  0.000E+00  0.000E+00  0.000E+00  0.000E+00  0.000E+00  0.000E+00  0.000E+00  0.000E+00  0.000E+00  0.000E+00  0.000E+00  0.000E+00  0.000E+00  0.000E+00  0.000E+00  0.000E+00  0.000E+00  0.000E+00  0.000E+00  0.000E+00  0.000E+00  0.000E+00  0.000E+00  0.000E+00  0.000E+00  0.000E+00  0.000E+00  0.000E+00  0.000E+00  0.000E+00  0.000E+00  0.000E+00  0.000E+00  0.000E+00  0.000E+00  0.000E+00  0.000E+00  0.000E+00  0.000E+00
  292.0000  1.953E-07  1.431E-07  1.031E-07  7.307E-08  5.082E-08  3.467E-08  2.317E-08  1.515E-08  9.680E-09  6.039E-09  3.729E-09  2.140E-09  1.264E-09  7.262E-10  4.115E-10  2.332E-10  1.351E-10  8.198E-11  5.327E-11  3.745E-11  2.830E-11  2.263E-11  1.881E-11  1.604E-11  1.392E-11  1.221E-11  1.081E-11  9.625E-12  8.613E-12  7.733E-12  6.959E-12  6.268E-12  5.644E-12  5.074E-12  4.546E-12  4.051E-12  3.582E-12  3.131E-12  2.691E-12  2.259E-12  1.829E-12  1.412E-12
  293.0000  7.869E-07  5.932E-07  4.407E-07  3.223E-07  2.318E-07  1.638E-07  1.136E-07  7.730E-08  5.150E-08  3.359E-08  2.129E-08  1.310E-08  8.113E-09  4.892E-09  2.904E-09  1.713E-09  1.020E-09  6.260E-10  4.037E-10  2.777E-10  2.045E-10  1.598E-10  1.305E-10  1.100E-10  9.455E-11  8.242E-11  7.255E-11  6.431E-11  5.730E-11  5.125E-11  4.595E-11  4.125E-11  3.703E-11  3.319E-11  2.966E-11  2.637E-11  2.326E-11  2.029E-11  1.741E-11  1.459E-11  1.180E-11  9.105E-12
  294.0000  4.346E-06  3.392E-06  2.614E-06  1.987E-06  1.489E-06  1.099E-06  7.979E-07  5.697E-07  3.993E-07  2.748E-07  1.873E-07  1.206E-07  7.910E-08  5.066E-08  3.190E-08  1.985E-08  1.234E-08  7.771E-09  5.031E-09  3.403E-09  2.432E-09  1.838E-09  1.459E-09  1.203E-09  1.018E-09  8.773E-10  7.654E-10  6.734E-10  5.961E-10  5.299E-10  4.725E-10  4.220E-10  3.770E-10  3.364E-10  2.994E-10  2.652E-10  2.331E-10  2.027E-10  1.734E-10  1.449E-10  1.170E-10  9.019E-11
  295.0000  1.462E-05  1.169E-05  9.245E-06  7.221E-06  5.568E-06  4.235E-06  3.175E-06  2.344E-06  1.703E-06  1.216E-06  8.502E-07  5.798E-07  3.960E-07  2.647E-07  1.739E-07  1.126E-07  7.252E-08  4.683E-08  3.070E-08  2.071E-08  1.456E-08  1.074E-08  8.321E-09  6.716E-09  5.594E-09  4.764E-09  4.120E-09  3.600E-09  3.168E-09  2.802E-09  2.486E-09  2.210E-09  1.966E-09  1.748E-09  1.550E-09  1.368E-09  1.199E-09  1.039E-09  8.869E-10  7.394E-10  5.958E-10  4.587E-10
  296.0000  7.216E-05  5.936E-05  4.835E-05  3.897E-05  3.106E-05  2.446E-05  1.903E-05  1.460E-05  1.105E-05  8.242E-06  6.106E-06  4.320E-06  3.094E-06  2.174E-06  1.502E-06  1.022E-06  6.881E-07  4.612E-07  3.100E-07  2.111E-07  1.473E-07  1.064E-07  8.000E-08  6.265E-08  5.085E-08  4.244E-08  3.615E-08  3.122E-08  2.722E-08  2.389E-08  2.104E-08  1.859E-08  1.643E-08  1.452E-08  1.281E-08  1.125E-08  9.810E-09  8.468E-09  7.198E-09  5.980E-09  4.803E-09  3.690E-09
  297.0000  1.222E-04  1.025E-04  8.515E-05  7.010E-05  5.713E-05  4.607E-05  3.674E-05  2.894E-05  2.252E-05  1.729E-05  1.304E-05  9.662E-06  7.145E-06  5.194E-06  3.715E-06  2.616E-06  1.820E-06  1.257E-06  8.646E-07  5.975E-07  4.184E-07  2.998E-07  2.216E-07  1.699E-07  1.349E-07  1.105E-07  9.269E-08  7.915E-08  6.840E-08  5.959E-08  5.218E-08  4.583E-08  4.031E-08  3.544E-08  3.111E-08  2.720E-08  2.363E-08  2.032E-08  1.721E-08  1.425E-08  1.142E-08  8.749E-09
  298.0000  5.010E-04  4.290E-04  3.645E-04  3.071E-04  2.566E-04  2.123E-04  1.740E-04  1.411E-04  1.132E-04  8.974E-05  7.067E-05  5.382E-05  4.124E-05  3.114E-05  2.316E-05  1.696E-05  1.227E-05  8.779E-06  6.234E-06  4.413E-06  3.133E-06  2.248E-06  1.644E-06  1.234E-06  9.548E-07  7.618E-07  6.248E-07  5.238E-07  4.462E-07  3.844E-07  3.335E-07  2.906E-07  2.537E-07  2.216E-07  1.932E-07  1.679E-07  1.450E-07  1.240E-07  1.045E-07  8.614E-08  6.871E-08  5.249E-08
  299.0000  9.365E-04  8.136E-04  7.019E-04  6.011E-04  5.107E-04  4.303E-04  3.593E-04  2.972E-04  2.435E-04  1.973E-04  1.578E-04  1.242E-04  9.759E-05  7.564E-05  5.780E-05  4.352E-05  3.237E-05  2.379E-05  1.732E-05  1.252E-05  9.029E-06  6.532E-06  4.774E-06  3.551E-06  2.704E-06  2.116E-06  1.702E-06  1.402E-06  1.178E-06  1.003E-06  8.629E-07  7.463E-07  6.473E-07  5.619E-07  4.872E-07  4.210E-07  3.617E-07  3.078E-07  2.582E-07  2.120E-07  1.685E-07  1.283E-07
  300.0000  1.714E-03  1.513E-03  1.328E-03  1.157E-03  1.002E-03  8.607E-04  7.339E-04  6.206E-04  5.202E-04  4.320E-04  3.527E-04  2.869E-04  2.317E-04  1.849E-04  1.456E-04  1.131E-04  8.685E-05  6.588E-05  4.943E-05  3.673E-05  2.711E-05  1.994E-05  1.469E-05  1.091E-05  8.212E-06  6.305E-06  4.955E-06  3.988E-06  3.280E-06  2.746E-06  2.329E-06  1.991E-06  1.711E-06  1.473E-06  1.267E-06  1.086E-06  9.266E-07  7.831E-07  6.528E-07  5.327E-07  4.211E-07  3.192E-07
  301.0000  3.924E-03  3.507E-03  3.115E-03  2.752E-03  2.416E-03  2.108E-03  1.826E-03  1.569E-03  1.339E-03  1.132E-03  9.528E-04  7.835E-04  6.459E-04  5.272E-04  4.249E-04  3.383E-04  2.662E-04  2.070E-04  1.592E-04  1.211E-04  9.132E-05  6.838E-05  5.101E-05  3.809E-05  2.862E-05  2.177E-05  1.684E-05  1.330E-05  1.072E-05  8.818E-06  7.367E-06  6.223E-06  5.294E-06  4.518E-06  3.857E-06  3.283E-06  2.780E-06  2.334E-06  1.933E-06  1.568E-06  1.233E-06  9.302E-07
  302.0000  5.834E-03  5.268E-03  4.733E-03  4.230E-03  3.759E-03  3.321E-03  2.916E-03  2.543E-03  2.201E-03  1.892E-03  1.613E-03  1.356E-03  1.138E-03  9.471E-04  7.791E-04  6.334E-04  5.094E-04  4.051E-04  3.186E-04  2.478E-04  1.908E-04  1.455E-04  1.103E-04  8.321E-05  6.281E-05  4.765E-05  3.652E-05  2.842E-05  2.252E-05  1.818E-05  1.494E-05  1.244E-05  1.046E-05  8.842E-06  7.485E-06  6.323E-06  5.315E-06  4.429E-06  3.642E-06  2.935E-06  2.294E-06  1.722E-06
  303.0000  1.462E-02  1.334E-02  1.212E-02  1.096E-02  9.867E-03  8.832E-03  7.862E-03  6.957E-03  6.118E-03  5.344E-03  4.636E-03  3.969E-03  3.394E-03  2.880E-03  2.419E-03  2.010E-03  1.654E-03  1.346E-03  1.085E-03  8.641E-04  6.811E-04  5.313E-04  4.107E-04  3.150E-04  2.404E-04  1.832E-04  1.400E-04  1.078E-04  8.405E-05  6.651E-05  5.351E-05  4.371E-05  3.615E-05  3.013E-05  2.521E-05  2.108E-05  1.754E-05  1.448E-05  1.180E-05  9.427E-06  7.308E-06  5.447E-06
  304.0000  1.925E-02  1.769E-02  1.618E-02  1.474E-02  1.337E-02  1.207E-02  1.084E-02  9.680E-03  8.595E-03  7.585E-03  6.646E-03  5.763E-03  4.987E-03  4.286E-03  3.647E-03  3.073E-03  2.565E-03  2.120E-03  1.734E-03  1.404E-03  1.124E-03  8.908E-04  6.987E-04  5.430E-04  4.189E-04  3.215E-04  2.464E-04  1.893E-04  1.465E-04  1.146E-04  9.094E-05  7.323E-05  5.976E-05  4.925E-05  4.081E-05  3.385E-05  2.797E-05  2.292E-05  1.855E-05  1.471E-05  1.133E-05  8.397E-06
  305.0000  3.334E-02  3.089E-02  2.852E-02  2.623E-02  2.403E-02  2.191E-02  1.990E-02  1.798E-02  1.616E-02  1.445E-02  1.280E-02  1.130E-02  9.924E-03  8.666E-03  7.499E-03  6.433E-03  5.471E-03  4.611E-03  3.850E-03  3.182E-03  2.603E-03  2.107E-03  1.687E-03  1.337E-03  1.050E-03  8.171E-04  6.321E-04  4.873E-04  3.757E-04  2.910E-04  2.272E-04  1.794E-04  1.435E-04  1.160E-04  9.454E-05  7.729E-05  6.307E-05  5.110E-05  4.088E-05  3.208E-05  2.445E-05  1.795E-05
  306.0000  3.645E-02  3.395E-02  3.153E-02  2.917E-02  2.689E-02  2.469E-02  2.258E-02  2.055E-02  1.862E-02  1.678E-02  1.497E-02  1.337E-02  1.185E-02  1.046E-02  9.146E-03  7.936E-03  6.831E-03  5.830E-03  4.932E-03  4.132E-03  3.428E-03  2.815E-03  2.287E-03  1.838E-03  1.462E-03  1.151E-03  8.990E-04  6.974E-04  5.389E-04  4.163E-04  3.227E-04  2.520E-04  1.987E-04  1.584E-04  1.273E-04  1.029E-04  8.311E-05  6.672E-05  5.292E-05  4.116E-05  3.112E-05  2.267E-05
  307.0000  5.505E-02  5.158E-02  4.819E-02  4.487E-02  4.164E-02  3.850E-02  3.547E-02  3.254E-02  2.973E-02  2.703E-02  2.434E-02  2.195E-02  1.966E-02  1.754E-02  1.551E-02  1.362E-02  1.188E-02  1.028E-02  8.815E-03  7.496E-03  6.315E-03  5.268E-03  4.349E-03  3.552E-03  2.870E-03  2.294E-03  1.814E-03  1.422E-03  1.106E-03  8.558E-04  6.609E-04  5.113E-04  3.976E-04  3.116E-04  2.463E-04  1.958E-04  1.560E-04  1.237E-04  9.696E-05  7.459E-05  5.578E-05  4.024E-05
  308.0000  7.467E-02  7.033E-02  6.606E-02  6.187E-02  5.776E-02  5.375E-02  4.986E-02  4.606E-02  4.240E-02  3.886E-02  3.533E-02  3.211E-02  2.903E-02  2.616E-02  2.338E-02  2.076E-02  1.831E-02  1.604E-02  1.394E-02  1.202E-02  1.027E-02  8.698E-03  7.292E-03  6.050E-03  4.966E-03  4.031E-03  3.236E-03  2.569E-03  2.019E-03  1.573E-03  1.217E-03  9.381E-04  7.229E-04  5.588E-04  4.342E-04  3.393E-04  2.659E-04  2.078E-04  1.608E-04  1.222E-04  9.023E-05  6.435E-05
  309.0000  8.393E-02  7.928E-02  7.469E-02  7.017E-02  6.574E-02  6.140E-02  5.715E-02  5.302E-02  4.900E-02  4.512E-02  4.122E-02  3.764E-02  3.421E-02  3.099E-02  2.785E-02  2.489E-02  2.210E-02  1.949E-02  1.706E-02  1.482E-02  1.277E-02  1.091E-02  9.223E-03  7.722E-03  6.397E-03  5.240E-03  4.244E-03  3.397E-03  2.689E-03  2.107E-03  1.636E-03  1.261E-03  9.692E-04  7.444E-04  5.732E-04  4.431E-04  3.435E-04  2.658E-04  2.039E-04  1.536E-04  1.125E-04  7.962E-05
  310.0000  9.593E-02  9.109E-02  8.629E-02  8.155E-02  7.687E-02  7.226E-02  6.773E-02  6.329E-02  5.895E-02  5.471E-02  5.037E-02  4.648E-02  4.264E-02  3.902E-02  3.545E-02  3.204E-02  2.880E-02  2.573E-02  2.283E-02  2.012E-02  1.760E-02  1.528E-02  1.314E-02  1.120E-02  9.445E-03  7.882E-03  6.504E-03  5.303E-03  4.271E-03  3.397E-03  2.669E-03  2.073E-03  1.594E-03  1.217E-03  9.246E-04  7.012E-04  5.317E-04  4.023E-04  3.022E-04  2.233E-04  1.606E-04  1.116E-04
  311.0000  1.712E-01  1.629E-01  1.547E-01  1.465E-01  1.385E-01  1.305E-01  1.227E-01  1.150E-01  1.074E-01  1.000E-01  9.250E-02  8.561E-02  7.884E-02  7.243E-02  6.610E-02  6.002E-02  5.421E-02  4.868E-02  4.345E-02  3.852E-02  3.390E-02  2.961E-02  2.565E-02  2.201E-02  1.871E-02  1.574E-02  1.309E-02  1.076E-02  8.736E-03  7.000E-03  5.535E-03  4.321E-03  3.333E-03  2.545E-03  1.927E-03  1.452E-03  1.091E-03  8.175E-04  6.079E-04  4.451E-04  3.172E-04  2.184E-04
  312.0000  1.665E-01  1.589E-01  1.513E-01  1.439E-01  1.364E-01  1.291E-01  1.218E-01  1.146E-01  1.076E-01  1.006E-01  9.358E-02  8.701E-02  8.058E-02  7.445E-02  6.837E-02  6.249E-02  5.684E-02  5.142E-02  4.626E-02  4.136E-02  3.673E-02  3.239E-02  2.834E-02  2.458E-02  2.113E-02  1.799E-02  1.514E-02  1.260E-02  1.036E-02  8.404E-03  6.722E-03  5.300E-03  4.119E-03  3.156E-03  2.388E-03  1.788E-03  1.328E-03  9.798E-04  7.167E-04  5.163E-04  3.623E-04  2.457E-04
  313.0000  2.022E-01  1.936E-01  1.850E-01  1.764E-01  1.678E-01  1.594E-01  1.510E-01  1.427E-01  1.344E-01  1.263E-01  1.181E-01  1.103E-01  1.027E-01  9.544E-02  8.817E-02  8.111E-02  7.428E-02  6.770E-02  6.137E-02  5.532E-02  4.957E-02  4.412E-02  3.898E-02  3.418E-02  2.971E-02  2.559E-02  2.182E-02  1.839E-02  1.532E-02  1.260E-02  1.021E-02  8.155E-03  6.407E-03  4.951E-03  3.762E-03  2.814E-03  2.075E-03  1.511E-03  1.087E-03  7.691E-04  5.302E-04  3.533E-04
  314.0000  2.275E-01  2.180E-01  2.086E-01  1.992E-01  1.898E-01  1.805E-01  1.712E-01  1.620E-01  1.529E-01  1.440E-01  1.348E-01  1.262E-01  1.178E-01  1.096E-01  1.015E-01  9.362E-02  8.596E-02  7.856E-02  7.143E-02  6.460E-02  5.807E-02  5.187E-02  4.601E-02  4.050E-02  3.535E-02  3.059E-02  2.620E-02  2.220E-02  1.859E-02  1.537E-02  1.253E-02  1.005E-02  7.936E-03  6.157E-03  4.691E-03  3.511E-03  2.585E-03  1.874E-03  1.339E-03  9.405E-04  6.434E-04  4.255E-04
  315.0000  2.533E-01  2.435E-01  2.338E-01  2.240E-01  2.142E-01  2.045E-01  1.948E-01  1.852E-01  1.756E-01  1.661E-01  1.565E-01  1.473E-01  1.382E-01  1.294E-01  1.206E-01  1.120E-01  1.036E-01  9.546E-02  8.753E-02  7.988E-02  7.251E-02  6.544E-02  5.869E-02  5.228E-02  4.622E-02  4.053E-02  3.523E-02  3.032E-02  2.580E-02  2.170E-02  1.800E-02  1.471E-02  1.182E-02  9.320E-03  7.200E-03  5.440E-03  4.016E-03  2.896E-03  2.040E-03  1.402E-03  9.364E-04  6.037E-04
  316.0000  2.075E-01  1.996E-01  1.916E-01  1.837E-01  1.758E-01  1.679E-01  1.600E-01  1.521E-01  1.444E-01  1.366E-01  1.287E-01  1.212E-01  1.138E-01  1.067E-01  9.950E-02  9.247E-02  8.560E-02  7.892E-02  7.243E-02  6.615E-02  6.010E-02  5.430E-02  4.875E-02  4.347E-02  3.848E-02  3.379E-02  2.941E-02  2.534E-02  2.160E-02  1.819E-02  1.512E-02  1.237E-02  9.958E-03  7.866E-03  6.086E-03  4.604E-03  3.401E-03  2.452E-03  1.725E-03  1.184E-03  7.889E-04  5.075E-04
  317.0000  3.318E-01  3.199E-01  3.079E-01  2.959E-01  2.838E-01  2.718E-01  2.598E-01  2.479E-01  2.360E-01  2.241E-01  2.120E-01  2.004E-01  1.889E-01  1.779E-01  1.667E-01  1.557E-01  1.449E-01  1.343E-01  1.240E-01  1.140E-01  1.043E-01  9.496E-02  8.595E-02  7.731E-02  6.907E-02  6.126E-02  5.389E-02  4.698E-02  4.054E-02  3.460E-02  2.916E-02  2.422E-02  1.980E-02  1.588E-02  1.247E-02  9.563E-03  7.135E-03  5.168E-03  3.626E-03  2.461E-03  1.610E-03  1.014E-03
  318.0000  2.932E-01  2.827E-01  2.722E-01  2.617E-01  2.511E-01  2.406E-01  2.300E-01  2.195E-01  2.091E-01  1.986E-01  1.880E-01  1.778E-01  1.677E-01  1.579E-01  1.481E-01  1.384E-01  1.289E-01  1.195E-01  1.105E-01  1.016E-01  9.304E-02  8.475E-02  7.676E-02  6.911E-02  6.180E-02  5.486E-02  4.831E-02  4.216E-02  3.643E-02  3.113E-02  2.627E-02  2.185E-02  1.789E-02  1.437E-02  1.130E-02  8.678E-03  6.482E-03  4.698E-03  3.296E-03  2.235E-03  1.460E-03  9.176E-04
  319.0000  3.549E-01  3.431E-01  3.313E-01  3.194E-01  3.075E-01  2.955E-01  2.835E-01  2.715E-01  2.596E-01  2.476E-01  2.354E-01  2.236E-01  2.119E-01  2.006E-01  1.891E-01  1.777E-01  1.665E-01  1.555E-01  1.447E-01  1.341E-01  1.238E-01  1.138E-01  1.040E-01  9.459E-02  8.552E-02  7.682E-02  6.852E-02  6.063E-02  5.319E-02  4.619E-02  3.968E-02  3.364E-02  2.811E-02  2.308E-02  1.858E-02  1.459E-02  1.114E-02  8.217E-03  5.828E-03  3.953E-03  2.551E-03  1.566E-03
  320.0000  3.879E-01  3.747E-01  3.614E-01  3.480E-01  3.346E-01  3.212E-01  3.078E-01  2.943E-01  2.810E-01  2.676E-01  2.540E-01  2.409E-01  2.278E-01  2.152E-01  2.025E-01  1.899E-01  1.775E-01  1.653E-01  1.534E-01  1.417E-01  1.304E-01  1.194E-01  1.088E-01  9.850E-02  8.866E-02  7.925E-02  7.031E-02  6.186E-02  5.392E-02  4.651E-02  3.965E-02  3.335E-02  2.762E-02  2.246E-02  1.790E-02  1.391E-02  1.051E-02  7.683E-03  5.414E-03  3.663E-03  2.372E-03  1.469E-03
  321.0000  4.333E-01  4.196E-01  4.058E-01  3.920E-01  3.781E-01  3.641E-01  3.501E-01  3.361E-01  3.221E-01  3.081E-01  2.938E-01  2.799E-01  2.660E-01  2.526E-01  2.390E-01  2.254E-01  2.121E-01  1.989E-01  1.859E-01  1.732E-01  1.607E-01  1.485E-01  1.366E-01  1.250E-01  1.138E-01  1.030E-01  9.264E-02  8.272E-02  7.327E-02  6.432E-02  5.590E-02  4.801E-02  4.069E-02  3.393E-02  2.777E-02  2.221E-02  1.727E-02  1.298E-02  9.355E-03  6.415E-03  4.151E-03  2.529E-03
  322.0000  4.290E-01  4.153E-01  4.015E-01  3.877E-01  3.737E-01  3.598E-01  3.458E-01  3.318E-01  3.178E-01  3.038E-01  2.894E-01  2.755E-01  2.617E-01  2.483E-01  2.347E-01  2.212E-01  2.079E-01  1.948E-01  1.819E-01  1.692E-01  1.568E-01  1.446E-01  1.328E-01  1.214E-01  1.103E-01  9.963E-02  8.939E-02  7.962E-02  7.033E-02  6.156E-02  5.332E-02  4.563E-02  3.851E-02  3.198E-02  2.604E-02  2.072E-02  1.602E-02  1.198E-02  8.588E-03  5.867E-03  3.791E-03  2.314E-03
  323.0000  3.793E-01  3.673E-01  3.552E-01  3.431E-01  3.309E-01  3.187E-01  3.064E-01  2.942E-01  2.819E-01  2.696E-01  2.570E-01  2.448E-01  2.327E-01  2.209E-01  2.090E-01  1.971E-01  1.854E-01  1.738E-01  1.625E-01  1.513E-01  1.403E-01  1.296E-01  1.192E-01  1.090E-01  9.922E-02  8.975E-02  8.066E-02  7.197E-02  6.369E-02  5.586E-02  4.849E-02  4.160E-02  3.520E-02  2.932E-02  2.395E-02  1.912E-02  1.484E-02  1.113E-02  8.007E-03  5.481E-03  3.541E-03  2.158E-03
  324.0000  4.686E-01  4.547E-01  4.407E-01  4.267E-01  4.125E-01  3.983E-01  3.840E-01  3.696E-01  3.552E-01  3.408E-01  3.261E-01  3.117E-01  2.974E-01  2.835E-01  2.693E-01  2.552E-01  2.412E-01  2.273E-01  2.136E-01  2.001E-01  1.868E-01  1.738E-01  1.610E-01  1.485E-01  1.363E-01  1.245E-01  1.131E-01  1.021E-01  9.150E-02  8.138E-02  7.174E-02  6.261E-02  5.401E-02  4.595E-02  3.845E-02  3.152E-02  2.520E-02  1.950E-02  1.450E-02  1.023E-02  6.770E-03  4.172E-03
  325.0000  4.796E-01  4.649E-01  4.501E-01  4.352E-01  4.202E-01  4.051E-01  3.900E-01  3.749E-01  3.597E-01  3.445E-01  3.290E-01  3.139E-01  2.988E-01  2.842E-01  2.693E-01  2.545E-01  2.399E-01  2.255E-01  2.112E-01  1.972E-01  1.834E-01  1.699E-01  1.567E-01  1.439E-01  1.314E-01  1.194E-01  1.078E-01  9.661E-02  8.595E-02  7.581E-02  6.623E-02  5.722E-02  4.880E-02  4.099E-02  3.381E-02  2.728E-02  2.142E-02  1.626E-02  1.184E-02  8.185E-03  5.324E-03  3.248E-03
  326.0000  6.538E-01  6.344E-01  6.150E-01  5.953E-01  5.756E-01  5.557E-01  5.357E-01  5.157E-01  4.956E-01  4.756E-01  4.549E-01  4.349E-01  4.149E-01  3.954E-01  3.756E-01  3.559E-01  3.363E-01  3.170E-01  2.978E-01  2.790E-01  2.604E-01  2.421E-01  2.243E-01  2.068E-01  1.898E-01  1.733E-01  1.573E-01  1.419E-01  1.271E-01  1.130E-01  9.953E-02  8.679E-02  7.479E-02  6.356E-02  5.312E-02  4.349E-02  3.471E-02  2.682E-02  1.989E-02  1.401E-02  9.250E-03  5.689E-03
  327.0000  6.503E-01  6.315E-01  6.127E-01  5.936E-01  5.745E-01  5.552E-01  5.358E-01  5.164E-01  4.968E-01  4.773E-01  4.572E-01  4.377E-01  4.182E-01  3.992E-01  3.798E-01  3.605E-01  3.413E-01  3.223E-01  3.035E-01  2.850E-01  2.667E-01  2.486E-01  2.310E-01  2.137E-01  1.968E-01  1.803E-01  1.644E-01  1.489E-01  1.341E-01  1.198E-01  1.062E-01  9.323E-02  8.096E-02  6.940E-02  5.857E-02  4.850E-02  3.921E-02  3.074E-02  2.318E-02  1.661E-02  1.115E-02  6.953E-03
  328.0000  6.055E-01  5.875E-01  5.695E-01  5.512E-01  5.329E-01  5.145E-01  4.960E-01  4.774E-01  4.588E-01  4.401E-01  4.210E-01  4.024E-01  3.838E-01  3.658E-01  3.473E-01  3.290E-01  3.109E-01  2.929E-01  2.752E-01  2.576E-01  2.404E-01  2.235E-01  2.069E-01  1.907E-01  1.749E-01  1.596E-01  1.447E-01  1.304E-01  1.167E-01  1.036E-01  9.119E-02  7.941E-02  6.833E-02  5.797E-02  4.835E-02  3.950E-02  3.145E-02  2.424E-02  1.793E-02  1.259E-02  8.286E-03  5.085E-03
  329.0000  6.606E-01  6.419E-01  6.231E-01  6.041E-01  5.849E-01  5.656E-01  5.462E-01  5.268E-01  5.072E-01  4.876E-01  4.675E-01  4.479E-01  4.283E-01  4.092E-01  3.897E-01  3.703E-01  3.510E-01  3.319E-01  3.129E-01  2.942E-01  2.757E-01  2.575E-01  2.396E-01  2.220E-01  2.048E-01  1.881E-01  1.718E-01  1.561E-01  1.409E-01  1.263E-01  1.123E-01  9.896E-02  8.629E-02  7.433E-02  6.307E-02  5.255E-02  4.279E-02  3.383E-02  2.575E-02  1.864E-02  1.264E-02  7.951E-03
  330.0000  7.669E-01  7.453E-01  7.235E-01  7.016E-01  6.795E-01  6.572E-01  6.349E-01  6.124E-01  5.898E-01  5.672E-01  5.440E-01  5.213E-01  4.987E-01  4.766E-01  4.540E-01  4.316E-01  4.093E-01  3.871E-01  3.652E-01  3.435E-01  3.220E-01  3.009E-01  2.801E-01  2.598E-01  2.398E-01  2.204E-01  2.015E-01  1.832E-01  1.655E-01  1.485E-01  1.322E-01  1.166E-01  1.019E-01  8.788E-02  7.472E-02  6.240E-02  5.095E-02  4.041E-02  3.087E-02  2.244E-02  1.529E-02  9.662E-03
  331.0000  6.395E-01  6.212E-01  6.027E-01  5.840E-01  5.652E-01  5.463E-01  5.273E-01  5.082E-01  4.891E-01  4.699E-01  4.502E-01  4.310E-01  4.119E-01  3.932E-01  3.741E-01  3.551E-01  3.363E-01  3.176E-01  2.991E-01  2.808E-01  2.627E-01  2.450E-01  2.275E-01  2.104E-01  1.938E-01  1.775E-01  1.618E-01  1.465E-01  1.318E-01  1.177E-01  1.043E-01  9.148E-02  7.938E-02  6.798E-02  5.731E-02  4.740E-02  3.827E-02  2.996E-02  2.255E-02  1.612E-02  1.079E-02  6.707E-03
  332.0000  6.555E-01  6.372E-01  6.188E-01  6.002E-01  5.814E-01  5.625E-01  5.436E-01  5.245E-01  5.053E-01  4.861E-01  4.664E-01  4.472E-01  4.279E-01  4.091E-01  3.899E-01  3.708E-01  3.518E-01  3.330E-01  3.143E-01  2.958E-01  2.775E-01  2.594E-01  2.417E-01  2.243E-01  2.073E-01  1.906E-01  1.744E-01  1.587E-01  1.436E-01  1.290E-01  1.150E-01  1.016E-01  8.884E-02  7.679E-02  6.544E-02  5.479E-02  4.486E-02  3.571E-02  2.738E-02  1.999E-02  1.368E-02  8.681E-03
  333.0000  6.967E-01  6.775E-01  6.581E-01  6.385E-01  6.188E-01  5.989E-01  5.789E-01  5.589E-01  5.387E-01  5.184E-01  4.977E-01  4.774E-01  4.571E-01  4.373E-01  4.170E-01  3.968E-01  3.768E-01  3.568E-01  3.371E-01  3.175E-01  2.981E-01  2.790E-01  2.602E-01  2.417E-01  2.236E-01  2.060E-01  1.887E-01  1.720E-01  1.559E-01  1.403E-01  1.253E-01  1.110E-01  9.735E-02  8.441E-02  7.219E-02  6.070E-02  4.996E-02  4.000E-02  3.088E-02  2.273E-02  1.569E-02  1.005E-02
  334.0000  6.160E-01  5.988E-01  5.813E-01  5.638E-01  5.461E-01  5.282E-01  5.103E-01  4.923E-01  4.742E-01  4.560E-01  4.374E-01  4.192E-01  4.011E-01  3.833E-01  3.652E-01  3.472E-01  3.292E-01  3.114E-01  2.937E-01  2.763E-01  2.590E-01  2.420E-01  2.253E-01  2.088E-01  1.928E-01  1.771E-01  1.619E-01  1.471E-01  1.328E-01  1.191E-01  1.059E-01  9.338E-02  8.147E-02  7.021E-02  5.963E-02  4.973E-02  4.054E-02  3.210E-02  2.447E-02  1.774E-02  1.204E-02  7.582E-03
  335.0000  7.068E-01  6.874E-01  6.678E-01  6.481E-01  6.282E-01  6.082E-01  5.880E-01  5.678E-01  5.474E-01  5.270E-01  5.061E-01  4.856E-01  4.651E-01  4.450E-01  4.246E-01  4.042E-01  3.839E-01  3.637E-01  3.437E-01  3.239E-01  3.043E-01  2.849E-01  2.658E-01  2.471E-01  2.287E-01  2.108E-01  1.933E-01  1.763E-01  1.598E-01  1.440E-01  1.287E-01  1.141E-01  1.002E-01  8.700E-02  7.452E-02  6.277E-02  5.177E-02  4.156E-02  3.219E-02  2.377E-02  1.647E-02  1.058E-02
  336.0000  6.014E-01  5.850E-01  5.685E-01  5.518E-01  5.350E-01  5.180E-01  5.010E-01  4.838E-01  4.666E-01  4.493E-01  4.315E-01  4.142E-01  3.968E-01  3.798E-01  3.625E-01  3.452E-01  3.280E-01  3.109E-01  2.939E-01  2.770E-01  2.604E-01  2.439E-01  2.277E-01  2.118E-01  1.962E-01  1.809E-01  1.660E-01  1.515E-01  1.375E-01  1.240E-01  1.110E-01  9.849E-02  8.660E-02  7.530E-02  6.462E-02  5.455E-02  4.510E-02  3.631E-02  2.823E-02  2.093E-02  1.457E-02  9.409E-03
  337.0000  5.696E-01  5.539E-01  5.381E-01  5.221E-01  5.060E-01  4.898E-01  4.735E-01  4.571E-01  4.406E-01  4.241E-01  4.071E-01  3.905E-01  3.739E-01  3.577E-01  3.411E-01  3.246E-01  3.082E-01  2.918E-01  2.756E-01  2.596E-01  2.437E-01  2.280E-01  2.126E-01  1.975E-01  1.826E-01  1.681E-01  1.540E-01  1.402E-01  1.270E-01  1.142E-01  1.019E-01  9.012E-02  7.894E-02  6.835E-02  5.835E-02  4.897E-02  4.022E-02  3.212E-02  2.473E-02  1.813E-02  1.246E-02  7.939E-03
  338.0000  6.393E-01  6.218E-01  6.042E-01  5.864E-01  5.684E-01  5.504E-01  5.322E-01  5.139E-01  4.955E-01  4.770E-01  4.581E-01  4.396E-01  4.211E-01  4.029E-01  3.844E-01  3.660E-01  3.476E-01  3.294E-01  3.112E-01  2.933E-01  2.755E-01  2.579E-01  2.407E-01  2.237E-01  2.070E-01  1.907E-01  1.748E-01  1.594E-01  1.445E-01  1.301E-01  1.162E-01  1.030E-01  9.037E-02  7.840E-02  6.709E-02  5.646E-02  4.652E-02  3.730E-02  2.884E-02  2.126E-02  1.469E-02  9.415E-03
  339.0000  6.798E-01  6.614E-01  6.429E-01  6.241E-01  6.053E-01  5.862E-01  5.671E-01  5.478E-01  5.285E-01  5.090E-01  4.891E-01  4.695E-01  4.500E-01  4.309E-01  4.114E-01  3.919E-01  3.725E-01  3.532E-01  3.340E-01  3.150E-01  2.962E-01  2.776E-01  2.593E-01  2.413E-01  2.236E-01  2.063E-01  1.894E-01  1.730E-01  1.571E-01  1.417E-01  1.269E-01  1.127E-01  9.921E-02  8.636E-02  7.419E-02  6.272E-02  5.196E-02  4.193E-02  3.267E-02  2.430E-02  1.697E-02  1.099E-02
  340.0000  7.647E-01  7.439E-01  7.230E-01  7.019E-01  6.805E-01  6.591E-01  6.375E-01  6.157E-01  5.939E-01  5.719E-01  5.494E-01  5.274E-01  5.053E-01  4.838E-01  4.617E-01  4.398E-01  4.179E-01  3.961E-01  3.745E-01  3.531E-01  3.318E-01  3.109E-01  2.902E-01  2.699E-01  2.500E-01  2.305E-01  2.115E-01  1.930E-01  1.751E-01  1.578E-01  1.411E-01  1.252E-01  1.100E-01  9.560E-02  8.197E-02  6.914E-02  5.712E-02  4.594E-02  3.567E-02  2.640E-02  1.834E-02  1.180E-02
  341.0000  6.726E-01  6.545E-01  6.361E-01  6.176E-01  5.990E-01  5.802E-01  5.612E-01  5.422E-01  5.230E-01  5.038E-01  4.841E-01  4.648E-01  4.455E-01  4.265E-01  4.072E-01  3.879E-01  3.687E-01  3.496E-01  3.307E-01  3.118E-01  2.932E-01  2.748E-01  2.566E-01  2.388E-01  2.213E-01  2.041E-01  1.874E-01  1.711E-01  1.553E-01  1.400E-01  1.254E-01  1.113E-01  9.792E-02  8.519E-02  7.315E-02  6.180E-02  5.115E-02  4.124E-02  3.210E-02  2.384E-02  1.662E-02  1.074E-02
  342.0000  6.873E-01  6.689E-01  6.503E-01  6.314E-01  6.125E-01  5.934E-01  5.741E-01  5.547E-01  5.353E-01  5.157E-01  4.957E-01  4.760E-01  4.563E-01  4.371E-01  4.174E-01  3.978E-01  3.782E-01  3.588E-01  3.394E-01  3.202E-01  3.012E-01  2.825E-01  2.639E-01  2.457E-01  2.278E-01  2.103E-01  1.931E-01  1.765E-01  1.603E-01  1.447E-01  1.297E-01  1.153E-01  1.015E-01  8.846E-02  7.608E-02  6.441E-02  5.344E-02  4.321E-02  3.375E-02  2.517E-02  1.763E-02  1.145E-02
  343.0000  7.224E-01  7.030E-01  6.834E-01  6.637E-01  6.438E-01  6.237E-01  6.035E-01  5.831E-01  5.627E-01  5.421E-01  5.211E-01  5.004E-01  4.798E-01  4.595E-01  4.389E-01  4.182E-01  3.977E-01  3.772E-01  3.569E-01  3.367E-01  3.167E-01  2.970E-01  2.775E-01  2.583E-01  2.395E-01  2.211E-01  2.030E-01  1.855E-01  1.685E-01  1.521E-01  1.363E-01  1.211E-01  1.067E-01  9.290E-02  7.988E-02  6.761E-02  5.608E-02  4.533E-02  3.540E-02  2.638E-02  1.846E-02  1.198E-02
  344.0000  5.853E-01  5.695E-01  5.536E-01  5.376E-01  5.214E-01  5.050E-01  4.886E-01  4.721E-01  4.554E-01  4.387E-01  4.216E-01  4.048E-01  3.880E-01  3.715E-01  3.547E-01  3.380E-01  3.213E-01  3.046E-01  2.881E-01  2.717E-01  2.555E-01  2.394E-01  2.236E-01  2.080E-01  1.927E-01  1.778E-01  1.632E-01  1.489E-01  1.351E-01  1.218E-01  1.090E-01  9.676E-02  8.506E-02  7.395E-02  6.344E-02  5.356E-02  4.429E-02  3.567E-02  2.774E-02  2.057E-02  1.431E-02  9.218E-03
  345.0000  6.547E-01  6.372E-01  6.195E-01  6.016E-01  5.836E-01  5.655E-01  5.472E-01  5.288E-01  5.103E-01  4.917E-01  4.726E-01  4.540E-01  4.353E-01  4.169E-01  3.982E-01  3.795E-01  3.609E-01  3.424E-01  3.240E-01  3.057E-01  2.876E-01  2.696E-01  2.520E-01  2.346E-01  2.175E-01  2.007E-01  1.844E-01  1.685E-01  1.530E-01  1.381E-01  1.237E-01  1.099E-01  9.680E-02  8.430E-02  7.248E-02  6.133E-02  5.087E-02  4.112E-02  3.210E-02  2.392E-02  1.673E-02  1.085E-02
  346.0000  6.663E-01  6.484E-01  6.304E-01  6.122E-01  5.938E-01  5.753E-01  5.567E-01  5.379E-01  5.191E-01  5.001E-01  4.807E-01  4.617E-01  4.426E-01  4.239E-01  4.048E-01  3.858E-01  3.668E-01  3.479E-01  3.291E-01  3.105E-01  2.920E-01  2.738E-01  2.557E-01  2.380E-01  2.206E-01  2.035E-01  1.869E-01  1.706E-01  1.549E-01  1.397E-01  1.251E-01  1.110E-01  9.767E-02  8.497E-02  7.296E-02  6.165E-02  5.105E-02  4.117E-02  3.207E-02  2.382E-02  1.661E-02  1.072E-02
  347.0000  7.171E-01  6.979E-01  6.786E-01  6.590E-01  6.393E-01  6.194E-01  5.994E-01  5.793E-01  5.590E-01  5.387E-01  5.178E-01  4.974E-01  4.769E-01  4.568E-01  4.363E-01  4.158E-01  3.954E-01  3.751E-01  3.549E-01  3.349E-01  3.150E-01  2.954E-01  2.760E-01  2.569E-01  2.381E-01  2.198E-01  2.018E-01  1.843E-01  1.674E-01  1.510E-01  1.352E-01  1.201E-01  1.057E-01  9.198E-02  7.902E-02  6.681E-02  5.536E-02  4.469E-02  3.485E-02  2.592E-02  1.809E-02  1.170E-02
  348.0000  6.250E-01  6.083E-01  5.915E-01  5.745E-01  5.574E-01  5.401E-01  5.227E-01  5.052E-01  4.876E-01  4.699E-01  4.517E-01  4.339E-01  4.161E-01  3.986E-01  3.808E-01  3.629E-01  3.452E-01  3.275E-01  3.099E-01  2.924E-01  2.751E-01  2.580E-01  2.411E-01  2.245E-01  2.081E-01  1.921E-01  1.765E-01  1.612E-01  1.464E-01  1.321E-01  1.183E-01  1.051E-01  9.255E-02  8.058E-02  6.926E-02  5.859E-02  4.858E-02  3.925E-02  3.064E-02  2.282E-02  1.595E-02  1.032E-02
  349.0000  6.416E-01  6.246E-01  6.074E-01  5.900E-01  5.724E-01  5.547E-01  5.369E-01  5.189E-01  5.008E-01  4.827E-01  4.641E-01  4.459E-01  4.276E-01  4.097E-01  3.914E-01  3.731E-01  3.549E-01  3.367E-01  3.187E-01  3.007E-01  2.830E-01  2.654E-01  2.481E-01  2.310E-01  2.142E-01  1.977E-01  1.816E-01  1.660E-01  1.508E-01  1.360E-01  1.219E-01  1.083E-01  9.535E-02  8.304E-02  7.139E-02  6.042E-02  5.012E-02  4.052E-02  3.165E-02  2.359E-02  1.650E-02  1.069E-02
  350.0000  7.413E-01  7.216E-01  7.017E-01  6.816E-01  6.613E-01  6.409E-01  6.203E-01  5.996E-01  5.787E-01  5.578E-01  5.363E-01  5.152E-01  4.941E-01  4.734E-01  4.523E-01  4.312E-01  4.101E-01  3.891E-01  3.683E-01  3.476E-01  3.271E-01  3.067E-01  2.867E-01  2.669E-01  2.475E-01  2.285E-01  2.099E-01  1.918E-01  1.742E-01  1.572E-01  1.408E-01  1.251E-01  1.101E-01  9.585E-02  8.238E-02  6.969E-02  5.780E-02  4.671E-02  3.646E-02  2.716E-02  1.898E-02  1.229E-02
------------------------------------------------------------
