Spectral Irradiance, W m-2 nm-1
values at z =      3.216 km
Columns: wavelength (nm), solar zenith angles (deg.)
    wc, nm     49.000     50.000     51.000     52.000     53.000     54.000     55.000     56.000     57.000     58.000     59.000     60.000     61.000     62.000     63.000     64.000     65.000     66.000     67.000     68.000     69.000     70.000     71.000     72.000     73.000     74.000     75.000     76.000     77.000     78.000     79.000     80.000     81.000     82.000     83.000     84.000     85.000     86.000     87.000     88.000     89.000     90.000
  280.0000  0.000E+00  0.000E+00  0.000E+00  0.000E+00  0.000E+00  0.000E+00  0.000E+00  0.000E+00  0.000E+00  0.000E+00  0.000E+00  0.000E+00  0.000E+00  0.000E+00  0.000E+00  0.000E+00  0.000E+00  0.000E+00  0.000E+00  0.000E+00  0.000E+00  0.000E+00  0.000E+00  0.000E+00  0.000E+00  0.000E+00  0.000E+00  0.000E+00  0.000E+00  0.000E+00  0.000E+00  0.000E+00  0.000E+00  0.000E+00  0.000E+00  0.000E+00  0.000E+00  0.000E+00  0.000E+00  0.000E+00  0.000E+00  0.000E+00
  281.0000  0.000E+00  0.000E+00  0.000E+00  0.000E+00  0.000E+00  0.000E+00  0.000E+00  0.000E+00  0.000E+00  0.000E+00  0.000E+00  0.000E+00  0.000E+00  0.000E+00  0.000E+00  0.000E+00  0.000E+00  0.000E+00  0.000E+00  0.000E+00  0.000E+00  0.000E+00  0.000E+00  0.000E+00  0.000E+00  0.000E+00  0.000E+00  0.000E+00  0.000E+00  0.000E+00  0.000E+00  0.000E+00  0.000E+00  0.000E+00  0.000E+00  0.000E+00  0.000E+00  0.000E+00  0.000E+00  0.000E+00  0.000E+00  0.000E+00
  282.0000  0.000E+00  0.000E+00  0.000E+00  0.000E+00  0.000E+00  0.000E+00  0.000E+00  0.000E+00  0.000E+00  0.000E+00  0.000E+00  0.000E+00  0.000E+00  0.000E+00  0.000E+00  0.000E+00  0.000E+00  0.000E+00  0.000E+00  0.000E+00  0.000E+00  0.000E+00  0.000E+00  0.000E+00  0.000E+00  0.000E+00  0.000E+00  0.000E+00  0.000E+00  0.000E+00  0.000E+00  0.000E+00  0.000E+00  0.000E+00  0.000E+00  0.000E+00  0.000E+00  0.000E+00  0.000E+00  0.000E+00  0.000E+00  0.000E+00
  283.0000  0.000E+00  0.000E+00  0.000E+00  0.000E+00  0.000E+00  0.000E+00  0.000E+00  0.000E+00  0.000E+00  0.000E+00  0.000E+00  0.000E+00  0.000E+00  0.000E+00  0.000E+00  0.000E+00  0.000E+00  0.000E+00  0.000E+00  0.000E+00  0.000E+00  0.000E+00  0.000E+00  0.000E+00  0.000E+00  0.000E+00  0.000E+00  0.000E+00  0.000E+00  0.000E+00  0.000E+00  0.000E+00  0.000E+00  0.000E+00  0.000E+00  0.000E+00  0.000E+00  0.000E+00  0.000E+00  0.000E+00  0.000E+00  0.000E+00
  284.0000  0.000E+00  0.000E+00  0.000E+00  0.000E+00  0.000E+00  0.000E+00  0.000E+00  0.000E+00  0.000E+00  0.000E+00  0.000E+00  0.000E+00  0.000E+00  0.000E+00  0.000E+00  0.000E+00  0.000E+00  0.000E+00  0.000E+00  0.000E+00  0.000E+00  0.000E+00  0.000E+00  0.000E+00  0.000E+00  0.000E+00  0.000E+00  0.000E+00  0.000E+00  0.000E+00  0.000E+00  0.000E+00  0.000E+00  0.000E+00  0.000E+00  0.000E+00  0.000E+00  0.000E+00  0.000E+00  0.000E+00  0.000E+00  0.000E+00
  285.0000  0.000E+00  0.000E+00  0.000E+00  0.000E+00  0.000E+00  0.000E+00  0.000E+00  0.000E+00  0.000E+00  0.000E+00  0.000E+00  0.000E+00  0.000E+00  0.000E+00  0.000E+00  0.000E+00  0.000E+00  0.000E+00  0.000E+00  0.000E+00  0.000E+00  0.000E+00  0.000E+00  0.000E+00  0.000E+00  0.000E+00  0.000E+00  0.000E+00  0.000E+00  0.000E+00  0.000E+00  0.000E+00  0.000E+00  0.000E+00  0.000E+00  0.000E+00  0.000E+00  0.000E+00  0.000E+00  0.000E+00  0.000E+00  0.000E+00
  286.0000  0.000E+00  0.000E+00  0.000E+00  0.000E+00  0.000E+00  0.000E+00  0.000E+00  0.000E+00  0.000E+00  0.000E+00  0.000E+00  0.000E+00  0.000E+00  0.000E+00  0.000E+00  0.000E+00  0.000E+00  0.000E+00  0.000E+00  0.000E+00  0.000E+00  0.000E+00  0.000E+00  0.000E+00  0.000E+00  0.000E+00  0.000E+00  0.000E+00  0.000E+00  0.000E+00  0.000E+00  0.000E+00  0.000E+00  0.000E+00  0.000E+00  0.000E+00  0.000E+00  0.000E+00  0.000E+00  0.000E+00  0.000E+00  0.000E+00
  287.0000  0.000E+00  0.000E+00  0.000E+00  0.000E+00  0.000E+00  0.000E+00  0.000E+00  0.000E+00  0.000E+00  0.000E+00  0.000E+00  0.000E+00  0.000E+00  0.000E+00  0.000E+00  0.000E+00  0.000E+00  0.000E+00  0.000E+00  0.000E+00  0.000E+00  0.000E+00  0.000E+00  0.000E+00  0.000E+00  0.000E+00  0.000E+00  0.000E+00  0.000E+00  0.000E+00  0.000E+00  0.000E+00  0.000E+00  0.000E+00  0.000E+00  0.000E+00  0.000E+00  0.000E+00  0.000E+00  0.000E+00  0.000E+00  0.000E+00
  288.0000  0.000E+00  0.000E+00  0.000E+00  0.000E+00  0.000E+00  0.000E+00  0.000E+00  0.000E+00  0.000E+00  0.000E+00  0.000E+00  0.000E+00  0.000E+00  0.000E+00  0.000E+00  0.000E+00  0.000E+00  0.000E+00  0.000E+00  0.000E+00  0.000E+00  0.000E+00  0.000E+00  0.000E+00  0.000E+00  0.000E+00  0.000E+00  0.000E+00  0.000E+00  0.000E+00  0.000E+00  0.000E+00  0.000E+00  0.000E+00  0.000E+00  0.000E+00  0.000E+00  0.000E+00  0.000E+00  0.000E+00  0.000E+00  0.000E+00
  289.0000  0.000E+00  0.000E+00  0.000E+00  0.000E+00  0.000E+00  0.000E+00  0.000E+00  0.000E+00  0.000E+00  0.000E+00  0.000E+00  0.000E+00  0.000E+00  0.000E+00  0.000E+00  0.000E+00  0.000E+00  0.000E+00  0.000E+00  0.000E+00  0.000E+00  0.000E+00  0.000E+00  0.000E+00  0.000E+00  0.000E+00  0.000E+00  0.000E+00  0.000E+00  0.000E+00  0.000E+00  0.000E+00  0.000E+00  0.000E+00  0.000E+00  0.000E+00  0.000E+00  0.000E+00  0.000E+00  0.000E+00  0.000E+00  0.000E+00
  290.0000  0.000E+00  0.000E+00  0.000E+00  0.000E+00  0.000E+00  0.000E+00  0.000E+00  0.000E+00  0.000E+00  0.000E+00  0.000E+00  0.000E+00  0.000E+00  0.000E+00  0.000E+00  0.000E+00  0.000E+00  0.000E+00  0.000E+00  0.000E+00  0.000E+00  0.000E+00  0.000E+00  0.000E+00  0.000E+00  0.000E+00  0.000E+00  0.000E+00  0.000E+00  0.000E+00  0.000E+00  0.000E+00  0.000E+00  0.000E+00  0.000E+00  0.000E+00  0.000E+00  0.000E+00  0.000E+00  0.000E+00  0.000E+00  0.000E+00
  291.0000  7.675E-08  5.507E-08  3.882E-08  2.687E-08  1.823E-08  1.212E-08  7.875E-09  5.001E-09  3.099E-09  1.872E-09  1.104E-09  6.174E-10  3.525E-10  1.955E-10  1.072E-10  5.917E-11  3.374E-11  2.044E-11  1.343E-11  9.620E-12  7.408E-12  6.012E-12  5.050E-12  4.338E-12  3.782E-12  3.333E-12  2.960E-12  2.644E-12  2.373E-12  2.136E-12  1.927E-12  1.740E-12  1.570E-12  1.414E-12  1.269E-12  1.132E-12  1.002E-12  8.772E-13  7.549E-13  6.341E-13  5.139E-13  3.967E-13
  292.0000  5.794E-07  4.338E-07  3.200E-07  2.323E-07  1.658E-07  1.162E-07  7.990E-08  5.385E-08  3.553E-08  2.294E-08  1.434E-08  8.754E-09  5.362E-09  3.198E-09  1.879E-09  1.098E-09  6.506E-10  3.984E-10  2.575E-10  1.782E-10  1.322E-10  1.040E-10  8.535E-11  7.215E-11  6.220E-11  5.432E-11  4.789E-11  4.250E-11  3.792E-11  3.395E-11  3.047E-11  2.738E-11  2.460E-11  2.207E-11  1.973E-11  1.755E-11  1.549E-11  1.352E-11  1.161E-11  9.731E-12  7.874E-12  6.077E-12
  293.0000  2.098E-06  1.613E-06  1.223E-06  9.142E-07  6.727E-07  4.873E-07  3.469E-07  2.424E-07  1.662E-07  1.117E-07  7.388E-08  4.661E-08  2.981E-08  1.860E-08  1.142E-08  6.941E-09  4.235E-09  2.635E-09  1.701E-09  1.159E-09  8.392E-10  6.443E-10  5.187E-10  4.323E-10  3.688E-10  3.197E-10  2.802E-10  2.474E-10  2.197E-10  1.959E-10  1.752E-10  1.568E-10  1.404E-10  1.256E-10  1.120E-10  9.936E-11  8.750E-11  7.619E-11  6.528E-11  5.462E-11  4.414E-11  3.404E-11
  294.0000  1.016E-05  8.069E-06  6.330E-06  4.904E-06  3.748E-06  2.825E-06  2.097E-06  1.532E-06  1.101E-06  7.776E-07  5.355E-07  3.616E-07  2.439E-07  1.610E-07  1.044E-07  6.685E-08  4.260E-08  2.730E-08  1.783E-08  1.204E-08  8.512E-09  6.333E-09  4.947E-09  4.023E-09  3.371E-09  2.883E-09  2.501E-09  2.191E-09  1.932E-09  1.712E-09  1.521E-09  1.355E-09  1.207E-09  1.074E-09  9.537E-10  8.428E-10  7.394E-10  6.416E-10  5.480E-10  4.573E-10  3.687E-10  2.840E-10
  295.0000  3.118E-05  2.532E-05  2.033E-05  1.616E-05  1.268E-05  9.826E-06  7.512E-06  5.664E-06  4.205E-06  3.073E-06  2.214E-06  1.542E-06  1.080E-06  7.416E-07  5.005E-07  3.328E-07  2.195E-07  1.445E-07  9.596E-08  6.500E-08  4.548E-08  3.317E-08  2.530E-08  2.012E-08  1.655E-08  1.396E-08  1.199E-08  1.042E-08  9.131E-09  8.045E-09  7.114E-09  6.305E-09  5.592E-09  4.957E-09  4.383E-09  3.859E-09  3.374E-09  2.919E-09  2.486E-09  2.069E-09  1.665E-09  1.280E-09
  296.0000  1.384E-04  1.153E-04  9.522E-05  7.785E-05  6.299E-05  5.041E-05  3.987E-05  3.115E-05  2.401E-05  1.827E-05  1.360E-05  1.000E-05  7.320E-06  5.264E-06  3.723E-06  2.593E-06  1.786E-06  1.221E-06  8.343E-07  5.738E-07  4.014E-07  2.884E-07  2.144E-07  1.656E-07  1.325E-07  1.093E-07  9.225E-08  7.912E-08  6.860E-08  5.992E-08  5.259E-08  4.628E-08  4.078E-08  3.593E-08  3.159E-08  2.766E-08  2.406E-08  2.072E-08  1.757E-08  1.457E-08  1.168E-08  8.961E-09
  297.0000  2.180E-04  1.849E-04  1.555E-04  1.297E-04  1.071E-04  8.759E-05  7.088E-05  5.673E-05  4.488E-05  3.506E-05  2.708E-05  2.036E-05  1.535E-05  1.139E-05  8.323E-06  5.988E-06  4.255E-06  2.995E-06  2.096E-06  1.467E-06  1.034E-06  7.412E-07  5.445E-07  4.126E-07  3.233E-07  2.613E-07  2.169E-07  1.836E-07  1.576E-07  1.365E-07  1.190E-07  1.041E-07  9.125E-08  7.997E-08  6.996E-08  6.098E-08  5.282E-08  4.530E-08  3.827E-08  3.162E-08  2.527E-08  1.934E-08
  298.0000  8.253E-04  7.136E-04  6.126E-04  5.218E-04  4.409E-04  3.693E-04  3.065E-04  2.520E-04  2.050E-04  1.649E-04  1.305E-04  1.022E-04  7.967E-05  6.124E-05  4.639E-05  3.462E-05  2.552E-05  1.860E-05  1.343E-05  9.647E-06  6.923E-06  4.995E-06  3.652E-06  2.725E-06  2.087E-06  1.644E-06  1.332E-06  1.105E-06  9.329E-07  7.981E-07  6.887E-07  5.973E-07  5.194E-07  4.518E-07  3.926E-07  3.399E-07  2.926E-07  2.495E-07  2.096E-07  1.724E-07  1.372E-07  1.046E-07
  299.0000  1.460E-03  1.279E-03  1.114E-03  9.629E-04  8.264E-04  7.037E-04  5.943E-04  4.975E-04  4.127E-04  3.389E-04  2.769E-04  2.197E-04  1.751E-04  1.379E-04  1.072E-04  8.207E-05  6.210E-05  4.643E-05  3.436E-05  2.521E-05  1.840E-05  1.343E-05  9.854E-06  7.318E-06  5.537E-06  4.289E-06  3.408E-06  2.775E-06  2.307E-06  1.949E-06  1.665E-06  1.432E-06  1.237E-06  1.069E-06  9.234E-07  7.950E-07  6.805E-07  5.772E-07  4.827E-07  3.951E-07  3.132E-07  2.379E-07
  300.0000  2.514E-03  2.236E-03  1.977E-03  1.737E-03  1.517E-03  1.315E-03  1.132E-03  9.674E-04  8.195E-04  6.883E-04  5.724E-04  4.688E-04  3.833E-04  3.102E-04  2.478E-04  1.954E-04  1.523E-04  1.173E-04  8.939E-05  6.740E-05  5.040E-05  3.748E-05  2.782E-05  2.073E-05  1.558E-05  1.190E-05  9.261E-06  7.371E-06  5.995E-06  4.969E-06  4.179E-06  3.549E-06  3.033E-06  2.598E-06  2.225E-06  1.900E-06  1.614E-06  1.359E-06  1.129E-06  9.181E-07  7.236E-07  5.470E-07
  301.0000  5.493E-03  4.940E-03  4.419E-03  3.932E-03  3.479E-03  3.058E-03  2.671E-03  2.317E-03  1.995E-03  1.704E-03  1.437E-03  1.205E-03  1.005E-03  8.299E-04  6.775E-04  5.465E-04  4.359E-04  3.438E-04  2.681E-04  2.068E-04  1.580E-04  1.197E-04  9.015E-05  6.776E-05  5.105E-05  3.876E-05  2.981E-05  2.333E-05  1.862E-05  1.515E-05  1.253E-05  1.050E-05  8.873E-06  7.531E-06  6.397E-06  5.421E-06  4.571E-06  3.821E-06  3.152E-06  2.547E-06  1.996E-06  1.501E-06
  302.0000  7.845E-03  7.124E-03  6.438E-03  5.790E-03  5.180E-03  4.608E-03  4.076E-03  3.582E-03  3.127E-03  2.711E-03  2.321E-03  1.980E-03  1.679E-03  1.412E-03  1.174E-03  9.658E-04  7.862E-04  6.332E-04  5.043E-04  3.973E-04  3.098E-04  2.391E-04  1.831E-04  1.394E-04  1.058E-04  8.041E-05  6.151E-05  4.759E-05  3.738E-05  2.988E-05  2.429E-05  2.005E-05  1.672E-05  1.404E-05  1.182E-05  9.939E-06  8.315E-06  6.898E-06  5.648E-06  4.533E-06  3.529E-06  2.640E-06
  303.0000  1.887E-02  1.730E-02  1.580E-02  1.437E-02  1.300E-02  1.171E-02  1.049E-02  9.342E-03  8.272E-03  7.279E-03  6.349E-03  5.496E-03  4.740E-03  4.060E-03  3.442E-03  2.889E-03  2.402E-03  1.977E-03  1.611E-03  1.298E-03  1.035E-03  8.170E-04  6.383E-04  4.944E-04  3.803E-04  2.914E-04  2.232E-04  1.716E-04  1.331E-04  1.045E-04  8.326E-05  6.734E-05  5.518E-05  4.564E-05  3.793E-05  3.153E-05  2.611E-05  2.145E-05  1.739E-05  1.383E-05  1.067E-05  7.926E-06
  304.0000  2.420E-02  2.233E-02  2.052E-02  1.879E-02  1.713E-02  1.554E-02  1.403E-02  1.261E-02  1.127E-02  1.001E-02  8.821E-03  7.715E-03  6.727E-03  5.828E-03  5.003E-03  4.254E-03  3.585E-03  2.993E-03  2.474E-03  2.024E-03  1.638E-03  1.312E-03  1.040E-03  8.164E-04  6.353E-04  4.910E-04  3.779E-04  2.907E-04  2.245E-04  1.747E-04  1.375E-04  1.097E-04  8.866E-05  7.243E-05  5.957E-05  4.909E-05  4.034E-05  3.289E-05  2.648E-05  2.090E-05  1.602E-05  1.183E-05
  305.0000  4.054E-02  3.770E-02  3.494E-02  3.227E-02  2.968E-02  2.720E-02  2.481E-02  2.253E-02  2.036E-02  1.831E-02  1.632E-02  1.449E-02  1.281E-02  1.127E-02  9.822E-03  8.491E-03  7.281E-03  6.190E-03  5.214E-03  4.351E-03  3.593E-03  2.937E-03  2.376E-03  1.901E-03  1.506E-03  1.182E-03  9.204E-04  7.127E-04  5.504E-04  4.256E-04  3.308E-04  2.593E-04  2.055E-04  1.646E-04  1.330E-04  1.079E-04  8.751E-05  7.049E-05  5.608E-05  4.376E-05  3.318E-05  2.425E-05
  306.0000  4.339E-02  4.055E-02  3.778E-02  3.508E-02  3.246E-02  2.993E-02  2.748E-02  2.513E-02  2.287E-02  2.072E-02  1.860E-02  1.668E-02  1.488E-02  1.321E-02  1.163E-02  1.016E-02  8.811E-03  7.578E-03  6.463E-03  5.461E-03  4.571E-03  3.787E-03  3.106E-03  2.519E-03  2.022E-03  1.606E-03  1.264E-03  9.860E-04  7.648E-04  5.913E-04  4.575E-04  3.554E-04  2.782E-04  2.198E-04  1.751E-04  1.403E-04  1.126E-04  8.980E-05  7.080E-05  5.475E-05  4.116E-05  2.983E-05
  307.0000  6.409E-02  6.021E-02  5.641E-02  5.270E-02  4.906E-02  4.552E-02  4.209E-02  3.876E-02  3.556E-02  3.248E-02  2.940E-02  2.662E-02  2.396E-02  2.149E-02  1.912E-02  1.689E-02  1.482E-02  1.291E-02  1.115E-02  9.557E-03  8.115E-03  6.825E-03  5.682E-03  4.681E-03  3.815E-03  3.075E-03  2.452E-03  1.935E-03  1.514E-03  1.175E-03  9.085E-04  7.014E-04  5.428E-04  4.224E-04  3.309E-04  2.609E-04  2.061E-04  1.623E-04  1.264E-04  9.664E-05  7.182E-05  5.152E-05
  308.0000  8.516E-02  8.040E-02  7.571E-02  7.109E-02  6.656E-02  6.213E-02  5.780E-02  5.359E-02  4.949E-02  4.554E-02  4.157E-02  3.794E-02  3.445E-02  3.118E-02  2.800E-02  2.500E-02  2.217E-02  1.953E-02  1.709E-02  1.483E-02  1.276E-02  1.088E-02  9.193E-03  7.688E-03  6.361E-03  5.205E-03  4.211E-03  3.368E-03  2.665E-03  2.087E-03  1.620E-03  1.250E-03  9.618E-04  7.400E-04  5.710E-04  4.425E-04  3.438E-04  2.666E-04  2.049E-04  1.546E-04  1.134E-04  8.039E-05
  309.0000  9.463E-02  8.959E-02  8.459E-02  7.967E-02  7.483E-02  7.007E-02  6.542E-02  6.087E-02  5.643E-02  5.214E-02  4.771E-02  4.383E-02  3.999E-02  3.637E-02  3.284E-02  2.948E-02  2.631E-02  2.333E-02  2.054E-02  1.796E-02  1.557E-02  1.338E-02  1.140E-02  9.614E-03  8.024E-03  6.624E-03  5.406E-03  4.361E-03  3.476E-03  2.740E-03  2.137E-03  1.652E-03  1.269E-03  9.720E-04  7.442E-04  5.710E-04  4.390E-04  3.370E-04  2.565E-04  1.919E-04  1.396E-04  9.814E-05
  310.0000  1.059E-01  1.007E-01  9.562E-02  9.055E-02  8.553E-02  8.058E-02  7.570E-02  7.091E-02  6.622E-02  6.163E-02  5.695E-02  5.268E-02  4.848E-02  4.451E-02  4.059E-02  3.683E-02  3.324E-02  2.983E-02  2.660E-02  2.356E-02  2.072E-02  1.808E-02  1.565E-02  1.342E-02  1.139E-02  9.573E-03  7.955E-03  6.533E-03  5.298E-03  4.242E-03  3.353E-03  2.617E-03  2.019E-03  1.542E-03  1.169E-03  8.828E-04  6.647E-04  4.990E-04  3.718E-04  2.727E-04  1.947E-04  1.343E-04
  311.0000  1.874E-01  1.786E-01  1.699E-01  1.612E-01  1.526E-01  1.442E-01  1.358E-01  1.276E-01  1.194E-01  1.115E-01  1.034E-01  9.596E-02  8.864E-02  8.168E-02  7.479E-02  6.815E-02  6.179E-02  5.571E-02  4.994E-02  4.448E-02  3.934E-02  3.454E-02  3.008E-02  2.597E-02  2.221E-02  1.880E-02  1.575E-02  1.303E-02  1.065E-02  8.593E-03  6.838E-03  5.368E-03  4.157E-03  3.181E-03  2.408E-03  1.809E-03  1.351E-03  1.005E-03  7.413E-04  5.385E-04  3.809E-04  2.604E-04
  312.0000  1.800E-01  1.720E-01  1.641E-01  1.562E-01  1.484E-01  1.406E-01  1.330E-01  1.254E-01  1.179E-01  1.105E-01  1.030E-01  9.603E-02  8.915E-02  8.259E-02  7.606E-02  6.974E-02  6.364E-02  5.778E-02  5.217E-02  4.683E-02  4.177E-02  3.700E-02  3.252E-02  2.836E-02  2.451E-02  2.098E-02  1.777E-02  1.489E-02  1.232E-02  1.006E-02  8.096E-03  6.422E-03  5.016E-03  3.859E-03  2.926E-03  2.189E-03  1.620E-03  1.188E-03  8.629E-04  6.168E-04  4.295E-04  2.891E-04
  313.0000  2.160E-01  2.071E-01  1.981E-01  1.892E-01  1.802E-01  1.714E-01  1.626E-01  1.539E-01  1.453E-01  1.368E-01  1.281E-01  1.199E-01  1.119E-01  1.042E-01  9.650E-02  8.900E-02  8.173E-02  7.471E-02  6.794E-02  6.146E-02  5.526E-02  4.937E-02  4.381E-02  3.858E-02  3.369E-02  2.916E-02  2.500E-02  2.119E-02  1.776E-02  1.469E-02  1.199E-02  9.628E-03  7.609E-03  5.909E-03  4.507E-03  3.377E-03  2.489E-03  1.806E-03  1.292E-03  9.073E-04  6.207E-04  4.104E-04
  314.0000  2.419E-01  2.321E-01  2.223E-01  2.125E-01  2.028E-01  1.931E-01  1.834E-01  1.739E-01  1.644E-01  1.550E-01  1.455E-01  1.364E-01  1.275E-01  1.190E-01  1.104E-01  1.021E-01  9.396E-02  8.610E-02  7.852E-02  7.123E-02  6.425E-02  5.759E-02  5.128E-02  4.533E-02  3.975E-02  3.455E-02  2.974E-02  2.534E-02  2.134E-02  1.774E-02  1.455E-02  1.175E-02  9.330E-03  7.276E-03  5.568E-03  4.179E-03  3.077E-03  2.226E-03  1.583E-03  1.104E-03  7.496E-04  4.920E-04
  315.0000  2.659E-01  2.559E-01  2.458E-01  2.358E-01  2.257E-01  2.157E-01  2.057E-01  1.958E-01  1.859E-01  1.761E-01  1.661E-01  1.565E-01  1.471E-01  1.380E-01  1.289E-01  1.199E-01  1.111E-01  1.026E-01  9.429E-02  8.625E-02  7.850E-02  7.105E-02  6.392E-02  5.712E-02  5.068E-02  4.462E-02  3.893E-02  3.365E-02  2.878E-02  2.432E-02  2.028E-02  1.667E-02  1.347E-02  1.068E-02  8.296E-03  6.297E-03  4.663E-03  3.366E-03  2.367E-03  1.621E-03  1.075E-03  6.884E-04
  316.0000  2.175E-01  2.094E-01  2.012E-01  1.931E-01  1.849E-01  1.768E-01  1.687E-01  1.606E-01  1.525E-01  1.446E-01  1.364E-01  1.286E-01  1.210E-01  1.136E-01  1.061E-01  9.878E-02  9.162E-02  8.464E-02  7.786E-02  7.128E-02  6.493E-02  5.882E-02  5.297E-02  4.739E-02  4.209E-02  3.710E-02  3.241E-02  2.805E-02  2.402E-02  2.033E-02  1.698E-02  1.398E-02  1.131E-02  8.986E-03  6.990E-03  5.313E-03  3.938E-03  2.843E-03  1.998E-03  1.366E-03  9.045E-04  5.777E-04
  317.0000  3.446E-01  3.324E-01  3.201E-01  3.079E-01  2.956E-01  2.833E-01  2.710E-01  2.588E-01  2.466E-01  2.345E-01  2.221E-01  2.101E-01  1.983E-01  1.870E-01  1.754E-01  1.641E-01  1.530E-01  1.421E-01  1.314E-01  1.210E-01  1.110E-01  1.012E-01  9.183E-02  8.282E-02  7.420E-02  6.600E-02  5.825E-02  5.096E-02  4.415E-02  3.783E-02  3.202E-02  2.673E-02  2.196E-02  1.771E-02  1.398E-02  1.078E-02  8.078E-03  5.871E-03  4.126E-03  2.797E-03  1.823E-03  1.142E-03
  318.0000  3.041E-01  2.935E-01  2.827E-01  2.720E-01  2.612E-01  2.504E-01  2.397E-01  2.289E-01  2.182E-01  2.076E-01  1.967E-01  1.862E-01  1.758E-01  1.658E-01  1.556E-01  1.456E-01  1.358E-01  1.262E-01  1.168E-01  1.077E-01  9.879E-02  9.018E-02  8.188E-02  7.390E-02  6.626E-02  5.900E-02  5.212E-02  4.564E-02  3.958E-02  3.396E-02  2.878E-02  2.405E-02  1.979E-02  1.598E-02  1.264E-02  9.754E-03  7.321E-03  5.325E-03  3.743E-03  2.536E-03  1.651E-03  1.032E-03
  319.0000  3.642E-01  3.522E-01  3.402E-01  3.282E-01  3.161E-01  3.039E-01  2.918E-01  2.796E-01  2.675E-01  2.553E-01  2.429E-01  2.309E-01  2.190E-01  2.075E-01  1.958E-01  1.842E-01  1.728E-01  1.615E-01  1.505E-01  1.397E-01  1.291E-01  1.188E-01  1.088E-01  9.912E-02  8.979E-02  8.082E-02  7.225E-02  6.409E-02  5.637E-02  4.910E-02  4.231E-02  3.600E-02  3.020E-02  2.490E-02  2.013E-02  1.589E-02  1.219E-02  9.036E-03  6.436E-03  4.377E-03  2.826E-03  1.732E-03
  320.0000  3.998E-01  3.863E-01  3.728E-01  3.592E-01  3.456E-01  3.320E-01  3.183E-01  3.046E-01  2.910E-01  2.774E-01  2.635E-01  2.501E-01  2.368E-01  2.239E-01  2.109E-01  1.980E-01  1.853E-01  1.728E-01  1.606E-01  1.486E-01  1.370E-01  1.256E-01  1.147E-01  1.041E-01  9.386E-02  8.411E-02  7.482E-02  6.602E-02  5.772E-02  4.996E-02  4.275E-02  3.610E-02  3.003E-02  2.454E-02  1.965E-02  1.535E-02  1.166E-02  8.561E-03  6.052E-03  4.100E-03  2.652E-03  1.636E-03
  321.0000  4.414E-01  4.276E-01  4.137E-01  3.997E-01  3.857E-01  3.716E-01  3.575E-01  3.433E-01  3.291E-01  3.150E-01  3.005E-01  2.864E-01  2.724E-01  2.588E-01  2.450E-01  2.313E-01  2.178E-01  2.044E-01  1.912E-01  1.783E-01  1.656E-01  1.532E-01  1.411E-01  1.293E-01  1.179E-01  1.069E-01  9.626E-02  8.610E-02  7.642E-02  6.723E-02  5.857E-02  5.044E-02  4.287E-02  3.587E-02  2.946E-02  2.365E-02  1.848E-02  1.395E-02  1.010E-02  6.955E-03  4.512E-03  2.752E-03
  322.0000  4.378E-01  4.240E-01  4.101E-01  3.961E-01  3.820E-01  3.679E-01  3.537E-01  3.396E-01  3.254E-01  3.112E-01  2.967E-01  2.826E-01  2.686E-01  2.551E-01  2.413E-01  2.276E-01  2.141E-01  2.007E-01  1.876E-01  1.747E-01  1.620E-01  1.497E-01  1.377E-01  1.260E-01  1.146E-01  1.037E-01  9.324E-02  8.321E-02  7.366E-02  6.463E-02  5.612E-02  4.817E-02  4.079E-02  3.399E-02  2.779E-02  2.220E-02  1.725E-02  1.295E-02  9.331E-03  6.398E-03  4.143E-03  2.529E-03
  323.0000  3.865E-01  3.744E-01  3.623E-01  3.500E-01  3.377E-01  3.254E-01  3.130E-01  3.006E-01  2.882E-01  2.758E-01  2.630E-01  2.507E-01  2.384E-01  2.265E-01  2.144E-01  2.024E-01  1.905E-01  1.788E-01  1.672E-01  1.559E-01  1.447E-01  1.338E-01  1.232E-01  1.129E-01  1.029E-01  9.318E-02  8.389E-02  7.498E-02  6.650E-02  5.845E-02  5.086E-02  4.376E-02  3.714E-02  3.104E-02  2.545E-02  2.040E-02  1.591E-02  1.198E-02  8.661E-03  5.952E-03  3.856E-03  2.350E-03
  324.0000  4.733E-01  4.594E-01  4.454E-01  4.312E-01  4.170E-01  4.027E-01  3.883E-01  3.739E-01  3.594E-01  3.450E-01  3.301E-01  3.157E-01  3.013E-01  2.872E-01  2.729E-01  2.587E-01  2.447E-01  2.307E-01  2.169E-01  2.033E-01  1.899E-01  1.767E-01  1.639E-01  1.512E-01  1.390E-01  1.270E-01  1.155E-01  1.043E-01  9.362E-02  8.336E-02  7.359E-02  6.433E-02  5.558E-02  4.738E-02  3.973E-02  3.265E-02  2.617E-02  2.033E-02  1.516E-02  1.074E-02  7.133E-03  4.409E-03
  325.0000  4.869E-01  4.721E-01  4.572E-01  4.422E-01  4.271E-01  4.119E-01  3.967E-01  3.814E-01  3.661E-01  3.508E-01  3.351E-01  3.199E-01  3.047E-01  2.899E-01  2.749E-01  2.600E-01  2.452E-01  2.306E-01  2.162E-01  2.020E-01  1.880E-01  1.743E-01  1.610E-01  1.479E-01  1.353E-01  1.230E-01  1.112E-01  9.984E-02  8.897E-02  7.862E-02  6.882E-02  5.959E-02  5.095E-02  4.292E-02  3.551E-02  2.875E-02  2.266E-02  1.728E-02  1.263E-02  8.772E-03  5.725E-03  3.498E-03
  326.0000  6.606E-01  6.412E-01  6.216E-01  6.019E-01  5.820E-01  5.620E-01  5.420E-01  5.218E-01  5.017E-01  4.815E-01  4.607E-01  4.406E-01  4.205E-01  4.009E-01  3.809E-01  3.610E-01  3.414E-01  3.219E-01  3.026E-01  2.836E-01  2.648E-01  2.464E-01  2.284E-01  2.108E-01  1.936E-01  1.769E-01  1.607E-01  1.451E-01  1.302E-01  1.158E-01  1.022E-01  8.924E-02  7.704E-02  6.560E-02  5.495E-02  4.510E-02  3.610E-02  2.799E-02  2.084E-02  1.473E-02  9.762E-03  6.021E-03
  327.0000  6.548E-01  6.360E-01  6.171E-01  5.980E-01  5.787E-01  5.594E-01  5.400E-01  5.204E-01  5.009E-01  4.812E-01  4.611E-01  4.415E-01  4.219E-01  4.028E-01  3.833E-01  3.640E-01  3.447E-01  3.256E-01  3.067E-01  2.881E-01  2.697E-01  2.516E-01  2.338E-01  2.164E-01  1.994E-01  1.828E-01  1.667E-01  1.512E-01  1.362E-01  1.218E-01  1.081E-01  9.498E-02  8.258E-02  7.089E-02  5.992E-02  4.971E-02  4.027E-02  3.165E-02  2.392E-02  1.719E-02  1.158E-02  7.242E-03
  328.0000  6.121E-01  5.941E-01  5.759E-01  5.576E-01  5.392E-01  5.206E-01  5.020E-01  4.834E-01  4.646E-01  4.459E-01  4.266E-01  4.079E-01  3.892E-01  3.710E-01  3.525E-01  3.341E-01  3.158E-01  2.977E-01  2.798E-01  2.621E-01  2.447E-01  2.276E-01  2.109E-01  1.945E-01  1.785E-01  1.630E-01  1.480E-01  1.336E-01  1.197E-01  1.064E-01  9.375E-02  8.178E-02  7.050E-02  5.993E-02  5.011E-02  4.105E-02  3.279E-02  2.536E-02  1.883E-02  1.327E-02  8.767E-03  5.395E-03
  329.0000  6.640E-01  6.452E-01  6.263E-01  6.072E-01  5.880E-01  5.687E-01  5.493E-01  5.298E-01  5.102E-01  4.905E-01  4.704E-01  4.507E-01  4.311E-01  4.119E-01  3.924E-01  3.729E-01  3.535E-01  3.343E-01  3.153E-01  2.965E-01  2.779E-01  2.596E-01  2.417E-01  2.240E-01  2.068E-01  1.900E-01  1.736E-01  1.578E-01  1.425E-01  1.278E-01  1.137E-01  1.003E-01  8.754E-02  7.548E-02  6.412E-02  5.350E-02  4.363E-02  3.456E-02  2.636E-02  1.912E-02  1.300E-02  8.202E-03
  330.0000  7.702E-01  7.486E-01  7.268E-01  7.048E-01  6.826E-01  6.604E-01  6.379E-01  6.154E-01  5.928E-01  5.701E-01  5.468E-01  5.241E-01  5.014E-01  4.793E-01  4.567E-01  4.342E-01  4.118E-01  3.896E-01  3.676E-01  3.458E-01  3.243E-01  3.031E-01  2.823E-01  2.618E-01  2.418E-01  2.223E-01  2.033E-01  1.849E-01  1.672E-01  1.501E-01  1.337E-01  1.180E-01  1.031E-01  8.906E-02  7.580E-02  6.338E-02  5.182E-02  4.117E-02  3.150E-02  2.295E-02  1.567E-02  9.928E-03
  331.0000  6.440E-01  6.256E-01  6.071E-01  5.884E-01  5.695E-01  5.506E-01  5.315E-01  5.123E-01  4.931E-01  4.739E-01  4.541E-01  4.348E-01  4.156E-01  3.968E-01  3.777E-01  3.586E-01  3.397E-01  3.209E-01  3.023E-01  2.839E-01  2.658E-01  2.479E-01  2.304E-01  2.132E-01  1.964E-01  1.800E-01  1.642E-01  1.488E-01  1.340E-01  1.198E-01  1.062E-01  9.326E-02  8.101E-02  6.948E-02  5.868E-02  4.862E-02  3.934E-02  3.088E-02  2.330E-02  1.671E-02  1.122E-02  6.996E-03
  332.0000  6.578E-01  6.395E-01  6.210E-01  6.024E-01  5.836E-01  5.647E-01  5.457E-01  5.266E-01  5.074E-01  4.882E-01  4.684E-01  4.491E-01  4.299E-01  4.110E-01  3.918E-01  3.727E-01  3.536E-01  3.347E-01  3.160E-01  2.974E-01  2.791E-01  2.610E-01  2.432E-01  2.257E-01  2.087E-01  1.920E-01  1.757E-01  1.600E-01  1.447E-01  1.301E-01  1.160E-01  1.026E-01  8.976E-02  7.764E-02  6.622E-02  5.549E-02  4.549E-02  3.626E-02  2.785E-02  2.037E-02  1.397E-02  8.882E-03
  333.0000  6.983E-01  6.791E-01  6.597E-01  6.401E-01  6.203E-01  6.005E-01  5.805E-01  5.603E-01  5.402E-01  5.199E-01  4.991E-01  4.788E-01  4.585E-01  4.386E-01  4.183E-01  3.981E-01  3.780E-01  3.581E-01  3.383E-01  3.186E-01  2.992E-01  2.801E-01  2.613E-01  2.428E-01  2.246E-01  2.069E-01  1.897E-01  1.729E-01  1.567E-01  1.411E-01  1.261E-01  1.117E-01  9.801E-02  8.503E-02  7.276E-02  6.122E-02  5.042E-02  4.041E-02  3.123E-02  2.301E-02  1.591E-02  1.020E-02
  334.0000  6.189E-01  6.016E-01  5.841E-01  5.665E-01  5.487E-01  5.309E-01  5.129E-01  4.948E-01  4.767E-01  4.585E-01  4.398E-01  4.216E-01  4.034E-01  3.856E-01  3.675E-01  3.494E-01  3.314E-01  3.135E-01  2.958E-01  2.783E-01  2.609E-01  2.439E-01  2.271E-01  2.106E-01  1.945E-01  1.787E-01  1.634E-01  1.486E-01  1.342E-01  1.204E-01  1.072E-01  9.455E-02  8.256E-02  7.122E-02  6.055E-02  5.056E-02  4.128E-02  3.274E-02  2.500E-02  1.817E-02  1.237E-02  7.805E-03
  335.0000  7.080E-01  6.886E-01  6.691E-01  6.493E-01  6.294E-01  6.094E-01  5.892E-01  5.690E-01  5.486E-01  5.281E-01  5.072E-01  4.867E-01  4.661E-01  4.461E-01  4.256E-01  4.052E-01  3.849E-01  3.647E-01  3.446E-01  3.248E-01  3.051E-01  2.858E-01  2.667E-01  2.479E-01  2.295E-01  2.115E-01  1.940E-01  1.770E-01  1.605E-01  1.446E-01  1.293E-01  1.147E-01  1.007E-01  8.749E-02  7.497E-02  6.318E-02  5.215E-02  4.189E-02  3.247E-02  2.400E-02  1.665E-02  1.071E-02
  336.0000  6.021E-01  5.857E-01  5.692E-01  5.525E-01  5.357E-01  5.187E-01  5.016E-01  4.845E-01  4.672E-01  4.499E-01  4.322E-01  4.148E-01  3.974E-01  3.804E-01  3.631E-01  3.458E-01  3.286E-01  3.114E-01  2.944E-01  2.776E-01  2.609E-01  2.444E-01  2.282E-01  2.123E-01  1.966E-01  1.813E-01  1.664E-01  1.519E-01  1.379E-01  1.243E-01  1.113E-01  9.881E-02  8.690E-02  7.559E-02  6.488E-02  5.479E-02  4.532E-02  3.651E-02  2.839E-02  2.107E-02  1.468E-02  9.487E-03
  337.0000  5.712E-01  5.555E-01  5.396E-01  5.237E-01  5.075E-01  4.913E-01  4.750E-01  4.585E-01  4.420E-01  4.255E-01  4.085E-01  3.919E-01  3.752E-01  3.590E-01  3.424E-01  3.259E-01  3.094E-01  2.930E-01  2.768E-01  2.607E-01  2.448E-01  2.291E-01  2.136E-01  1.985E-01  1.836E-01  1.690E-01  1.548E-01  1.411E-01  1.278E-01  1.149E-01  1.026E-01  9.080E-02  7.958E-02  6.894E-02  5.890E-02  4.947E-02  4.067E-02  3.251E-02  2.506E-02  1.840E-02  1.267E-02  8.086E-03
  338.0000  6.406E-01  6.231E-01  6.054E-01  5.876E-01  5.697E-01  5.516E-01  5.334E-01  5.150E-01  4.966E-01  4.782E-01  4.592E-01  4.407E-01  4.221E-01  4.040E-01  3.855E-01  3.670E-01  3.486E-01  3.303E-01  3.122E-01  2.942E-01  2.764E-01  2.588E-01  2.415E-01  2.245E-01  2.078E-01  1.915E-01  1.756E-01  1.601E-01  1.451E-01  1.307E-01  1.168E-01  1.036E-01  9.090E-02  7.889E-02  6.755E-02  5.688E-02  4.690E-02  3.763E-02  2.913E-02  2.149E-02  1.487E-02  9.543E-03
  339.0000  6.803E-01  6.619E-01  6.434E-01  6.246E-01  6.058E-01  5.867E-01  5.676E-01  5.483E-01  5.289E-01  5.095E-01  4.895E-01  4.700E-01  4.504E-01  4.313E-01  4.118E-01  3.923E-01  3.729E-01  3.536E-01  3.344E-01  3.154E-01  2.966E-01  2.780E-01  2.596E-01  2.416E-01  2.239E-01  2.066E-01  1.897E-01  1.733E-01  1.573E-01  1.419E-01  1.271E-01  1.130E-01  9.943E-02  8.656E-02  7.438E-02  6.290E-02  5.212E-02  4.207E-02  3.279E-02  2.440E-02  1.705E-02  1.105E-02
  340.0000  7.657E-01  7.450E-01  7.240E-01  7.029E-01  6.815E-01  6.600E-01  6.384E-01  6.167E-01  5.948E-01  5.728E-01  5.503E-01  5.283E-01  5.062E-01  4.846E-01  4.626E-01  4.406E-01  4.187E-01  3.969E-01  3.753E-01  3.538E-01  3.326E-01  3.116E-01  2.909E-01  2.706E-01  2.506E-01  2.311E-01  2.121E-01  1.935E-01  1.756E-01  1.583E-01  1.416E-01  1.257E-01  1.105E-01  9.601E-02  8.235E-02  6.948E-02  5.743E-02  4.622E-02  3.591E-02  2.660E-02  1.849E-02  1.192E-02
  341.0000  6.732E-01  6.551E-01  6.367E-01  6.182E-01  5.995E-01  5.807E-01  5.618E-01  5.427E-01  5.236E-01  5.044E-01  4.846E-01  4.653E-01  4.460E-01  4.270E-01  4.077E-01  3.884E-01  3.692E-01  3.501E-01  3.311E-01  3.123E-01  2.936E-01  2.752E-01  2.571E-01  2.392E-01  2.216E-01  2.045E-01  1.877E-01  1.714E-01  1.556E-01  1.404E-01  1.257E-01  1.116E-01  9.819E-02  8.544E-02  7.337E-02  6.200E-02  5.134E-02  4.141E-02  3.225E-02  2.396E-02  1.671E-02  1.081E-02
  342.0000  6.876E-01  6.691E-01  6.505E-01  6.317E-01  6.127E-01  5.936E-01  5.743E-01  5.550E-01  5.355E-01  5.160E-01  4.959E-01  4.762E-01  4.566E-01  4.373E-01  4.176E-01  3.980E-01  3.784E-01  3.590E-01  3.396E-01  3.204E-01  3.014E-01  2.826E-01  2.641E-01  2.459E-01  2.279E-01  2.104E-01  1.933E-01  1.766E-01  1.605E-01  1.448E-01  1.298E-01  1.154E-01  1.016E-01  8.856E-02  7.617E-02  6.449E-02  5.352E-02  4.328E-02  3.381E-02  2.522E-02  1.767E-02  1.148E-02
  343.0000  7.227E-01  7.033E-01  6.837E-01  6.640E-01  6.440E-01  6.240E-01  6.037E-01  5.834E-01  5.630E-01  5.424E-01  5.213E-01  5.007E-01  4.800E-01  4.598E-01  4.391E-01  4.185E-01  3.979E-01  3.774E-01  3.571E-01  3.369E-01  3.170E-01  2.972E-01  2.777E-01  2.585E-01  2.397E-01  2.212E-01  2.032E-01  1.857E-01  1.687E-01  1.522E-01  1.364E-01  1.213E-01  1.068E-01  9.302E-02  8.000E-02  6.771E-02  5.618E-02  4.541E-02  3.547E-02  2.644E-02  1.851E-02  1.201E-02
  344.0000  5.859E-01  5.702E-01  5.542E-01  5.382E-01  5.220E-01  5.056E-01  4.892E-01  4.726E-01  4.560E-01  4.393E-01  4.221E-01  4.053E-01  3.885E-01  3.721E-01  3.552E-01  3.385E-01  3.217E-01  3.051E-01  2.886E-01  2.722E-01  2.559E-01  2.399E-01  2.240E-01  2.084E-01  1.931E-01  1.781E-01  1.635E-01  1.493E-01  1.355E-01  1.221E-01  1.093E-01  9.704E-02  8.532E-02  7.420E-02  6.368E-02  5.377E-02  4.449E-02  3.584E-02  2.788E-02  2.069E-02  1.440E-02  9.287E-03
  345.0000  6.550E-01  6.375E-01  6.198E-01  6.019E-01  5.839E-01  5.657E-01  5.474E-01  5.290E-01  5.105E-01  4.920E-01  4.729E-01  4.542E-01  4.355E-01  4.172E-01  3.984E-01  3.798E-01  3.611E-01  3.426E-01  3.242E-01  3.059E-01  2.878E-01  2.698E-01  2.522E-01  2.347E-01  2.176E-01  2.009E-01  1.845E-01  1.686E-01  1.532E-01  1.382E-01  1.238E-01  1.101E-01  9.692E-02  8.441E-02  7.258E-02  6.143E-02  5.096E-02  4.119E-02  3.217E-02  2.398E-02  1.678E-02  1.088E-02
  346.0000  6.668E-01  6.489E-01  6.309E-01  6.127E-01  5.943E-01  5.758E-01  5.572E-01  5.384E-01  5.196E-01  5.006E-01  4.812E-01  4.621E-01  4.430E-01  4.243E-01  4.052E-01  3.862E-01  3.672E-01  3.483E-01  3.295E-01  3.109E-01  2.924E-01  2.741E-01  2.561E-01  2.383E-01  2.209E-01  2.038E-01  1.872E-01  1.709E-01  1.552E-01  1.400E-01  1.253E-01  1.113E-01  9.790E-02  8.518E-02  7.316E-02  6.183E-02  5.121E-02  4.132E-02  3.219E-02  2.393E-02  1.669E-02  1.078E-02
  347.0000  7.175E-01  6.983E-01  6.790E-01  6.594E-01  6.397E-01  6.199E-01  5.998E-01  5.797E-01  5.594E-01  5.391E-01  5.182E-01  4.977E-01  4.773E-01  4.572E-01  4.367E-01  4.162E-01  3.958E-01  3.754E-01  3.552E-01  3.352E-01  3.153E-01  2.957E-01  2.763E-01  2.572E-01  2.384E-01  2.200E-01  2.021E-01  1.846E-01  1.676E-01  1.512E-01  1.354E-01  1.203E-01  1.059E-01  9.215E-02  7.918E-02  6.696E-02  5.550E-02  4.481E-02  3.495E-02  2.601E-02  1.816E-02  1.175E-02
  348.0000  6.252E-01  6.086E-01  5.918E-01  5.748E-01  5.576E-01  5.403E-01  5.229E-01  5.054E-01  4.878E-01  4.701E-01  4.519E-01  4.341E-01  4.163E-01  3.988E-01  3.810E-01  3.632E-01  3.454E-01  3.277E-01  3.101E-01  2.927E-01  2.753E-01  2.582E-01  2.413E-01  2.247E-01  2.083E-01  1.923E-01  1.766E-01  1.614E-01  1.466E-01  1.323E-01  1.185E-01  1.053E-01  9.267E-02  8.069E-02  6.936E-02  5.869E-02  4.867E-02  3.933E-02  3.071E-02  2.287E-02  1.599E-02  1.036E-02
  349.0000  6.419E-01  6.248E-01  6.076E-01  5.902E-01  5.726E-01  5.549E-01  5.370E-01  5.191E-01  5.010E-01  4.829E-01  4.643E-01  4.460E-01  4.278E-01  4.098E-01  3.915E-01  3.733E-01  3.550E-01  3.369E-01  3.188E-01  3.009E-01  2.831E-01  2.656E-01  2.482E-01  2.311E-01  2.143E-01  1.979E-01  1.818E-01  1.661E-01  1.509E-01  1.362E-01  1.220E-01  1.084E-01  9.545E-02  8.313E-02  7.147E-02  6.049E-02  5.019E-02  4.058E-02  3.170E-02  2.363E-02  1.653E-02  1.071E-02
  350.0000  7.416E-01  7.219E-01  7.020E-01  6.819E-01  6.616E-01  6.412E-01  6.206E-01  5.998E-01  5.790E-01  5.580E-01  5.366E-01  5.155E-01  4.944E-01  4.736E-01  4.525E-01  4.314E-01  4.103E-01  3.894E-01  3.685E-01  3.478E-01  3.273E-01  3.069E-01  2.869E-01  2.671E-01  2.477E-01  2.287E-01  2.100E-01  1.919E-01  1.743E-01  1.573E-01  1.409E-01  1.252E-01  1.102E-01  9.597E-02  8.249E-02  6.980E-02  5.789E-02  4.679E-02  3.654E-02  2.722E-02  1.903E-02  1.232E-02
------------------------------------------------------------
