Spectral Irradiance, W m-2 nm-1
values at z =      3.216 km
Columns: wavelength (nm), solar zenith angles (deg.)
    wc, nm     49.000     50.000     51.000     52.000     53.000     54.000     55.000     56.000     57.000     58.000     59.000     60.000     61.000     62.000     63.000     64.000     65.000     66.000     67.000     68.000     69.000     70.000     71.000     72.000     73.000     74.000     75.000     76.000     77.000     78.000     79.000     80.000     81.000     82.000     83.000     84.000     85.000     86.000     87.000     88.000     89.000     90.000
  280.0000  0.000E+00  0.000E+00  0.000E+00  0.000E+00  0.000E+00  0.000E+00  0.000E+00  0.000E+00  0.000E+00  0.000E+00  0.000E+00  0.000E+00  0.000E+00  0.000E+00  0.000E+00  0.000E+00  0.000E+00  0.000E+00  0.000E+00  0.000E+00  0.000E+00  0.000E+00  0.000E+00  0.000E+00  0.000E+00  0.000E+00  0.000E+00  0.000E+00  0.000E+00  0.000E+00  0.000E+00  0.000E+00  0.000E+00  0.000E+00  0.000E+00  0.000E+00  0.000E+00  0.000E+00  0.000E+00  0.000E+00  0.000E+00  0.000E+00
  281.0000  0.000E+00  0.000E+00  0.000E+00  0.000E+00  0.000E+00  0.000E+00  0.000E+00  0.000E+00  0.000E+00  0.000E+00  0.000E+00  0.000E+00  0.000E+00  0.000E+00  0.000E+00  0.000E+00  0.000E+00  0.000E+00  0.000E+00  0.000E+00  0.000E+00  0.000E+00  0.000E+00  0.000E+00  0.000E+00  0.000E+00  0.000E+00  0.000E+00  0.000E+00  0.000E+00  0.000E+00  0.000E+00  0.000E+00  0.000E+00  0.000E+00  0.000E+00  0.000E+00  0.000E+00  0.000E+00  0.000E+00  0.000E+00  0.000E+00
  282.0000  0.000E+00  0.000E+00  0.000E+00  0.000E+00  0.000E+00  0.000E+00  0.000E+00  0.000E+00  0.000E+00  0.000E+00  0.000E+00  0.000E+00  0.000E+00  0.000E+00  0.000E+00  0.000E+00  0.000E+00  0.000E+00  0.000E+00  0.000E+00  0.000E+00  0.000E+00  0.000E+00  0.000E+00  0.000E+00  0.000E+00  0.000E+00  0.000E+00  0.000E+00  0.000E+00  0.000E+00  0.000E+00  0.000E+00  0.000E+00  0.000E+00  0.000E+00  0.000E+00  0.000E+00  0.000E+00  0.000E+00  0.000E+00  0.000E+00
  283.0000  0.000E+00  0.000E+00  0.000E+00  0.000E+00  0.000E+00  0.000E+00  0.000E+00  0.000E+00  0.000E+00  0.000E+00  0.000E+00  0.000E+00  0.000E+00  0.000E+00  0.000E+00  0.000E+00  0.000E+00  0.000E+00  0.000E+00  0.000E+00  0.000E+00  0.000E+00  0.000E+00  0.000E+00  0.000E+00  0.000E+00  0.000E+00  0.000E+00  0.000E+00  0.000E+00  0.000E+00  0.000E+00  0.000E+00  0.000E+00  0.000E+00  0.000E+00  0.000E+00  0.000E+00  0.000E+00  0.000E+00  0.000E+00  0.000E+00
  284.0000  0.000E+00  0.000E+00  0.000E+00  0.000E+00  0.000E+00  0.000E+00  0.000E+00  0.000E+00  0.000E+00  0.000E+00  0.000E+00  0.000E+00  0.000E+00  0.000E+00  0.000E+00  0.000E+00  0.000E+00  0.000E+00  0.000E+00  0.000E+00  0.000E+00  0.000E+00  0.000E+00  0.000E+00  0.000E+00  0.000E+00  0.000E+00  0.000E+00  0.000E+00  0.000E+00  0.000E+00  0.000E+00  0.000E+00  0.000E+00  0.000E+00  0.000E+00  0.000E+00  0.000E+00  0.000E+00  0.000E+00  0.000E+00  0.000E+00
  285.0000  0.000E+00  0.000E+00  0.000E+00  0.000E+00  0.000E+00  0.000E+00  0.000E+00  0.000E+00  0.000E+00  0.000E+00  0.000E+00  0.000E+00  0.000E+00  0.000E+00  0.000E+00  0.000E+00  0.000E+00  0.000E+00  0.000E+00  0.000E+00  0.000E+00  0.000E+00  0.000E+00  0.000E+00  0.000E+00  0.000E+00  0.000E+00  0.000E+00  0.000E+00  0.000E+00  0.000E+00  0.000E+00  0.000E+00  0.000E+00  0.000E+00  0.000E+00  0.000E+00  0.000E+00  0.000E+00  0.000E+00  0.000E+00  0.000E+00
  286.0000  0.000E+00  0.000E+00  0.000E+00  0.000E+00  0.000E+00  0.000E+00  0.000E+00  0.000E+00  0.000E+00  0.000E+00  0.000E+00  0.000E+00  0.000E+00  0.000E+00  0.000E+00  0.000E+00  0.000E+00  0.000E+00  0.000E+00  0.000E+00  0.000E+00  0.000E+00  0.000E+00  0.000E+00  0.000E+00  0.000E+00  0.000E+00  0.000E+00  0.000E+00  0.000E+00  0.000E+00  0.000E+00  0.000E+00  0.000E+00  0.000E+00  0.000E+00  0.000E+00  0.000E+00  0.000E+00  0.000E+00  0.000E+00  0.000E+00
  287.0000  0.000E+00  0.000E+00  0.000E+00  0.000E+00  0.000E+00  0.000E+00  0.000E+00  0.000E+00  0.000E+00  0.000E+00  0.000E+00  0.000E+00  0.000E+00  0.000E+00  0.000E+00  0.000E+00  0.000E+00  0.000E+00  0.000E+00  0.000E+00  0.000E+00  0.000E+00  0.000E+00  0.000E+00  0.000E+00  0.000E+00  0.000E+00  0.000E+00  0.000E+00  0.000E+00  0.000E+00  0.000E+00  0.000E+00  0.000E+00  0.000E+00  0.000E+00  0.000E+00  0.000E+00  0.000E+00  0.000E+00  0.000E+00  0.000E+00
  288.0000  0.000E+00  0.000E+00  0.000E+00  0.000E+00  0.000E+00  0.000E+00  0.000E+00  0.000E+00  0.000E+00  0.000E+00  0.000E+00  0.000E+00  0.000E+00  0.000E+00  0.000E+00  0.000E+00  0.000E+00  0.000E+00  0.000E+00  0.000E+00  0.000E+00  0.000E+00  0.000E+00  0.000E+00  0.000E+00  0.000E+00  0.000E+00  0.000E+00  0.000E+00  0.000E+00  0.000E+00  0.000E+00  0.000E+00  0.000E+00  0.000E+00  0.000E+00  0.000E+00  0.000E+00  0.000E+00  0.000E+00  0.000E+00  0.000E+00
  289.0000  0.000E+00  0.000E+00  0.000E+00  0.000E+00  0.000E+00  0.000E+00  0.000E+00  0.000E+00  0.000E+00  0.000E+00  0.000E+00  0.000E+00  0.000E+00  0.000E+00  0.000E+00  0.000E+00  0.000E+00  0.000E+00  0.000E+00  0.000E+00  0.000E+00  0.000E+00  0.000E+00  0.000E+00  0.000E+00  0.000E+00  0.000E+00  0.000E+00  0.000E+00  0.000E+00  0.000E+00  0.000E+00  0.000E+00  0.000E+00  0.000E+00  0.000E+00  0.000E+00  0.000E+00  0.000E+00  0.000E+00  0.000E+00  0.000E+00
  290.0000  0.000E+00  0.000E+00  0.000E+00  0.000E+00  0.000E+00  0.000E+00  0.000E+00  0.000E+00  0.000E+00  0.000E+00  0.000E+00  0.000E+00  0.000E+00  0.000E+00  0.000E+00  0.000E+00  0.000E+00  0.000E+00  0.000E+00  0.000E+00  0.000E+00  0.000E+00  0.000E+00  0.000E+00  0.000E+00  0.000E+00  0.000E+00  0.000E+00  0.000E+00  0.000E+00  0.000E+00  0.000E+00  0.000E+00  0.000E+00  0.000E+00  0.000E+00  0.000E+00  0.000E+00  0.000E+00  0.000E+00  0.000E+00  0.000E+00
  291.0000  0.000E+00  0.000E+00  0.000E+00  0.000E+00  0.000E+00  0.000E+00  0.000E+00  0.000E+00  0.000E+00  0.000E+00  0.000E+00  0.000E+00  0.000E+00  0.000E+00  0.000E+00  0.000E+00  0.000E+00  0.000E+00  0.000E+00  0.000E+00  0.000E+00  0.000E+00  0.000E+00  0.000E+00  0.000E+00  0.000E+00  0.000E+00  0.000E+00  0.000E+00  0.000E+00  0.000E+00  0.000E+00  0.000E+00  0.000E+00  0.000E+00  0.000E+00  0.000E+00  0.000E+00  0.000E+00  0.000E+00  0.000E+00  0.000E+00
  292.0000  0.000E+00  0.000E+00  0.000E+00  0.000E+00  0.000E+00  0.000E+00  0.000E+00  0.000E+00  0.000E+00  0.000E+00  0.000E+00  0.000E+00  0.000E+00  0.000E+00  0.000E+00  0.000E+00  0.000E+00  0.000E+00  0.000E+00  0.000E+00  0.000E+00  0.000E+00  0.000E+00  0.000E+00  0.000E+00  0.000E+00  0.000E+00  0.000E+00  0.000E+00  0.000E+00  0.000E+00  0.000E+00  0.000E+00  0.000E+00  0.000E+00  0.000E+00  0.000E+00  0.000E+00  0.000E+00  0.000E+00  0.000E+00  0.000E+00
  293.0000  1.113E-07  8.065E-08  5.749E-08  4.024E-08  2.764E-08  1.860E-08  1.226E-08  7.894E-09  4.965E-09  3.047E-09  1.830E-09  1.039E-09  6.030E-10  3.397E-10  1.890E-10  1.054E-10  6.036E-11  3.645E-11  2.374E-11  1.680E-11  1.280E-11  1.030E-11  8.606E-12  7.363E-12  6.401E-12  5.628E-12  4.988E-12  4.448E-12  3.986E-12  3.583E-12  3.228E-12  2.910E-12  2.623E-12  2.360E-12  2.116E-12  1.887E-12  1.670E-12  1.460E-12  1.256E-12  1.055E-12  8.544E-13  6.596E-13
  294.0000  7.982E-07  6.023E-07  4.479E-07  3.279E-07  2.361E-07  1.671E-07  1.160E-07  7.902E-08  5.272E-08  3.442E-08  2.183E-08  1.346E-08  8.346E-09  5.037E-09  2.992E-09  1.765E-09  1.051E-09  6.440E-10  4.144E-10  2.844E-10  2.089E-10  1.629E-10  1.329E-10  1.118E-10  9.606E-11  8.369E-11  7.363E-11  6.524E-11  5.810E-11  5.195E-11  4.656E-11  4.179E-11  3.750E-11  3.361E-11  3.003E-11  2.669E-11  2.354E-11  2.053E-11  1.762E-11  1.476E-11  1.194E-11  9.213E-12
  295.0000  3.226E-06  2.504E-06  1.918E-06  1.449E-06  1.079E-06  7.903E-07  5.693E-07  4.033E-07  2.804E-07  1.912E-07  1.289E-07  8.227E-08  5.343E-08  3.386E-08  2.109E-08  1.299E-08  8.005E-09  5.004E-09  3.227E-09  2.182E-09  1.563E-09  1.186E-09  9.457E-10  7.822E-10  6.638E-10  5.732E-10  5.008E-10  4.411E-10  3.909E-10  3.478E-10  3.104E-10  2.774E-10  2.480E-10  2.215E-10  1.973E-10  1.748E-10  1.538E-10  1.338E-10  1.145E-10  9.575E-11  7.733E-11  5.962E-11
  296.0000  1.970E-05  1.579E-05  1.252E-05  9.806E-06  7.583E-06  5.785E-06  4.351E-06  3.222E-06  2.349E-06  1.684E-06  1.182E-06  8.088E-07  5.545E-07  3.721E-07  2.453E-07  1.595E-07  1.029E-07  6.659E-08  4.365E-08  2.941E-08  2.062E-08  1.516E-08  1.170E-08  9.408E-09  7.816E-09  6.644E-09  5.737E-09  5.007E-09  4.402E-09  3.890E-09  3.449E-09  3.065E-09  2.725E-09  2.421E-09  2.145E-09  1.893E-09  1.658E-09  1.437E-09  1.226E-09  1.022E-09  8.230E-10  6.336E-10
  297.0000  3.853E-05  3.158E-05  2.562E-05  2.057E-05  1.632E-05  1.279E-05  9.903E-06  7.561E-06  5.691E-06  4.219E-06  3.099E-06  2.183E-06  1.553E-06  1.083E-06  7.429E-07  5.017E-07  3.354E-07  2.234E-07  1.493E-07  1.013E-07  7.059E-08  5.101E-08  3.845E-08  3.021E-08  2.459E-08  2.058E-08  1.757E-08  1.520E-08  1.327E-08  1.165E-08  1.028E-08  9.083E-09  8.037E-09  7.108E-09  6.273E-09  5.513E-09  4.812E-09  4.156E-09  3.534E-09  2.938E-09  2.361E-09  1.814E-09
  298.0000  1.853E-04  1.556E-04  1.295E-04  1.068E-04  8.718E-05  7.043E-05  5.627E-05  4.442E-05  3.463E-05  2.665E-05  2.015E-05  1.496E-05  1.109E-05  8.080E-06  5.792E-06  4.088E-06  2.850E-06  1.971E-06  1.357E-06  9.380E-07  6.563E-07  4.694E-07  3.462E-07  2.645E-07  2.094E-07  1.711E-07  1.433E-07  1.221E-07  1.054E-07  9.177E-08  8.030E-08  7.048E-08  6.195E-08  5.444E-08  4.776E-08  4.174E-08  3.624E-08  3.115E-08  2.637E-08  2.183E-08  1.748E-08  1.340E-08
  299.0000  3.867E-04  3.302E-04  2.797E-04  2.350E-04  1.956E-04  1.614E-04  1.317E-04  1.064E-04  8.501E-05  6.710E-05  5.259E-05  3.985E-05  3.039E-05  2.282E-05  1.687E-05  1.229E-05  8.834E-06  6.285E-06  4.438E-06  3.126E-06  2.211E-06  1.583E-06  1.157E-06  8.689E-07  6.738E-07  5.390E-07  4.433E-07  3.725E-07  3.179E-07  2.743E-07  2.382E-07  2.078E-07  1.816E-07  1.587E-07  1.385E-07  1.204E-07  1.041E-07  8.908E-08  7.512E-08  6.197E-08  4.946E-08  3.780E-08
  300.0000  7.995E-04  6.954E-04  6.007E-04  5.150E-04  4.382E-04  3.697E-04  3.092E-04  2.562E-04  2.102E-04  1.706E-04  1.367E-04  1.078E-04  8.484E-05  6.588E-05  5.043E-05  3.805E-05  2.835E-05  2.087E-05  1.521E-05  1.101E-05  7.942E-06  5.745E-06  4.194E-06  3.114E-06  2.366E-06  1.847E-06  1.481E-06  1.218E-06  1.021E-06  8.684E-07  7.459E-07  6.445E-07  5.585E-07  4.845E-07  4.197E-07  3.625E-07  3.112E-07  2.647E-07  2.219E-07  1.821E-07  1.447E-07  1.101E-07
  301.0000  2.008E-03  1.771E-03  1.553E-03  1.352E-03  1.169E-03  1.004E-03  8.549E-04  7.221E-04  6.045E-04  5.013E-04  4.087E-04  3.320E-04  2.676E-04  2.132E-04  1.676E-04  1.300E-04  9.958E-05  7.537E-05  5.642E-05  4.183E-05  3.080E-05  2.261E-05  1.663E-05  1.233E-05  9.272E-06  7.116E-06  5.592E-06  4.503E-06  3.706E-06  3.104E-06  2.633E-06  2.253E-06  1.936E-06  1.667E-06  1.434E-06  1.230E-06  1.049E-06  8.870E-07  7.395E-07  6.036E-07  4.772E-07  3.618E-07
  302.0000  3.236E-03  2.889E-03  2.564E-03  2.263E-03  1.985E-03  1.729E-03  1.496E-03  1.285E-03  1.094E-03  9.244E-04  7.752E-04  6.375E-04  5.247E-04  4.274E-04  3.439E-04  2.732E-04  2.145E-04  1.664E-04  1.277E-04  9.691E-05  7.289E-05  5.445E-05  4.053E-05  3.022E-05  2.268E-05  1.723E-05  1.333E-05  1.053E-05  8.502E-06  6.999E-06  5.852E-06  4.948E-06  4.212E-06  3.597E-06  3.072E-06  2.616E-06  2.216E-06  1.861E-06  1.542E-06  1.251E-06  9.838E-07  7.424E-07
  303.0000  8.804E-03  7.957E-03  7.156E-03  6.402E-03  5.696E-03  5.039E-03  4.429E-03  3.868E-03  3.355E-03  2.887E-03  2.466E-03  2.075E-03  1.745E-03  1.454E-03  1.198E-03  9.757E-04  7.861E-04  6.263E-04  4.934E-04  3.844E-04  2.964E-04  2.264E-04  1.717E-04  1.296E-04  9.778E-05  7.410E-05  5.670E-05  4.401E-05  3.478E-05  2.801E-05  2.295E-05  1.907E-05  1.601E-05  1.351E-05  1.142E-05  9.639E-06  8.093E-06  6.737E-06  5.534E-06  4.455E-06  3.478E-06  2.608E-06
  304.0000  1.221E-02  1.112E-02  1.008E-02  9.101E-03  8.171E-03  7.297E-03  6.480E-03  5.719E-03  5.015E-03  4.368E-03  3.764E-03  3.223E-03  2.747E-03  2.322E-03  1.943E-03  1.608E-03  1.317E-03  1.067E-03  8.554E-04  6.782E-04  5.319E-04  4.129E-04  3.177E-04  2.427E-04  1.846E-04  1.403E-04  1.071E-04  8.251E-05  6.442E-05  5.112E-05  4.127E-05  3.383E-05  2.807E-05  2.346E-05  1.967E-05  1.648E-05  1.374E-05  1.137E-05  9.276E-06  7.421E-06  5.760E-06  4.297E-06
  305.0000  2.259E-02  2.078E-02  1.904E-02  1.737E-02  1.577E-02  1.426E-02  1.283E-02  1.147E-02  1.020E-02  9.020E-03  7.922E-03  6.880E-03  5.965E-03  5.137E-03  4.381E-03  3.700E-03  3.096E-03  2.566E-03  2.104E-03  1.708E-03  1.371E-03  1.089E-03  8.558E-04  6.664E-04  5.148E-04  3.954E-04  3.030E-04  2.326E-04  1.796E-04  1.402E-04  1.109E-04  8.896E-05  7.235E-05  5.945E-05  4.914E-05  4.066E-05  3.353E-05  2.743E-05  2.215E-05  1.754E-05  1.349E-05  9.985E-06
  306.0000  2.576E-02  2.385E-02  2.199E-02  2.020E-02  1.848E-02  1.684E-02  1.527E-02  1.377E-02  1.236E-02  1.103E-02  9.740E-03  8.594E-03  7.534E-03  6.564E-03  5.668E-03  4.850E-03  4.115E-03  3.458E-03  2.879E-03  2.372E-03  1.934E-03  1.561E-03  1.246E-03  9.839E-04  7.698E-04  5.975E-04  4.610E-04  3.547E-04  2.732E-04  2.116E-04  1.653E-04  1.308E-04  1.048E-04  8.491E-05  6.934E-05  5.679E-05  4.641E-05  3.765E-05  3.016E-05  2.370E-05  1.809E-05  1.329E-05
  307.0000  4.070E-02  3.792E-02  3.522E-02  3.259E-02  3.004E-02  2.759E-02  2.523E-02  2.297E-02  2.081E-02  1.877E-02  1.673E-02  1.495E-02  1.326E-02  1.170E-02  1.023E-02  8.878E-03  7.642E-03  6.523E-03  5.518E-03  4.623E-03  3.835E-03  3.148E-03  2.557E-03  2.055E-03  1.633E-03  1.286E-03  1.003E-03  7.774E-04  6.001E-04  4.629E-04  3.583E-04  2.794E-04  2.200E-04  1.751E-04  1.406E-04  1.135E-04  9.159E-05  7.349E-05  5.824E-05  4.529E-05  3.422E-05  2.493E-05
  308.0000  5.751E-02  5.390E-02  5.037E-02  4.692E-02  4.356E-02  4.030E-02  3.714E-02  3.409E-02  3.116E-02  2.835E-02  2.554E-02  2.305E-02  2.066E-02  1.844E-02  1.632E-02  1.434E-02  1.251E-02  1.083E-02  9.301E-03  7.915E-03  6.673E-03  5.570E-03  4.602E-03  3.761E-03  3.040E-03  2.431E-03  1.923E-03  1.507E-03  1.172E-03  9.063E-04  6.991E-04  5.401E-04  4.193E-04  3.280E-04  2.587E-04  2.053E-04  1.633E-04  1.293E-04  1.012E-04  7.778E-05  5.810E-05  4.188E-05
  309.0000  6.612E-02  6.219E-02  5.831E-02  5.452E-02  5.082E-02  4.720E-02  4.369E-02  4.029E-02  3.700E-02  3.384E-02  3.068E-02  2.781E-02  2.508E-02  2.253E-02  2.007E-02  1.776E-02  1.561E-02  1.362E-02  1.179E-02  1.012E-02  8.614E-03  7.258E-03  6.055E-03  4.998E-03  4.080E-03  3.294E-03  2.630E-03  2.077E-03  1.625E-03  1.261E-03  9.736E-04  7.499E-04  5.784E-04  4.482E-04  3.497E-04  2.744E-04  2.160E-04  1.695E-04  1.316E-04  1.004E-04  7.440E-05  5.324E-05
  310.0000  7.880E-02  7.456E-02  7.037E-02  6.624E-02  6.218E-02  5.819E-02  5.429E-02  5.048E-02  4.678E-02  4.317E-02  3.957E-02  3.623E-02  3.303E-02  3.002E-02  2.707E-02  2.428E-02  2.164E-02  1.916E-02  1.685E-02  1.470E-02  1.273E-02  1.092E-02  9.285E-03  7.815E-03  6.509E-03  5.361E-03  4.365E-03  3.512E-03  2.792E-03  2.195E-03  1.708E-03  1.318E-03  1.011E-03  7.731E-04  5.916E-04  4.539E-04  3.491E-04  2.681E-04  2.042E-04  1.529E-04  1.113E-04  7.831E-05
  311.0000  1.431E-01  1.357E-01  1.284E-01  1.212E-01  1.141E-01  1.071E-01  1.003E-01  9.355E-02  8.699E-02  8.060E-02  7.397E-02  6.821E-02  6.245E-02  5.702E-02  5.169E-02  4.660E-02  4.177E-02  3.721E-02  3.293E-02  2.893E-02  2.522E-02  2.180E-02  1.868E-02  1.585E-02  1.331E-02  1.106E-02  9.082E-03  7.369E-03  5.906E-03  4.676E-03  3.658E-03  2.832E-03  2.173E-03  1.658E-03  1.261E-03  9.586E-04  7.296E-04  5.545E-04  4.183E-04  3.104E-04  2.241E-04  1.563E-04
  312.0000  1.425E-01  1.357E-01  1.288E-01  1.221E-01  1.154E-01  1.088E-01  1.023E-01  9.591E-02  8.964E-02  8.351E-02  7.724E-02  7.152E-02  6.589E-02  6.056E-02  5.529E-02  5.023E-02  4.539E-02  4.078E-02  3.641E-02  3.230E-02  2.845E-02  2.486E-02  2.154E-02  1.850E-02  1.574E-02  1.324E-02  1.102E-02  9.063E-03  7.359E-03  5.897E-03  4.664E-03  3.640E-03  2.805E-03  2.139E-03  1.618E-03  1.217E-03  9.121E-04  6.815E-04  5.057E-04  3.694E-04  2.628E-04  1.807E-04
  313.0000  1.773E-01  1.693E-01  1.614E-01  1.535E-01  1.457E-01  1.379E-01  1.302E-01  1.227E-01  1.152E-01  1.079E-01  1.004E-01  9.346E-02  8.664E-02  8.014E-02  7.367E-02  6.742E-02  6.141E-02  5.563E-02  5.012E-02  4.488E-02  3.993E-02  3.526E-02  3.091E-02  2.686E-02  2.314E-02  1.973E-02  1.665E-02  1.389E-02  1.144E-02  9.297E-03  7.451E-03  5.884E-03  4.577E-03  3.509E-03  2.653E-03  1.983E-03  1.469E-03  1.080E-03  7.863E-04  5.641E-04  3.942E-04  2.664E-04
  314.0000  2.013E-01  1.925E-01  1.837E-01  1.750E-01  1.664E-01  1.577E-01  1.492E-01  1.408E-01  1.325E-01  1.243E-01  1.160E-01  1.082E-01  1.005E-01  9.320E-02  8.591E-02  7.884E-02  7.202E-02  6.546E-02  5.917E-02  5.317E-02  4.748E-02  4.211E-02  3.707E-02  3.236E-02  2.801E-02  2.401E-02  2.037E-02  1.708E-02  1.415E-02  1.157E-02  9.320E-03  7.398E-03  5.780E-03  4.444E-03  3.365E-03  2.512E-03  1.853E-03  1.354E-03  9.785E-04  6.965E-04  4.831E-04  3.240E-04
  315.0000  2.300E-01  2.207E-01  2.115E-01  2.023E-01  1.931E-01  1.839E-01  1.749E-01  1.658E-01  1.569E-01  1.480E-01  1.390E-01  1.304E-01  1.220E-01  1.139E-01  1.058E-01  9.786E-02  9.017E-02  8.270E-02  7.549E-02  6.855E-02  6.190E-02  5.555E-02  4.952E-02  4.382E-02  3.848E-02  3.349E-02  2.887E-02  2.464E-02  2.078E-02  1.730E-02  1.421E-02  1.149E-02  9.135E-03  7.131E-03  5.459E-03  4.096E-03  3.012E-03  2.173E-03  1.539E-03  1.069E-03  7.227E-04  4.722E-04
  316.0000  1.889E-01  1.814E-01  1.739E-01  1.664E-01  1.589E-01  1.514E-01  1.440E-01  1.366E-01  1.293E-01  1.221E-01  1.147E-01  1.077E-01  1.008E-01  9.422E-02  8.758E-02  8.109E-02  7.477E-02  6.865E-02  6.272E-02  5.701E-02  5.153E-02  4.630E-02  4.132E-02  3.662E-02  3.219E-02  2.806E-02  2.423E-02  2.071E-02  1.749E-02  1.459E-02  1.200E-02  9.724E-03  7.745E-03  6.055E-03  4.642E-03  3.485E-03  2.563E-03  1.848E-03  1.307E-03  9.058E-04  6.109E-04  3.982E-04
  317.0000  3.078E-01  2.963E-01  2.848E-01  2.733E-01  2.618E-01  2.503E-01  2.389E-01  2.275E-01  2.161E-01  2.049E-01  1.934E-01  1.824E-01  1.715E-01  1.611E-01  1.505E-01  1.402E-01  1.301E-01  1.202E-01  1.106E-01  1.013E-01  9.227E-02  8.362E-02  7.532E-02  6.740E-02  5.989E-02  5.280E-02  4.615E-02  3.995E-02  3.423E-02  2.897E-02  2.421E-02  1.993E-02  1.613E-02  1.281E-02  9.965E-03  7.570E-03  5.605E-03  4.040E-03  2.833E-03  1.931E-03  1.275E-03  8.119E-04
  318.0000  2.725E-01  2.625E-01  2.524E-01  2.423E-01  2.322E-01  2.220E-01  2.120E-01  2.019E-01  1.920E-01  1.820E-01  1.719E-01  1.622E-01  1.526E-01  1.434E-01  1.341E-01  1.250E-01  1.160E-01  1.073E-01  9.878E-02  9.053E-02  8.256E-02  7.488E-02  6.751E-02  6.048E-02  5.379E-02  4.748E-02  4.154E-02  3.601E-02  3.089E-02  2.619E-02  2.191E-02  1.806E-02  1.465E-02  1.165E-02  9.075E-03  6.903E-03  5.116E-03  3.689E-03  2.585E-03  1.760E-03  1.160E-03  7.369E-04
  319.0000  3.372E-01  3.257E-01  3.142E-01  3.026E-01  2.910E-01  2.794E-01  2.677E-01  2.561E-01  2.445E-01  2.329E-01  2.211E-01  2.097E-01  1.984E-01  1.875E-01  1.764E-01  1.655E-01  1.547E-01  1.442E-01  1.338E-01  1.237E-01  1.139E-01  1.043E-01  9.509E-02  8.617E-02  7.761E-02  6.943E-02  6.165E-02  5.429E-02  4.737E-02  4.090E-02  3.491E-02  2.940E-02  2.438E-02  1.986E-02  1.584E-02  1.233E-02  9.326E-03  6.823E-03  4.807E-03  3.250E-03  2.099E-03  1.296E-03
  320.0000  3.654E-01  3.526E-01  3.397E-01  3.267E-01  3.138E-01  3.008E-01  2.878E-01  2.749E-01  2.620E-01  2.492E-01  2.360E-01  2.234E-01  2.109E-01  1.989E-01  1.867E-01  1.746E-01  1.628E-01  1.513E-01  1.400E-01  1.289E-01  1.182E-01  1.079E-01  9.790E-02  8.830E-02  7.912E-02  7.038E-02  6.212E-02  5.434E-02  4.708E-02  4.034E-02  3.414E-02  2.848E-02  2.339E-02  1.886E-02  1.488E-02  1.146E-02  8.580E-03  6.226E-03  4.367E-03  2.954E-03  1.921E-03  1.200E-03
  321.0000  4.175E-01  4.041E-01  3.906E-01  3.770E-01  3.633E-01  3.497E-01  3.359E-01  3.222E-01  3.085E-01  2.948E-01  2.808E-01  2.672E-01  2.537E-01  2.406E-01  2.273E-01  2.141E-01  2.011E-01  1.883E-01  1.757E-01  1.634E-01  1.513E-01  1.395E-01  1.280E-01  1.169E-01  1.061E-01  9.576E-02  8.583E-02  7.637E-02  6.738E-02  5.890E-02  5.094E-02  4.352E-02  3.667E-02  3.038E-02  2.469E-02  1.959E-02  1.511E-02  1.126E-02  8.049E-03  5.482E-03  3.533E-03  2.153E-03
  322.0000  4.120E-01  3.985E-01  3.850E-01  3.714E-01  3.578E-01  3.441E-01  3.304E-01  3.167E-01  3.031E-01  2.894E-01  2.754E-01  2.619E-01  2.484E-01  2.354E-01  2.222E-01  2.091E-01  1.962E-01  1.834E-01  1.709E-01  1.587E-01  1.467E-01  1.350E-01  1.237E-01  1.127E-01  1.021E-01  9.194E-02  8.219E-02  7.292E-02  6.414E-02  5.587E-02  4.814E-02  4.096E-02  3.435E-02  2.833E-02  2.290E-02  1.807E-02  1.385E-02  1.026E-02  7.303E-03  4.960E-03  3.197E-03  1.955E-03
  323.0000  3.652E-01  3.534E-01  3.416E-01  3.297E-01  3.178E-01  3.058E-01  2.938E-01  2.817E-01  2.697E-01  2.577E-01  2.454E-01  2.335E-01  2.217E-01  2.102E-01  1.986E-01  1.870E-01  1.756E-01  1.644E-01  1.534E-01  1.425E-01  1.319E-01  1.216E-01  1.115E-01  1.018E-01  9.235E-02  8.328E-02  7.459E-02  6.630E-02  5.844E-02  5.103E-02  4.408E-02  3.761E-02  3.164E-02  2.618E-02  2.123E-02  1.682E-02  1.294E-02  9.623E-03  6.866E-03  4.669E-03  3.007E-03  1.833E-03
  324.0000  4.592E-01  4.455E-01  4.317E-01  4.177E-01  4.037E-01  3.896E-01  3.754E-01  3.612E-01  3.470E-01  3.328E-01  3.182E-01  3.040E-01  2.898E-01  2.761E-01  2.621E-01  2.481E-01  2.343E-01  2.207E-01  2.072E-01  1.939E-01  1.808E-01  1.680E-01  1.554E-01  1.432E-01  1.313E-01  1.197E-01  1.085E-01  9.774E-02  8.742E-02  7.756E-02  6.819E-02  5.934E-02  5.101E-02  4.323E-02  3.602E-02  2.938E-02  2.336E-02  1.797E-02  1.326E-02  9.295E-03  6.110E-03  3.745E-03
  325.0000  4.653E-01  4.508E-01  4.362E-01  4.215E-01  4.068E-01  3.919E-01  3.771E-01  3.622E-01  3.472E-01  3.323E-01  3.170E-01  3.022E-01  2.875E-01  2.731E-01  2.585E-01  2.441E-01  2.298E-01  2.156E-01  2.017E-01  1.880E-01  1.746E-01  1.615E-01  1.487E-01  1.362E-01  1.241E-01  1.124E-01  1.012E-01  9.047E-02  8.023E-02  7.051E-02  6.135E-02  5.277E-02  4.478E-02  3.741E-02  3.067E-02  2.458E-02  1.915E-02  1.442E-02  1.041E-02  7.149E-03  4.625E-03  2.815E-03
  326.0000  6.404E-01  6.212E-01  6.019E-01  5.825E-01  5.629E-01  5.432E-01  5.235E-01  5.037E-01  4.838E-01  4.640E-01  4.436E-01  4.238E-01  4.040E-01  3.848E-01  3.652E-01  3.458E-01  3.265E-01  3.074E-01  2.886E-01  2.700E-01  2.518E-01  2.338E-01  2.163E-01  1.992E-01  1.825E-01  1.663E-01  1.507E-01  1.357E-01  1.213E-01  1.075E-01  9.444E-02  8.209E-02  7.050E-02  5.967E-02  4.965E-02  4.044E-02  3.209E-02  2.464E-02  1.815E-02  1.269E-02  8.323E-03  5.093E-03
  327.0000  6.413E-01  6.227E-01  6.039E-01  5.850E-01  5.660E-01  5.468E-01  5.276E-01  5.083E-01  4.889E-01  4.695E-01  4.496E-01  4.302E-01  4.108E-01  3.920E-01  3.727E-01  3.536E-01  3.346E-01  3.158E-01  2.972E-01  2.788E-01  2.607E-01  2.429E-01  2.255E-01  2.084E-01  1.917E-01  1.755E-01  1.597E-01  1.445E-01  1.299E-01  1.159E-01  1.025E-01  8.982E-02  7.781E-02  6.652E-02  5.597E-02  4.618E-02  3.718E-02  2.902E-02  2.176E-02  1.550E-02  1.034E-02  6.416E-03
  328.0000  5.924E-01  5.747E-01  5.568E-01  5.387E-01  5.206E-01  5.024E-01  4.840E-01  4.657E-01  4.473E-01  4.288E-01  4.100E-01  3.916E-01  3.733E-01  3.554E-01  3.373E-01  3.192E-01  3.014E-01  2.837E-01  2.662E-01  2.490E-01  2.320E-01  2.154E-01  1.991E-01  1.832E-01  1.678E-01  1.528E-01  1.383E-01  1.244E-01  1.111E-01  9.835E-02  8.627E-02  7.488E-02  6.419E-02  5.423E-02  4.502E-02  3.659E-02  2.896E-02  2.217E-02  1.628E-02  1.135E-02  7.421E-03  4.533E-03
  329.0000  6.541E-01  6.355E-01  6.167E-01  5.977E-01  5.787E-01  5.595E-01  5.402E-01  5.208E-01  5.013E-01  4.819E-01  4.619E-01  4.424E-01  4.229E-01  4.039E-01  3.845E-01  3.652E-01  3.461E-01  3.271E-01  3.082E-01  2.896E-01  2.712E-01  2.532E-01  2.354E-01  2.180E-01  2.010E-01  1.844E-01  1.683E-01  1.528E-01  1.377E-01  1.233E-01  1.095E-01  9.633E-02  8.385E-02  7.208E-02  6.102E-02  5.071E-02  4.116E-02  3.243E-02  2.457E-02  1.770E-02  1.194E-02  7.477E-03
  330.0000  7.603E-01  7.388E-01  7.171E-01  6.952E-01  6.732E-01  6.510E-01  6.288E-01  6.064E-01  5.839E-01  5.614E-01  5.383E-01  5.157E-01  4.932E-01  4.712E-01  4.488E-01  4.264E-01  4.042E-01  3.822E-01  3.604E-01  3.388E-01  3.175E-01  2.965E-01  2.759E-01  2.557E-01  2.359E-01  2.167E-01  1.979E-01  1.798E-01  1.623E-01  1.454E-01  1.293E-01  1.139E-01  9.935E-02  8.557E-02  7.261E-02  6.050E-02  4.926E-02  3.895E-02  2.964E-02  2.145E-02  1.455E-02  9.156E-03
  331.0000  6.305E-01  6.123E-01  5.939E-01  5.754E-01  5.567E-01  5.379E-01  5.191E-01  5.001E-01  4.811E-01  4.621E-01  4.425E-01  4.235E-01  4.045E-01  3.859E-01  3.670E-01  3.482E-01  3.295E-01  3.110E-01  2.927E-01  2.746E-01  2.567E-01  2.392E-01  2.220E-01  2.051E-01  1.886E-01  1.726E-01  1.571E-01  1.421E-01  1.276E-01  1.138E-01  1.006E-01  8.805E-02  7.620E-02  6.508E-02  5.469E-02  4.507E-02  3.623E-02  2.823E-02  2.113E-02  1.501E-02  9.988E-03  6.175E-03
  332.0000  6.509E-01  6.326E-01  6.142E-01  5.957E-01  5.770E-01  5.582E-01  5.393E-01  5.203E-01  5.012E-01  4.820E-01  4.624E-01  4.432E-01  4.240E-01  4.053E-01  3.862E-01  3.672E-01  3.483E-01  3.295E-01  3.109E-01  2.925E-01  2.743E-01  2.564E-01  2.387E-01  2.214E-01  2.045E-01  1.880E-01  1.719E-01  1.563E-01  1.413E-01  1.268E-01  1.129E-01  9.963E-02  8.704E-02  7.513E-02  6.391E-02  5.340E-02  4.363E-02  3.463E-02  2.647E-02  1.926E-02  1.313E-02  8.296E-03
  333.0000  6.935E-01  6.743E-01  6.549E-01  6.354E-01  6.157E-01  5.959E-01  5.759E-01  5.559E-01  5.357E-01  5.156E-01  4.948E-01  4.746E-01  4.543E-01  4.346E-01  4.144E-01  3.943E-01  3.743E-01  3.544E-01  3.347E-01  3.151E-01  2.958E-01  2.768E-01  2.581E-01  2.397E-01  2.217E-01  2.041E-01  1.869E-01  1.703E-01  1.542E-01  1.387E-01  1.238E-01  1.096E-01  9.604E-02  8.319E-02  7.107E-02  5.968E-02  4.904E-02  3.919E-02  3.020E-02  2.216E-02  1.526E-02  9.742E-03
  334.0000  6.104E-01  5.932E-01  5.759E-01  5.584E-01  5.407E-01  5.230E-01  5.051E-01  4.872E-01  4.692E-01  4.511E-01  4.326E-01  4.145E-01  3.964E-01  3.787E-01  3.607E-01  3.428E-01  3.249E-01  3.072E-01  2.897E-01  2.723E-01  2.552E-01  2.383E-01  2.217E-01  2.054E-01  1.895E-01  1.739E-01  1.588E-01  1.442E-01  1.301E-01  1.165E-01  1.035E-01  9.109E-02  7.934E-02  6.825E-02  5.783E-02  4.811E-02  3.911E-02  3.086E-02  2.343E-02  1.691E-02  1.143E-02  7.160E-03
  335.0000  7.042E-01  6.849E-01  6.653E-01  6.457E-01  6.258E-01  6.058E-01  5.857E-01  5.655E-01  5.451E-01  5.248E-01  5.038E-01  4.834E-01  4.629E-01  4.429E-01  4.225E-01  4.022E-01  3.819E-01  3.618E-01  3.418E-01  3.220E-01  3.025E-01  2.832E-01  2.642E-01  2.455E-01  2.272E-01  2.093E-01  1.918E-01  1.749E-01  1.585E-01  1.427E-01  1.275E-01  1.130E-01  9.916E-02  8.603E-02  7.362E-02  6.195E-02  5.104E-02  4.091E-02  3.163E-02  2.331E-02  1.611E-02  1.033E-02
  336.0000  5.999E-01  5.836E-01  5.671E-01  5.504E-01  5.336E-01  5.167E-01  4.996E-01  4.825E-01  4.653E-01  4.480E-01  4.303E-01  4.129E-01  3.956E-01  3.786E-01  3.613E-01  3.440E-01  3.269E-01  3.098E-01  2.928E-01  2.760E-01  2.594E-01  2.429E-01  2.268E-01  2.109E-01  1.953E-01  1.800E-01  1.652E-01  1.507E-01  1.367E-01  1.232E-01  1.103E-01  9.784E-02  8.599E-02  7.474E-02  6.409E-02  5.407E-02  4.467E-02  3.593E-02  2.789E-02  2.065E-02  1.436E-02  9.254E-03
  337.0000  5.665E-01  5.509E-01  5.351E-01  5.191E-01  5.031E-01  4.869E-01  4.706E-01  4.542E-01  4.378E-01  4.213E-01  4.044E-01  3.878E-01  3.713E-01  3.551E-01  3.386E-01  3.221E-01  3.058E-01  2.895E-01  2.733E-01  2.573E-01  2.415E-01  2.259E-01  2.106E-01  1.955E-01  1.807E-01  1.663E-01  1.522E-01  1.385E-01  1.253E-01  1.126E-01  1.004E-01  8.877E-02  7.768E-02  6.718E-02  5.728E-02  4.800E-02  3.935E-02  3.136E-02  2.408E-02  1.760E-02  1.206E-02  7.655E-03
  338.0000  6.368E-01  6.193E-01  6.017E-01  5.839E-01  5.660E-01  5.480E-01  5.298E-01  5.115E-01  4.932E-01  4.748E-01  4.559E-01  4.374E-01  4.189E-01  4.008E-01  3.824E-01  3.640E-01  3.456E-01  3.274E-01  3.093E-01  2.914E-01  2.737E-01  2.562E-01  2.390E-01  2.220E-01  2.054E-01  1.892E-01  1.734E-01  1.580E-01  1.432E-01  1.288E-01  1.150E-01  1.019E-01  8.932E-02  7.742E-02  6.619E-02  5.564E-02  4.578E-02  3.665E-02  2.829E-02  2.080E-02  1.434E-02  9.165E-03
  339.0000  6.788E-01  6.604E-01  6.419E-01  6.232E-01  6.043E-01  5.853E-01  5.661E-01  5.469E-01  5.275E-01  5.081E-01  4.882E-01  4.687E-01  4.491E-01  4.300E-01  4.105E-01  3.911E-01  3.717E-01  3.524E-01  3.332E-01  3.143E-01  2.955E-01  2.769E-01  2.586E-01  2.406E-01  2.229E-01  2.057E-01  1.888E-01  1.724E-01  1.565E-01  1.412E-01  1.264E-01  1.123E-01  9.877E-02  8.595E-02  7.381E-02  6.237E-02  5.164E-02  4.164E-02  3.243E-02  2.409E-02  1.681E-02  1.087E-02
  340.0000  7.626E-01  7.419E-01  7.210E-01  6.999E-01  6.786E-01  6.571E-01  6.355E-01  6.138E-01  5.920E-01  5.701E-01  5.476E-01  5.256E-01  5.036E-01  4.821E-01  4.601E-01  4.381E-01  4.163E-01  3.945E-01  3.730E-01  3.516E-01  3.304E-01  3.095E-01  2.889E-01  2.686E-01  2.487E-01  2.293E-01  2.103E-01  1.918E-01  1.740E-01  1.567E-01  1.401E-01  1.243E-01  1.091E-01  9.479E-02  8.122E-02  6.846E-02  5.650E-02  4.540E-02  3.520E-02  2.601E-02  1.803E-02  1.159E-02
  341.0000  6.714E-01  6.533E-01  6.349E-01  6.164E-01  5.978E-01  5.790E-01  5.601E-01  5.411E-01  5.219E-01  5.027E-01  4.830E-01  4.637E-01  4.444E-01  4.255E-01  4.062E-01  3.870E-01  3.678E-01  3.487E-01  3.298E-01  3.110E-01  2.923E-01  2.740E-01  2.558E-01  2.380E-01  2.205E-01  2.034E-01  1.867E-01  1.704E-01  1.546E-01  1.394E-01  1.248E-01  1.108E-01  9.740E-02  8.471E-02  7.270E-02  6.138E-02  5.078E-02  4.091E-02  3.182E-02  2.360E-02  1.643E-02  1.060E-02
  342.0000  6.868E-01  6.684E-01  6.498E-01  6.310E-01  6.120E-01  5.929E-01  5.736E-01  5.543E-01  5.348E-01  5.153E-01  4.952E-01  4.756E-01  4.559E-01  4.367E-01  4.170E-01  3.974E-01  3.778E-01  3.584E-01  3.391E-01  3.199E-01  3.009E-01  2.821E-01  2.636E-01  2.454E-01  2.275E-01  2.100E-01  1.928E-01  1.762E-01  1.601E-01  1.445E-01  1.294E-01  1.151E-01  1.013E-01  8.826E-02  7.589E-02  6.423E-02  5.329E-02  4.307E-02  3.363E-02  2.507E-02  1.755E-02  1.139E-02
  343.0000  7.218E-01  7.024E-01  6.828E-01  6.631E-01  6.432E-01  6.231E-01  6.029E-01  5.826E-01  5.621E-01  5.416E-01  5.206E-01  4.999E-01  4.793E-01  4.590E-01  4.384E-01  4.178E-01  3.972E-01  3.768E-01  3.564E-01  3.363E-01  3.163E-01  2.966E-01  2.771E-01  2.579E-01  2.391E-01  2.207E-01  2.027E-01  1.852E-01  1.682E-01  1.518E-01  1.360E-01  1.208E-01  1.064E-01  9.266E-02  7.966E-02  6.740E-02  5.590E-02  4.516E-02  3.525E-02  2.626E-02  1.837E-02  1.191E-02
  344.0000  5.841E-01  5.683E-01  5.524E-01  5.364E-01  5.202E-01  5.039E-01  4.874E-01  4.709E-01  4.543E-01  4.376E-01  4.205E-01  4.037E-01  3.869E-01  3.705E-01  3.537E-01  3.370E-01  3.203E-01  3.037E-01  2.872E-01  2.708E-01  2.546E-01  2.386E-01  2.228E-01  2.072E-01  1.920E-01  1.770E-01  1.624E-01  1.482E-01  1.345E-01  1.212E-01  1.084E-01  9.619E-02  8.453E-02  7.345E-02  6.299E-02  5.314E-02  4.391E-02  3.534E-02  2.744E-02  2.032E-02  1.412E-02  9.082E-03
  345.0000  6.542E-01  6.367E-01  6.190E-01  6.011E-01  5.831E-01  5.650E-01  5.467E-01  5.283E-01  5.098E-01  4.912E-01  4.722E-01  4.535E-01  4.348E-01  4.165E-01  3.978E-01  3.791E-01  3.605E-01  3.420E-01  3.235E-01  3.053E-01  2.872E-01  2.693E-01  2.516E-01  2.342E-01  2.171E-01  2.004E-01  1.841E-01  1.681E-01  1.527E-01  1.378E-01  1.235E-01  1.097E-01  9.656E-02  8.408E-02  7.227E-02  6.114E-02  5.070E-02  4.096E-02  3.197E-02  2.381E-02  1.665E-02  1.078E-02
  346.0000  6.653E-01  6.474E-01  6.294E-01  6.112E-01  5.929E-01  5.744E-01  5.557E-01  5.370E-01  5.182E-01  4.992E-01  4.798E-01  4.608E-01  4.417E-01  4.230E-01  4.040E-01  3.850E-01  3.660E-01  3.471E-01  3.283E-01  3.097E-01  2.913E-01  2.730E-01  2.550E-01  2.373E-01  2.199E-01  2.029E-01  1.862E-01  1.700E-01  1.543E-01  1.392E-01  1.246E-01  1.106E-01  9.723E-02  8.455E-02  7.257E-02  6.129E-02  5.073E-02  4.088E-02  3.182E-02  2.362E-02  1.644E-02  1.060E-02
  347.0000  7.162E-01  6.971E-01  6.777E-01  6.582E-01  6.385E-01  6.186E-01  5.986E-01  5.785E-01  5.583E-01  5.379E-01  5.171E-01  4.966E-01  4.762E-01  4.561E-01  4.356E-01  4.152E-01  3.948E-01  3.745E-01  3.543E-01  3.342E-01  3.144E-01  2.948E-01  2.754E-01  2.563E-01  2.376E-01  2.192E-01  2.013E-01  1.839E-01  1.669E-01  1.506E-01  1.348E-01  1.197E-01  1.053E-01  9.163E-02  7.869E-02  6.651E-02  5.509E-02  4.445E-02  3.464E-02  2.575E-02  1.796E-02  1.160E-02
  348.0000  6.244E-01  6.078E-01  5.910E-01  5.740E-01  5.568E-01  5.396E-01  5.222E-01  5.047E-01  4.871E-01  4.694E-01  4.512E-01  4.334E-01  4.156E-01  3.981E-01  3.803E-01  3.625E-01  3.448E-01  3.271E-01  3.095E-01  2.920E-01  2.748E-01  2.576E-01  2.408E-01  2.241E-01  2.078E-01  1.918E-01  1.761E-01  1.609E-01  1.461E-01  1.318E-01  1.181E-01  1.049E-01  9.231E-02  8.035E-02  6.905E-02  5.840E-02  4.841E-02  3.910E-02  3.050E-02  2.270E-02  1.586E-02  1.026E-02
  349.0000  6.412E-01  6.242E-01  6.069E-01  5.895E-01  5.720E-01  5.543E-01  5.365E-01  5.185E-01  5.005E-01  4.823E-01  4.637E-01  4.455E-01  4.272E-01  4.093E-01  3.910E-01  3.727E-01  3.545E-01  3.364E-01  3.183E-01  3.004E-01  2.827E-01  2.651E-01  2.478E-01  2.307E-01  2.139E-01  1.975E-01  1.814E-01  1.657E-01  1.505E-01  1.358E-01  1.217E-01  1.081E-01  9.517E-02  8.286E-02  7.123E-02  6.027E-02  4.998E-02  4.040E-02  3.154E-02  2.350E-02  1.643E-02  1.064E-02
  350.0000  7.407E-01  7.210E-01  7.011E-01  6.811E-01  6.608E-01  6.404E-01  6.198E-01  5.990E-01  5.782E-01  5.573E-01  5.358E-01  5.147E-01  4.936E-01  4.729E-01  4.518E-01  4.307E-01  4.097E-01  3.887E-01  3.679E-01  3.472E-01  3.266E-01  3.063E-01  2.863E-01  2.666E-01  2.471E-01  2.281E-01  2.095E-01  1.914E-01  1.738E-01  1.569E-01  1.405E-01  1.248E-01  1.098E-01  9.561E-02  8.216E-02  6.949E-02  5.761E-02  4.654E-02  3.632E-02  2.704E-02  1.889E-02  1.222E-02
------------------------------------------------------------
