Spectral Irradiance, W m-2 nm-1
values at z =      3.216 km
Columns: wavelength (nm), solar zenith angles (deg.)
    wc, nm     49.000     50.000     51.000     52.000     53.000     54.000     55.000     56.000     57.000     58.000     59.000     60.000     61.000     62.000     63.000     64.000     65.000     66.000     67.000     68.000     69.000     70.000     71.000     72.000     73.000     74.000     75.000     76.000     77.000     78.000     79.000     80.000     81.000     82.000     83.000     84.000     85.000     86.000     87.000     88.000     89.000     90.000
  280.0000  0.000E+00  0.000E+00  0.000E+00  0.000E+00  0.000E+00  0.000E+00  0.000E+00  0.000E+00  0.000E+00  0.000E+00  0.000E+00  0.000E+00  0.000E+00  0.000E+00  0.000E+00  0.000E+00  0.000E+00  0.000E+00  0.000E+00  0.000E+00  0.000E+00  0.000E+00  0.000E+00  0.000E+00  0.000E+00  0.000E+00  0.000E+00  0.000E+00  0.000E+00  0.000E+00  0.000E+00  0.000E+00  0.000E+00  0.000E+00  0.000E+00  0.000E+00  0.000E+00  0.000E+00  0.000E+00  0.000E+00  0.000E+00  0.000E+00
  281.0000  0.000E+00  0.000E+00  0.000E+00  0.000E+00  0.000E+00  0.000E+00  0.000E+00  0.000E+00  0.000E+00  0.000E+00  0.000E+00  0.000E+00  0.000E+00  0.000E+00  0.000E+00  0.000E+00  0.000E+00  0.000E+00  0.000E+00  0.000E+00  0.000E+00  0.000E+00  0.000E+00  0.000E+00  0.000E+00  0.000E+00  0.000E+00  0.000E+00  0.000E+00  0.000E+00  0.000E+00  0.000E+00  0.000E+00  0.000E+00  0.000E+00  0.000E+00  0.000E+00  0.000E+00  0.000E+00  0.000E+00  0.000E+00  0.000E+00
  282.0000  0.000E+00  0.000E+00  0.000E+00  0.000E+00  0.000E+00  0.000E+00  0.000E+00  0.000E+00  0.000E+00  0.000E+00  0.000E+00  0.000E+00  0.000E+00  0.000E+00  0.000E+00  0.000E+00  0.000E+00  0.000E+00  0.000E+00  0.000E+00  0.000E+00  0.000E+00  0.000E+00  0.000E+00  0.000E+00  0.000E+00  0.000E+00  0.000E+00  0.000E+00  0.000E+00  0.000E+00  0.000E+00  0.000E+00  0.000E+00  0.000E+00  0.000E+00  0.000E+00  0.000E+00  0.000E+00  0.000E+00  0.000E+00  0.000E+00
  283.0000  0.000E+00  0.000E+00  0.000E+00  0.000E+00  0.000E+00  0.000E+00  0.000E+00  0.000E+00  0.000E+00  0.000E+00  0.000E+00  0.000E+00  0.000E+00  0.000E+00  0.000E+00  0.000E+00  0.000E+00  0.000E+00  0.000E+00  0.000E+00  0.000E+00  0.000E+00  0.000E+00  0.000E+00  0.000E+00  0.000E+00  0.000E+00  0.000E+00  0.000E+00  0.000E+00  0.000E+00  0.000E+00  0.000E+00  0.000E+00  0.000E+00  0.000E+00  0.000E+00  0.000E+00  0.000E+00  0.000E+00  0.000E+00  0.000E+00
  284.0000  0.000E+00  0.000E+00  0.000E+00  0.000E+00  0.000E+00  0.000E+00  0.000E+00  0.000E+00  0.000E+00  0.000E+00  0.000E+00  0.000E+00  0.000E+00  0.000E+00  0.000E+00  0.000E+00  0.000E+00  0.000E+00  0.000E+00  0.000E+00  0.000E+00  0.000E+00  0.000E+00  0.000E+00  0.000E+00  0.000E+00  0.000E+00  0.000E+00  0.000E+00  0.000E+00  0.000E+00  0.000E+00  0.000E+00  0.000E+00  0.000E+00  0.000E+00  0.000E+00  0.000E+00  0.000E+00  0.000E+00  0.000E+00  0.000E+00
  285.0000  0.000E+00  0.000E+00  0.000E+00  0.000E+00  0.000E+00  0.000E+00  0.000E+00  0.000E+00  0.000E+00  0.000E+00  0.000E+00  0.000E+00  0.000E+00  0.000E+00  0.000E+00  0.000E+00  0.000E+00  0.000E+00  0.000E+00  0.000E+00  0.000E+00  0.000E+00  0.000E+00  0.000E+00  0.000E+00  0.000E+00  0.000E+00  0.000E+00  0.000E+00  0.000E+00  0.000E+00  0.000E+00  0.000E+00  0.000E+00  0.000E+00  0.000E+00  0.000E+00  0.000E+00  0.000E+00  0.000E+00  0.000E+00  0.000E+00
  286.0000  0.000E+00  0.000E+00  0.000E+00  0.000E+00  0.000E+00  0.000E+00  0.000E+00  0.000E+00  0.000E+00  0.000E+00  0.000E+00  0.000E+00  0.000E+00  0.000E+00  0.000E+00  0.000E+00  0.000E+00  0.000E+00  0.000E+00  0.000E+00  0.000E+00  0.000E+00  0.000E+00  0.000E+00  0.000E+00  0.000E+00  0.000E+00  0.000E+00  0.000E+00  0.000E+00  0.000E+00  0.000E+00  0.000E+00  0.000E+00  0.000E+00  0.000E+00  0.000E+00  0.000E+00  0.000E+00  0.000E+00  0.000E+00  0.000E+00
  287.0000  0.000E+00  0.000E+00  0.000E+00  0.000E+00  0.000E+00  0.000E+00  0.000E+00  0.000E+00  0.000E+00  0.000E+00  0.000E+00  0.000E+00  0.000E+00  0.000E+00  0.000E+00  0.000E+00  0.000E+00  0.000E+00  0.000E+00  0.000E+00  0.000E+00  0.000E+00  0.000E+00  0.000E+00  0.000E+00  0.000E+00  0.000E+00  0.000E+00  0.000E+00  0.000E+00  0.000E+00  0.000E+00  0.000E+00  0.000E+00  0.000E+00  0.000E+00  0.000E+00  0.000E+00  0.000E+00  0.000E+00  0.000E+00  0.000E+00
  288.0000  0.000E+00  0.000E+00  0.000E+00  0.000E+00  0.000E+00  0.000E+00  0.000E+00  0.000E+00  0.000E+00  0.000E+00  0.000E+00  0.000E+00  0.000E+00  0.000E+00  0.000E+00  0.000E+00  0.000E+00  0.000E+00  0.000E+00  0.000E+00  0.000E+00  0.000E+00  0.000E+00  0.000E+00  0.000E+00  0.000E+00  0.000E+00  0.000E+00  0.000E+00  0.000E+00  0.000E+00  0.000E+00  0.000E+00  0.000E+00  0.000E+00  0.000E+00  0.000E+00  0.000E+00  0.000E+00  0.000E+00  0.000E+00  0.000E+00
  289.0000  0.000E+00  0.000E+00  0.000E+00  0.000E+00  0.000E+00  0.000E+00  0.000E+00  0.000E+00  0.000E+00  0.000E+00  0.000E+00  0.000E+00  0.000E+00  0.000E+00  0.000E+00  0.000E+00  0.000E+00  0.000E+00  0.000E+00  0.000E+00  0.000E+00  0.000E+00  0.000E+00  0.000E+00  0.000E+00  0.000E+00  0.000E+00  0.000E+00  0.000E+00  0.000E+00  0.000E+00  0.000E+00  0.000E+00  0.000E+00  0.000E+00  0.000E+00  0.000E+00  0.000E+00  0.000E+00  0.000E+00  0.000E+00  0.000E+00
  290.0000  0.000E+00  0.000E+00  0.000E+00  0.000E+00  0.000E+00  0.000E+00  0.000E+00  0.000E+00  0.000E+00  0.000E+00  0.000E+00  0.000E+00  0.000E+00  0.000E+00  0.000E+00  0.000E+00  0.000E+00  0.000E+00  0.000E+00  0.000E+00  0.000E+00  0.000E+00  0.000E+00  0.000E+00  0.000E+00  0.000E+00  0.000E+00  0.000E+00  0.000E+00  0.000E+00  0.000E+00  0.000E+00  0.000E+00  0.000E+00  0.000E+00  0.000E+00  0.000E+00  0.000E+00  0.000E+00  0.000E+00  0.000E+00  0.000E+00
  291.0000  0.000E+00  0.000E+00  0.000E+00  0.000E+00  0.000E+00  0.000E+00  0.000E+00  0.000E+00  0.000E+00  0.000E+00  0.000E+00  0.000E+00  0.000E+00  0.000E+00  0.000E+00  0.000E+00  0.000E+00  0.000E+00  0.000E+00  0.000E+00  0.000E+00  0.000E+00  0.000E+00  0.000E+00  0.000E+00  0.000E+00  0.000E+00  0.000E+00  0.000E+00  0.000E+00  0.000E+00  0.000E+00  0.000E+00  0.000E+00  0.000E+00  0.000E+00  0.000E+00  0.000E+00  0.000E+00  0.000E+00  0.000E+00  0.000E+00
  292.0000  0.000E+00  0.000E+00  0.000E+00  0.000E+00  0.000E+00  0.000E+00  0.000E+00  0.000E+00  0.000E+00  0.000E+00  0.000E+00  0.000E+00  0.000E+00  0.000E+00  0.000E+00  0.000E+00  0.000E+00  0.000E+00  0.000E+00  0.000E+00  0.000E+00  0.000E+00  0.000E+00  0.000E+00  0.000E+00  0.000E+00  0.000E+00  0.000E+00  0.000E+00  0.000E+00  0.000E+00  0.000E+00  0.000E+00  0.000E+00  0.000E+00  0.000E+00  0.000E+00  0.000E+00  0.000E+00  0.000E+00  0.000E+00  0.000E+00
  293.0000  0.000E+00  0.000E+00  0.000E+00  0.000E+00  0.000E+00  0.000E+00  0.000E+00  0.000E+00  0.000E+00  0.000E+00  0.000E+00  0.000E+00  0.000E+00  0.000E+00  0.000E+00  0.000E+00  0.000E+00  0.000E+00  0.000E+00  0.000E+00  0.000E+00  0.000E+00  0.000E+00  0.000E+00  0.000E+00  0.000E+00  0.000E+00  0.000E+00  0.000E+00  0.000E+00  0.000E+00  0.000E+00  0.000E+00  0.000E+00  0.000E+00  0.000E+00  0.000E+00  0.000E+00  0.000E+00  0.000E+00  0.000E+00  0.000E+00
  294.0000  6.341E-08  4.548E-08  3.206E-08  2.218E-08  1.504E-08  9.991E-09  6.490E-09  4.118E-09  2.550E-09  1.539E-09  9.018E-10  5.055E-10  2.881E-10  1.593E-10  8.699E-11  4.775E-11  2.705E-11  1.628E-11  1.063E-11  7.575E-12  5.813E-12  4.706E-12  3.947E-12  3.387E-12  2.950E-12  2.598E-12  2.305E-12  2.059E-12  1.846E-12  1.662E-12  1.498E-12  1.352E-12  1.220E-12  1.098E-12  9.854E-13  8.794E-13  7.785E-13  6.812E-13  5.863E-13  4.925E-13  3.991E-13  3.082E-13
  295.0000  3.375E-07  2.504E-07  1.829E-07  1.314E-07  9.273E-08  6.424E-08  4.363E-08  2.901E-08  1.888E-08  1.201E-08  7.546E-09  4.426E-09  2.666E-09  1.561E-09  9.003E-10  5.172E-10  3.017E-10  1.828E-10  1.177E-10  8.150E-11  6.069E-11  4.795E-11  3.952E-11  3.350E-11  2.893E-11  2.531E-11  2.233E-11  1.984E-11  1.772E-11  1.588E-11  1.426E-11  1.282E-11  1.153E-11  1.035E-11  9.263E-12  8.246E-12  7.283E-12  6.359E-12  5.462E-12  4.581E-12  3.709E-12  2.863E-12
  296.0000  2.832E-06  2.185E-06  1.663E-06  1.248E-06  9.220E-07  6.705E-07  4.793E-07  3.365E-07  2.319E-07  1.566E-07  1.038E-07  6.594E-08  4.237E-08  2.655E-08  1.635E-08  9.959E-09  6.079E-09  3.772E-09  2.424E-09  1.639E-09  1.178E-09  8.976E-10  7.186E-10  5.964E-10  5.074E-10  4.389E-10  3.839E-10  3.386E-10  3.003E-10  2.675E-10  2.389E-10  2.137E-10  1.912E-10  1.709E-10  1.523E-10  1.350E-10  1.188E-10  1.034E-10  8.860E-11  7.412E-11  5.989E-11  4.618E-11
  297.0000  6.876E-06  5.446E-06  4.262E-06  3.293E-06  2.510E-06  1.886E-06  1.396E-06  1.017E-06  7.278E-07  5.119E-07  3.490E-07  2.358E-07  1.583E-07  1.039E-07  6.698E-08  4.260E-08  2.696E-08  1.716E-08  1.114E-08  7.481E-09  5.268E-09  3.911E-09  3.052E-09  2.481E-09  2.079E-09  1.778E-09  1.543E-09  1.351E-09  1.192E-09  1.056E-09  9.386E-10  8.358E-10  7.447E-10  6.629E-10  5.886E-10  5.202E-10  4.565E-10  3.962E-10  3.384E-10  2.824E-10  2.278E-10  1.754E-10
  298.0000  4.197E-05  3.423E-05  2.762E-05  2.205E-05  1.739E-05  1.355E-05  1.042E-05  7.895E-06  5.899E-06  4.338E-06  3.146E-06  2.206E-06  1.555E-06  1.075E-06  7.299E-07  4.881E-07  3.233E-07  2.134E-07  1.417E-07  9.573E-08  6.659E-08  4.819E-08  3.645E-08  2.876E-08  2.351E-08  1.974E-08  1.689E-08  1.464E-08  1.280E-08  1.126E-08  9.940E-09  8.796E-09  7.791E-09  6.897E-09  6.093E-09  5.359E-09  4.681E-09  4.046E-09  3.444E-09  2.864E-09  2.303E-09  1.770E-09
  299.0000  1.033E-04  8.594E-05  7.085E-05  5.783E-05  4.671E-05  3.730E-05  2.944E-05  2.295E-05  1.765E-05  1.339E-05  9.900E-06  7.281E-06  5.311E-06  3.805E-06  2.680E-06  1.858E-06  1.273E-06  8.660E-07  5.882E-07  4.024E-07  2.801E-07  2.004E-07  1.486E-07  1.145E-07  9.159E-08  7.551E-08  6.371E-08  5.464E-08  4.738E-08  4.138E-08  3.631E-08  3.196E-08  2.816E-08  2.481E-08  2.181E-08  1.910E-08  1.662E-08  1.432E-08  1.214E-08  1.007E-08  8.073E-09  6.194E-09
  300.0000  2.563E-04  2.180E-04  1.840E-04  1.539E-04  1.275E-04  1.047E-04  8.505E-05  6.835E-05  5.429E-05  4.260E-05  3.303E-05  2.496E-05  1.891E-05  1.410E-05  1.034E-05  7.473E-06  5.331E-06  3.764E-06  2.639E-06  1.847E-06  1.300E-06  9.284E-07  6.782E-07  5.104E-07  3.970E-07  3.189E-07  2.632E-07  2.218E-07  1.898E-07  1.640E-07  1.427E-07  1.246E-07  1.090E-07  9.539E-08  8.333E-08  7.254E-08  6.275E-08  5.375E-08  4.537E-08  3.745E-08  2.992E-08  2.288E-08
  301.0000  7.396E-04  6.398E-04  5.495E-04  4.683E-04  3.959E-04  3.318E-04  2.755E-04  2.266E-04  1.845E-04  1.484E-04  1.170E-04  9.206E-05  7.176E-05  5.516E-05  4.178E-05  3.117E-05  2.296E-05  1.672E-05  1.205E-05  8.638E-06  6.181E-06  4.445E-06  3.237E-06  2.405E-06  1.834E-06  1.440E-06  1.163E-06  9.619E-07  8.108E-07  6.927E-07  5.969E-07  5.172E-07  4.493E-07  3.906E-07  3.391E-07  2.934E-07  2.524E-07  2.150E-07  1.806E-07  1.484E-07  1.181E-07  8.999E-08
  302.0000  1.343E-03  1.179E-03  1.028E-03  8.906E-04  7.657E-04  6.533E-04  5.528E-04  4.637E-04  3.854E-04  3.172E-04  2.591E-04  2.065E-04  1.650E-04  1.302E-04  1.014E-04  7.782E-05  5.899E-05  4.418E-05  3.272E-05  2.402E-05  1.753E-05  1.278E-05  9.349E-06  6.918E-06  5.210E-06  4.015E-06  3.175E-06  2.574E-06  2.132E-06  1.796E-06  1.531E-06  1.314E-06  1.133E-06  9.780E-07  8.435E-07  7.252E-07  6.200E-07  5.252E-07  4.387E-07  3.587E-07  2.840E-07  2.156E-07
  303.0000  4.133E-03  3.682E-03  3.261E-03  2.871E-03  2.511E-03  2.182E-03  1.882E-03  1.612E-03  1.368E-03  1.151E-03  9.589E-04  7.880E-04  6.459E-04  5.239E-04  4.196E-04  3.317E-04  2.591E-04  2.000E-04  1.526E-04  1.152E-04  8.623E-05  6.412E-05  4.754E-05  3.534E-05  2.648E-05  2.012E-05  1.558E-05  1.234E-05  9.987E-06  8.243E-06  6.910E-06  5.854E-06  4.991E-06  4.267E-06  3.648E-06  3.110E-06  2.638E-06  2.217E-06  1.838E-06  1.493E-06  1.175E-06  8.871E-07
  304.0000  6.198E-03  5.573E-03  4.984E-03  4.434E-03  3.921E-03  3.446E-03  3.009E-03  2.609E-03  2.245E-03  1.917E-03  1.613E-03  1.354E-03  1.128E-03  9.305E-04  7.588E-04  6.113E-04  4.869E-04  3.834E-04  2.984E-04  2.297E-04  1.750E-04  1.322E-04  9.931E-05  7.440E-05  5.588E-05  4.229E-05  3.243E-05  2.532E-05  2.017E-05  1.639E-05  1.355E-05  1.135E-05  9.586E-06  8.133E-06  6.906E-06  5.851E-06  4.932E-06  4.120E-06  3.397E-06  2.743E-06  2.148E-06  1.615E-06
  305.0000  1.266E-02  1.151E-02  1.043E-02  9.398E-03  8.427E-03  7.515E-03  6.662E-03  5.871E-03  5.139E-03  4.467E-03  3.834E-03  3.283E-03  2.792E-03  2.354E-03  1.965E-03  1.622E-03  1.325E-03  1.070E-03  8.553E-04  6.760E-04  5.284E-04  4.089E-04  3.135E-04  2.388E-04  1.812E-04  1.375E-04  1.048E-04  8.070E-05  6.303E-05  5.008E-05  4.048E-05  3.324E-05  2.761E-05  2.310E-05  1.939E-05  1.625E-05  1.356E-05  1.122E-05  9.164E-06  7.336E-06  5.698E-06  4.254E-06
  306.0000  1.538E-02  1.409E-02  1.286E-02  1.169E-02  1.057E-02  9.517E-03  8.521E-03  7.585E-03  6.713E-03  5.902E-03  5.131E-03  4.448E-03  3.833E-03  3.278E-03  2.776E-03  2.327E-03  1.932E-03  1.588E-03  1.291E-03  1.038E-03  8.259E-04  6.500E-04  5.064E-04  3.910E-04  2.998E-04  2.290E-04  1.748E-04  1.341E-04  1.037E-04  8.127E-05  6.468E-05  5.227E-05  4.281E-05  3.540E-05  2.941E-05  2.445E-05  2.024E-05  1.662E-05  1.347E-05  1.071E-05  8.264E-06  6.133E-06
  307.0000  2.596E-02  2.399E-02  2.208E-02  2.024E-02  1.848E-02  1.680E-02  1.519E-02  1.367E-02  1.224E-02  1.089E-02  9.612E-03  8.430E-03  7.366E-03  6.395E-03  5.501E-03  4.688E-03  3.960E-03  3.313E-03  2.745E-03  2.251E-03  1.826E-03  1.465E-03  1.163E-03  9.138E-04  7.114E-04  5.496E-04  4.224E-04  3.242E-04  2.493E-04  1.931E-04  1.512E-04  1.199E-04  9.640E-05  7.838E-05  6.420E-05  5.272E-05  4.318E-05  3.511E-05  2.819E-05  2.219E-05  1.698E-05  1.249E-05
  308.0000  3.899E-02  3.628E-02  3.365E-02  3.109E-02  2.863E-02  2.625E-02  2.396E-02  2.178E-02  1.970E-02  1.773E-02  1.580E-02  1.406E-02  1.244E-02  1.095E-02  9.552E-03  8.265E-03  7.094E-03  6.036E-03  5.088E-03  4.248E-03  3.511E-03  2.871E-03  2.323E-03  1.859E-03  1.472E-03  1.154E-03  8.972E-04  6.932E-04  5.339E-04  4.114E-04  3.184E-04  2.486E-04  1.961E-04  1.565E-04  1.260E-04  1.020E-04  8.246E-05  6.628E-05  5.262E-05  4.099E-05  3.103E-05  2.264E-05
  309.0000  4.637E-02  4.333E-02  4.035E-02  3.745E-02  3.464E-02  3.192E-02  2.929E-02  2.677E-02  2.435E-02  2.204E-02  1.978E-02  1.772E-02  1.579E-02  1.400E-02  1.231E-02  1.074E-02  9.304E-03  7.990E-03  6.802E-03  5.737E-03  4.792E-03  3.961E-03  3.240E-03  2.621E-03  2.097E-03  1.660E-03  1.301E-03  1.012E-03  7.819E-04  6.024E-04  4.645E-04  3.598E-04  2.810E-04  2.216E-04  1.764E-04  1.413E-04  1.132E-04  9.029E-05  7.116E-05  5.503E-05  4.136E-05  2.999E-05
  310.0000  5.882E-02  5.536E-02  5.196E-02  4.862E-02  4.535E-02  4.217E-02  3.907E-02  3.606E-02  3.315E-02  3.035E-02  2.755E-02  2.501E-02  2.258E-02  2.031E-02  1.812E-02  1.606E-02  1.414E-02  1.236E-02  1.071E-02  9.214E-03  7.853E-03  6.629E-03  5.540E-03  4.582E-03  3.747E-03  3.030E-03  2.423E-03  1.916E-03  1.500E-03  1.164E-03  8.977E-04  6.902E-04  5.310E-04  4.101E-04  3.187E-04  2.491E-04  1.954E-04  1.528E-04  1.184E-04  8.999E-05  6.655E-05  4.752E-05
  311.0000  1.096E-01  1.034E-01  9.736E-02  9.140E-02  8.557E-02  7.984E-02  7.426E-02  6.883E-02  6.354E-02  5.843E-02  5.335E-02  4.864E-02  4.414E-02  3.993E-02  3.583E-02  3.196E-02  2.833E-02  2.494E-02  2.179E-02  1.888E-02  1.623E-02  1.382E-02  1.165E-02  9.727E-03  8.030E-03  6.555E-03  5.289E-03  4.218E-03  3.326E-03  2.596E-03  2.009E-03  1.544E-03  1.184E-03  9.080E-04  6.988E-04  5.404E-04  4.192E-04  3.247E-04  2.493E-04  1.880E-04  1.379E-04  9.773E-05
  312.0000  1.131E-01  1.073E-01  1.014E-01  9.566E-02  8.998E-02  8.440E-02  7.893E-02  7.357E-02  6.835E-02  6.326E-02  5.806E-02  5.340E-02  4.883E-02  4.453E-02  4.030E-02  3.628E-02  3.246E-02  2.886E-02  2.549E-02  2.235E-02  1.944E-02  1.676E-02  1.433E-02  1.212E-02  1.015E-02  8.409E-03  6.884E-03  5.567E-03  4.447E-03  3.509E-03  2.737E-03  2.114E-03  1.619E-03  1.233E-03  9.378E-04  7.137E-04  5.440E-04  4.142E-04  3.130E-04  2.327E-04  1.683E-04  1.177E-04
  313.0000  1.458E-01  1.387E-01  1.317E-01  1.248E-01  1.180E-01  1.112E-01  1.045E-01  9.799E-02  9.157E-02  8.528E-02  7.885E-02  7.300E-02  6.724E-02  6.178E-02  5.638E-02  5.120E-02  4.625E-02  4.153E-02  3.707E-02  3.286E-02  2.893E-02  2.526E-02  2.188E-02  1.877E-02  1.595E-02  1.341E-02  1.115E-02  9.157E-03  7.426E-03  5.944E-03  4.693E-03  3.657E-03  2.815E-03  2.144E-03  1.619E-03  1.217E-03  9.113E-04  6.806E-04  5.048E-04  3.688E-04  2.623E-04  1.803E-04
  314.0000  1.678E-01  1.599E-01  1.521E-01  1.444E-01  1.367E-01  1.291E-01  1.216E-01  1.142E-01  1.070E-01  9.989E-02  9.264E-02  8.596E-02  7.940E-02  7.316E-02  6.698E-02  6.103E-02  5.532E-02  4.987E-02  4.469E-02  3.979E-02  3.518E-02  3.087E-02  2.687E-02  2.318E-02  1.981E-02  1.675E-02  1.401E-02  1.158E-02  9.447E-03  7.605E-03  6.038E-03  4.726E-03  3.649E-03  2.782E-03  2.099E-03  1.571E-03  1.169E-03  8.661E-04  6.372E-04  4.618E-04  3.261E-04  2.226E-04
  315.0000  1.992E-01  1.907E-01  1.823E-01  1.738E-01  1.654E-01  1.571E-01  1.488E-01  1.407E-01  1.326E-01  1.246E-01  1.165E-01  1.088E-01  1.013E-01  9.415E-02  8.698E-02  8.002E-02  7.328E-02  6.678E-02  6.054E-02  5.458E-02  4.889E-02  4.351E-02  3.844E-02  3.369E-02  2.928E-02  2.521E-02  2.148E-02  1.810E-02  1.507E-02  1.238E-02  1.002E-02  7.990E-03  6.267E-03  4.833E-03  3.664E-03  2.733E-03  2.009E-03  1.459E-03  1.046E-03  7.381E-04  5.077E-04  3.377E-04
  316.0000  1.643E-01  1.574E-01  1.505E-01  1.436E-01  1.367E-01  1.299E-01  1.231E-01  1.164E-01  1.098E-01  1.033E-01  9.663E-02  9.037E-02  8.420E-02  7.830E-02  7.240E-02  6.667E-02  6.112E-02  5.576E-02  5.061E-02  4.568E-02  4.097E-02  3.651E-02  3.230E-02  2.836E-02  2.468E-02  2.128E-02  1.817E-02  1.534E-02  1.279E-02  1.053E-02  8.539E-03  6.821E-03  5.359E-03  4.138E-03  3.140E-03  2.343E-03  1.721E-03  1.247E-03  8.926E-04  6.284E-04  4.312E-04  2.861E-04
  317.0000  2.752E-01  2.645E-01  2.537E-01  2.429E-01  2.322E-01  2.214E-01  2.108E-01  2.002E-01  1.896E-01  1.792E-01  1.686E-01  1.585E-01  1.485E-01  1.389E-01  1.293E-01  1.199E-01  1.107E-01  1.018E-01  9.316E-02  8.483E-02  7.683E-02  6.916E-02  6.186E-02  5.494E-02  4.842E-02  4.231E-02  3.664E-02  3.140E-02  2.660E-02  2.226E-02  1.837E-02  1.493E-02  1.193E-02  9.351E-03  7.183E-03  5.399E-03  3.969E-03  2.855E-03  2.010E-03  1.385E-03  9.274E-04  6.004E-04
  318.0000  2.445E-01  2.350E-01  2.255E-01  2.160E-01  2.065E-01  1.971E-01  1.877E-01  1.783E-01  1.690E-01  1.598E-01  1.504E-01  1.415E-01  1.327E-01  1.242E-01  1.157E-01  1.073E-01  9.919E-02  9.128E-02  8.361E-02  7.621E-02  6.908E-02  6.225E-02  5.574E-02  4.956E-02  4.374E-02  3.827E-02  3.318E-02  2.848E-02  2.417E-02  2.025E-02  1.674E-02  1.363E-02  1.091E-02  8.564E-03  6.588E-03  4.957E-03  3.645E-03  2.621E-03  1.843E-03  1.267E-03  8.468E-04  5.470E-04
  319.0000  3.124E-01  3.014E-01  2.903E-01  2.792E-01  2.681E-01  2.569E-01  2.458E-01  2.347E-01  2.236E-01  2.126E-01  2.014E-01  1.906E-01  1.799E-01  1.695E-01  1.591E-01  1.488E-01  1.387E-01  1.288E-01  1.191E-01  1.097E-01  1.005E-01  9.170E-02  8.317E-02  7.498E-02  6.715E-02  5.970E-02  5.266E-02  4.604E-02  3.986E-02  3.412E-02  2.885E-02  2.406E-02  1.974E-02  1.589E-02  1.253E-02  9.632E-03  7.202E-03  5.218E-03  3.654E-03  2.468E-03  1.603E-03  9.998E-04
  320.0000  3.342E-01  3.220E-01  3.097E-01  2.974E-01  2.851E-01  2.728E-01  2.605E-01  2.482E-01  2.361E-01  2.240E-01  2.116E-01  1.998E-01  1.880E-01  1.768E-01  1.654E-01  1.542E-01  1.432E-01  1.325E-01  1.221E-01  1.120E-01  1.022E-01  9.273E-02  8.367E-02  7.500E-02  6.676E-02  5.897E-02  5.164E-02  4.480E-02  3.846E-02  3.263E-02  2.733E-02  2.255E-02  1.830E-02  1.457E-02  1.135E-02  8.636E-03  6.399E-03  4.610E-03  3.225E-03  2.190E-03  1.439E-03  9.115E-04
  321.0000  3.951E-01  3.820E-01  3.689E-01  3.557E-01  3.424E-01  3.291E-01  3.158E-01  3.025E-01  2.893E-01  2.760E-01  2.624E-01  2.493E-01  2.363E-01  2.237E-01  2.109E-01  1.983E-01  1.858E-01  1.736E-01  1.616E-01  1.498E-01  1.383E-01  1.271E-01  1.162E-01  1.057E-01  9.557E-02  8.586E-02  7.658E-02  6.777E-02  5.945E-02  5.163E-02  4.434E-02  3.760E-02  3.141E-02  2.578E-02  2.074E-02  1.628E-02  1.241E-02  9.146E-03  6.473E-03  4.377E-03  2.814E-03  1.720E-03
  322.0000  3.877E-01  3.747E-01  3.616E-01  3.485E-01  3.353E-01  3.220E-01  3.088E-01  2.956E-01  2.824E-01  2.692E-01  2.557E-01  2.427E-01  2.298E-01  2.173E-01  2.047E-01  1.921E-01  1.798E-01  1.677E-01  1.558E-01  1.442E-01  1.329E-01  1.219E-01  1.112E-01  1.009E-01  9.102E-02  8.154E-02  7.251E-02  6.395E-02  5.589E-02  4.834E-02  4.134E-02  3.488E-02  2.899E-02  2.367E-02  1.892E-02  1.476E-02  1.119E-02  8.200E-03  5.781E-03  3.905E-03  2.517E-03  1.548E-03
  323.0000  3.452E-01  3.338E-01  3.222E-01  3.107E-01  2.991E-01  2.874E-01  2.758E-01  2.642E-01  2.525E-01  2.409E-01  2.291E-01  2.176E-01  2.062E-01  1.952E-01  1.840E-01  1.729E-01  1.620E-01  1.512E-01  1.407E-01  1.304E-01  1.203E-01  1.105E-01  1.010E-01  9.182E-02  8.296E-02  7.447E-02  6.636E-02  5.867E-02  5.140E-02  4.459E-02  3.824E-02  3.237E-02  2.700E-02  2.212E-02  1.776E-02  1.391E-02  1.058E-02  7.781E-03  5.497E-03  3.713E-03  2.387E-03  1.461E-03
  324.0000  4.456E-01  4.321E-01  4.184E-01  4.047E-01  3.909E-01  3.770E-01  3.630E-01  3.491E-01  3.351E-01  3.211E-01  3.067E-01  2.928E-01  2.789E-01  2.654E-01  2.516E-01  2.380E-01  2.245E-01  2.111E-01  1.979E-01  1.850E-01  1.722E-01  1.597E-01  1.475E-01  1.356E-01  1.240E-01  1.128E-01  1.020E-01  9.159E-02  8.164E-02  7.217E-02  6.320E-02  5.475E-02  4.683E-02  3.947E-02  3.267E-02  2.647E-02  2.087E-02  1.591E-02  1.163E-02  8.075E-03  5.263E-03  3.207E-03
  325.0000  4.448E-01  4.306E-01  4.163E-01  4.020E-01  3.875E-01  3.730E-01  3.585E-01  3.440E-01  3.294E-01  3.149E-01  3.000E-01  2.856E-01  2.713E-01  2.574E-01  2.432E-01  2.292E-01  2.154E-01  2.017E-01  1.883E-01  1.751E-01  1.622E-01  1.496E-01  1.373E-01  1.254E-01  1.139E-01  1.028E-01  9.218E-02  8.202E-02  7.238E-02  6.327E-02  5.473E-02  4.676E-02  3.940E-02  3.265E-02  2.653E-02  2.105E-02  1.624E-02  1.209E-02  8.641E-03  5.880E-03  3.784E-03  2.303E-03
  326.0000  6.209E-01  6.020E-01  5.829E-01  5.638E-01  5.445E-01  5.251E-01  5.057E-01  4.862E-01  4.667E-01  4.472E-01  4.271E-01  4.077E-01  3.883E-01  3.695E-01  3.503E-01  3.312E-01  3.124E-01  2.937E-01  2.753E-01  2.572E-01  2.394E-01  2.219E-01  2.049E-01  1.883E-01  1.721E-01  1.565E-01  1.414E-01  1.269E-01  1.130E-01  9.981E-02  8.731E-02  7.555E-02  6.454E-02  5.431E-02  4.489E-02  3.630E-02  2.857E-02  2.173E-02  1.585E-02  1.098E-02  7.140E-03  4.345E-03
  327.0000  6.282E-01  6.097E-01  5.911E-01  5.724E-01  5.535E-01  5.346E-01  5.155E-01  4.964E-01  4.773E-01  4.581E-01  4.384E-01  4.192E-01  4.001E-01  3.815E-01  3.625E-01  3.436E-01  3.249E-01  3.063E-01  2.880E-01  2.699E-01  2.521E-01  2.346E-01  2.174E-01  2.007E-01  1.843E-01  1.684E-01  1.530E-01  1.382E-01  1.239E-01  1.103E-01  9.728E-02  8.496E-02  7.334E-02  6.244E-02  5.230E-02  4.292E-02  3.435E-02  2.663E-02  1.981E-02  1.400E-02  9.266E-03  5.707E-03
  328.0000  5.735E-01  5.560E-01  5.383E-01  5.206E-01  5.027E-01  4.848E-01  4.668E-01  4.487E-01  4.306E-01  4.125E-01  3.940E-01  3.760E-01  3.580E-01  3.405E-01  3.227E-01  3.051E-01  2.876E-01  2.703E-01  2.533E-01  2.365E-01  2.200E-01  2.039E-01  1.881E-01  1.727E-01  1.577E-01  1.432E-01  1.293E-01  1.159E-01  1.031E-01  9.093E-02  7.941E-02  6.859E-02  5.848E-02  4.910E-02  4.048E-02  3.265E-02  2.562E-02  1.943E-02  1.412E-02  9.749E-03  6.325E-03  3.846E-03
  329.0000  6.444E-01  6.259E-01  6.072E-01  5.884E-01  5.694E-01  5.504E-01  5.312E-01  5.120E-01  4.927E-01  4.734E-01  4.535E-01  4.342E-01  4.149E-01  3.960E-01  3.768E-01  3.577E-01  3.387E-01  3.199E-01  3.013E-01  2.829E-01  2.647E-01  2.469E-01  2.293E-01  2.122E-01  1.954E-01  1.791E-01  1.632E-01  1.479E-01  1.331E-01  1.189E-01  1.054E-01  9.251E-02  8.032E-02  6.884E-02  5.808E-02  4.807E-02  3.884E-02  3.044E-02  2.293E-02  1.640E-02  1.099E-02  6.831E-03
  330.0000  7.505E-01  7.291E-01  7.075E-01  6.858E-01  6.639E-01  6.419E-01  6.197E-01  5.975E-01  5.752E-01  5.528E-01  5.298E-01  5.074E-01  4.851E-01  4.632E-01  4.410E-01  4.188E-01  3.968E-01  3.750E-01  3.534E-01  3.320E-01  3.109E-01  2.901E-01  2.697E-01  2.497E-01  2.302E-01  2.112E-01  1.927E-01  1.748E-01  1.575E-01  1.410E-01  1.251E-01  1.100E-01  9.571E-02  8.222E-02  6.956E-02  5.775E-02  4.684E-02  3.686E-02  2.790E-02  2.007E-02  1.353E-02  8.458E-03
  331.0000  6.174E-01  5.993E-01  5.811E-01  5.627E-01  5.442E-01  5.256E-01  5.070E-01  4.882E-01  4.694E-01  4.506E-01  4.313E-01  4.124E-01  3.937E-01  3.753E-01  3.567E-01  3.381E-01  3.197E-01  3.015E-01  2.834E-01  2.656E-01  2.480E-01  2.308E-01  2.139E-01  1.973E-01  1.812E-01  1.655E-01  1.503E-01  1.357E-01  1.216E-01  1.081E-01  9.529E-02  8.314E-02  7.169E-02  6.097E-02  5.100E-02  4.179E-02  3.339E-02  2.583E-02  1.918E-02  1.351E-02  8.917E-03  5.475E-03
  332.0000  6.440E-01  6.258E-01  6.075E-01  5.891E-01  5.705E-01  5.517E-01  5.329E-01  5.140E-01  4.950E-01  4.760E-01  4.564E-01  4.374E-01  4.183E-01  3.997E-01  3.807E-01  3.618E-01  3.431E-01  3.244E-01  3.059E-01  2.876E-01  2.696E-01  2.518E-01  2.343E-01  2.172E-01  2.004E-01  1.840E-01  1.681E-01  1.527E-01  1.379E-01  1.236E-01  1.099E-01  9.680E-02  8.441E-02  7.269E-02  6.168E-02  5.139E-02  4.185E-02  3.309E-02  2.518E-02  1.822E-02  1.234E-02  7.757E-03
  333.0000  6.886E-01  6.695E-01  6.502E-01  6.307E-01  6.111E-01  5.913E-01  5.714E-01  5.514E-01  5.314E-01  5.113E-01  4.906E-01  4.704E-01  4.503E-01  4.306E-01  4.105E-01  3.905E-01  3.705E-01  3.507E-01  3.311E-01  3.117E-01  2.925E-01  2.735E-01  2.549E-01  2.366E-01  2.187E-01  2.012E-01  1.842E-01  1.677E-01  1.517E-01  1.364E-01  1.216E-01  1.075E-01  9.410E-02  8.140E-02  6.942E-02  5.818E-02  4.770E-02  3.802E-02  2.920E-02  2.135E-02  1.464E-02  9.305E-03
  334.0000  6.022E-01  5.851E-01  5.678E-01  5.504E-01  5.329E-01  5.152E-01  4.975E-01  4.796E-01  4.618E-01  4.438E-01  4.254E-01  4.075E-01  3.895E-01  3.720E-01  3.541E-01  3.363E-01  3.187E-01  3.011E-01  2.837E-01  2.665E-01  2.496E-01  2.328E-01  2.164E-01  2.003E-01  1.846E-01  1.693E-01  1.544E-01  1.399E-01  1.260E-01  1.127E-01  9.991E-02  8.776E-02  7.625E-02  6.541E-02  5.525E-02  4.579E-02  3.707E-02  2.910E-02  2.197E-02  1.575E-02  1.057E-02  6.582E-03
  335.0000  7.004E-01  6.811E-01  6.616E-01  6.420E-01  6.222E-01  6.022E-01  5.822E-01  5.620E-01  5.417E-01  5.214E-01  5.005E-01  4.801E-01  4.597E-01  4.398E-01  4.194E-01  3.992E-01  3.790E-01  3.589E-01  3.390E-01  3.193E-01  2.998E-01  2.806E-01  2.617E-01  2.431E-01  2.248E-01  2.070E-01  1.897E-01  1.728E-01  1.566E-01  1.408E-01  1.258E-01  1.113E-01  9.761E-02  8.459E-02  7.229E-02  6.074E-02  4.995E-02  3.995E-02  3.081E-02  2.264E-02  1.560E-02  9.964E-03
  336.0000  5.978E-01  5.814E-01  5.649E-01  5.483E-01  5.315E-01  5.146E-01  4.976E-01  4.805E-01  4.633E-01  4.461E-01  4.284E-01  4.111E-01  3.938E-01  3.768E-01  3.595E-01  3.423E-01  3.252E-01  3.081E-01  2.912E-01  2.744E-01  2.578E-01  2.415E-01  2.253E-01  2.095E-01  1.939E-01  1.787E-01  1.639E-01  1.495E-01  1.356E-01  1.222E-01  1.092E-01  9.688E-02  8.509E-02  7.390E-02  6.332E-02  5.336E-02  4.403E-02  3.536E-02  2.741E-02  2.025E-02  1.404E-02  9.029E-03
  337.0000  5.618E-01  5.463E-01  5.305E-01  5.146E-01  4.986E-01  4.825E-01  4.663E-01  4.500E-01  4.336E-01  4.172E-01  4.003E-01  3.838E-01  3.674E-01  3.513E-01  3.348E-01  3.185E-01  3.022E-01  2.860E-01  2.699E-01  2.540E-01  2.383E-01  2.228E-01  2.075E-01  1.925E-01  1.779E-01  1.635E-01  1.496E-01  1.361E-01  1.230E-01  1.104E-01  9.831E-02  8.678E-02  7.582E-02  6.546E-02  5.570E-02  4.657E-02  3.807E-02  3.024E-02  2.314E-02  1.684E-02  1.148E-02  7.253E-03
  338.0000  6.330E-01  6.156E-01  5.980E-01  5.803E-01  5.624E-01  5.444E-01  5.263E-01  5.081E-01  4.898E-01  4.714E-01  4.526E-01  4.341E-01  4.157E-01  3.977E-01  3.793E-01  3.609E-01  3.427E-01  3.245E-01  3.065E-01  2.887E-01  2.710E-01  2.536E-01  2.365E-01  2.196E-01  2.031E-01  1.870E-01  1.712E-01  1.560E-01  1.412E-01  1.270E-01  1.133E-01  1.002E-01  8.777E-02  7.598E-02  6.487E-02  5.443E-02  4.470E-02  3.570E-02  2.748E-02  2.014E-02  1.383E-02  8.805E-03
  339.0000  6.772E-01  6.589E-01  6.404E-01  6.217E-01  6.028E-01  5.838E-01  5.647E-01  5.455E-01  5.261E-01  5.067E-01  4.868E-01  4.673E-01  4.478E-01  4.287E-01  4.093E-01  3.898E-01  3.705E-01  3.512E-01  3.321E-01  3.131E-01  2.944E-01  2.758E-01  2.576E-01  2.396E-01  2.220E-01  2.047E-01  1.879E-01  1.715E-01  1.557E-01  1.404E-01  1.257E-01  1.116E-01  9.811E-02  8.534E-02  7.325E-02  6.185E-02  5.117E-02  4.123E-02  3.207E-02  2.379E-02  1.657E-02  1.070E-02
  340.0000  7.596E-01  7.389E-01  7.180E-01  6.969E-01  6.757E-01  6.542E-01  6.327E-01  6.110E-01  5.892E-01  5.674E-01  5.449E-01  5.230E-01  5.010E-01  4.795E-01  4.576E-01  4.357E-01  4.139E-01  3.922E-01  3.707E-01  3.493E-01  3.282E-01  3.074E-01  2.868E-01  2.666E-01  2.468E-01  2.274E-01  2.085E-01  1.901E-01  1.724E-01  1.552E-01  1.387E-01  1.229E-01  1.079E-01  9.359E-02  8.012E-02  6.744E-02  5.559E-02  4.459E-02  3.450E-02  2.544E-02  1.759E-02  1.127E-02
  341.0000  6.696E-01  6.515E-01  6.332E-01  6.147E-01  5.961E-01  5.773E-01  5.584E-01  5.394E-01  5.203E-01  5.011E-01  4.814E-01  4.622E-01  4.429E-01  4.240E-01  4.047E-01  3.855E-01  3.664E-01  3.473E-01  3.284E-01  3.096E-01  2.911E-01  2.727E-01  2.546E-01  2.368E-01  2.194E-01  2.023E-01  1.856E-01  1.694E-01  1.537E-01  1.385E-01  1.239E-01  1.099E-01  9.663E-02  8.398E-02  7.203E-02  6.077E-02  5.023E-02  4.042E-02  3.139E-02  2.325E-02  1.616E-02  1.041E-02
  342.0000  6.861E-01  6.677E-01  6.490E-01  6.302E-01  6.113E-01  5.922E-01  5.730E-01  5.536E-01  5.342E-01  5.146E-01  4.946E-01  4.749E-01  4.553E-01  4.360E-01  4.164E-01  3.968E-01  3.773E-01  3.578E-01  3.385E-01  3.193E-01  3.004E-01  2.816E-01  2.631E-01  2.449E-01  2.270E-01  2.095E-01  1.924E-01  1.758E-01  1.597E-01  1.441E-01  1.291E-01  1.147E-01  1.010E-01  8.796E-02  7.561E-02  6.398E-02  5.305E-02  4.286E-02  3.345E-02  2.492E-02  1.743E-02  1.130E-02
  343.0000  7.209E-01  7.015E-01  6.820E-01  6.622E-01  6.423E-01  6.223E-01  6.021E-01  5.818E-01  5.613E-01  5.408E-01  5.198E-01  4.992E-01  4.785E-01  4.583E-01  4.376E-01  4.170E-01  3.965E-01  3.761E-01  3.558E-01  3.356E-01  3.157E-01  2.960E-01  2.765E-01  2.574E-01  2.386E-01  2.201E-01  2.022E-01  1.847E-01  1.677E-01  1.513E-01  1.356E-01  1.204E-01  1.060E-01  9.230E-02  7.933E-02  6.710E-02  5.562E-02  4.492E-02  3.504E-02  2.608E-02  1.822E-02  1.180E-02
  344.0000  5.822E-01  5.665E-01  5.506E-01  5.346E-01  5.184E-01  5.021E-01  4.857E-01  4.692E-01  4.526E-01  4.360E-01  4.189E-01  4.021E-01  3.854E-01  3.690E-01  3.522E-01  3.355E-01  3.188E-01  3.023E-01  2.858E-01  2.695E-01  2.533E-01  2.373E-01  2.215E-01  2.060E-01  1.908E-01  1.759E-01  1.614E-01  1.472E-01  1.335E-01  1.203E-01  1.075E-01  9.535E-02  8.374E-02  7.272E-02  6.230E-02  5.251E-02  4.335E-02  3.484E-02  2.701E-02  1.997E-02  1.384E-02  8.882E-03
  345.0000  6.533E-01  6.358E-01  6.182E-01  6.003E-01  5.823E-01  5.642E-01  5.459E-01  5.275E-01  5.091E-01  4.905E-01  4.715E-01  4.528E-01  4.341E-01  4.158E-01  3.971E-01  3.784E-01  3.598E-01  3.413E-01  3.229E-01  3.047E-01  2.866E-01  2.687E-01  2.511E-01  2.337E-01  2.166E-01  1.999E-01  1.836E-01  1.677E-01  1.523E-01  1.374E-01  1.231E-01  1.093E-01  9.621E-02  8.375E-02  7.197E-02  6.086E-02  5.044E-02  4.073E-02  3.177E-02  2.364E-02  1.652E-02  1.069E-02
  346.0000  6.637E-01  6.459E-01  6.279E-01  6.097E-01  5.914E-01  5.729E-01  5.543E-01  5.356E-01  5.168E-01  4.979E-01  4.785E-01  4.594E-01  4.404E-01  4.218E-01  4.027E-01  3.837E-01  3.648E-01  3.459E-01  3.272E-01  3.086E-01  2.902E-01  2.720E-01  2.540E-01  2.363E-01  2.190E-01  2.019E-01  1.853E-01  1.692E-01  1.535E-01  1.384E-01  1.238E-01  1.099E-01  9.656E-02  8.393E-02  7.200E-02  6.076E-02  5.025E-02  4.046E-02  3.145E-02  2.331E-02  1.620E-02  1.043E-02
  347.0000  7.150E-01  6.958E-01  6.765E-01  6.570E-01  6.373E-01  6.174E-01  5.975E-01  5.773E-01  5.571E-01  5.368E-01  5.160E-01  4.955E-01  4.751E-01  4.550E-01  4.346E-01  4.141E-01  3.938E-01  3.735E-01  3.533E-01  3.333E-01  3.135E-01  2.939E-01  2.745E-01  2.555E-01  2.368E-01  2.185E-01  2.006E-01  1.831E-01  1.662E-01  1.499E-01  1.342E-01  1.191E-01  1.047E-01  9.111E-02  7.821E-02  6.607E-02  5.469E-02  4.409E-02  3.433E-02  2.549E-02  1.775E-02  1.145E-02
  348.0000  6.236E-01  6.070E-01  5.902E-01  5.732E-01  5.561E-01  5.388E-01  5.214E-01  5.039E-01  4.863E-01  4.686E-01  4.505E-01  4.327E-01  4.149E-01  3.975E-01  3.796E-01  3.618E-01  3.441E-01  3.264E-01  3.089E-01  2.914E-01  2.742E-01  2.571E-01  2.402E-01  2.236E-01  2.073E-01  1.913E-01  1.757E-01  1.604E-01  1.457E-01  1.314E-01  1.177E-01  1.045E-01  9.195E-02  8.002E-02  6.873E-02  5.811E-02  4.815E-02  3.886E-02  3.030E-02  2.253E-02  1.572E-02  1.016E-02
  349.0000  6.406E-01  6.235E-01  6.063E-01  5.889E-01  5.714E-01  5.537E-01  5.359E-01  5.179E-01  4.999E-01  4.818E-01  4.632E-01  4.449E-01  4.267E-01  4.088E-01  3.905E-01  3.722E-01  3.540E-01  3.359E-01  3.179E-01  3.000E-01  2.822E-01  2.647E-01  2.473E-01  2.303E-01  2.135E-01  1.971E-01  1.810E-01  1.654E-01  1.502E-01  1.355E-01  1.214E-01  1.078E-01  9.488E-02  8.260E-02  7.098E-02  6.004E-02  4.978E-02  4.021E-02  3.138E-02  2.336E-02  1.632E-02  1.056E-02
  350.0000  7.399E-01  7.202E-01  7.003E-01  6.802E-01  6.600E-01  6.395E-01  6.190E-01  5.983E-01  5.774E-01  5.565E-01  5.350E-01  5.140E-01  4.929E-01  4.722E-01  4.511E-01  4.300E-01  4.090E-01  3.880E-01  3.672E-01  3.465E-01  3.260E-01  3.057E-01  2.857E-01  2.660E-01  2.466E-01  2.276E-01  2.090E-01  1.909E-01  1.734E-01  1.564E-01  1.401E-01  1.244E-01  1.094E-01  9.525E-02  8.183E-02  6.918E-02  5.734E-02  4.629E-02  3.610E-02  2.686E-02  1.875E-02  1.211E-02
------------------------------------------------------------
