Spectral Irradiance, W m-2 nm-1
values at z =      3.216 km
Columns: wavelength (nm), solar zenith angles (deg.)
    wc, nm     49.000     50.000     51.000     52.000     53.000     54.000     55.000     56.000     57.000     58.000     59.000     60.000     61.000     62.000     63.000     64.000     65.000     66.000     67.000     68.000     69.000     70.000     71.000     72.000     73.000     74.000     75.000     76.000     77.000     78.000     79.000     80.000     81.000     82.000     83.000     84.000     85.000     86.000     87.000     88.000     89.000     90.000
  280.0000  0.000E+00  0.000E+00  0.000E+00  0.000E+00  0.000E+00  0.000E+00  0.000E+00  0.000E+00  0.000E+00  0.000E+00  0.000E+00  0.000E+00  0.000E+00  0.000E+00  0.000E+00  0.000E+00  0.000E+00  0.000E+00  0.000E+00  0.000E+00  0.000E+00  0.000E+00  0.000E+00  0.000E+00  0.000E+00  0.000E+00  0.000E+00  0.000E+00  0.000E+00  0.000E+00  0.000E+00  0.000E+00  0.000E+00  0.000E+00  0.000E+00  0.000E+00  0.000E+00  0.000E+00  0.000E+00  0.000E+00  0.000E+00  0.000E+00
  281.0000  0.000E+00  0.000E+00  0.000E+00  0.000E+00  0.000E+00  0.000E+00  0.000E+00  0.000E+00  0.000E+00  0.000E+00  0.000E+00  0.000E+00  0.000E+00  0.000E+00  0.000E+00  0.000E+00  0.000E+00  0.000E+00  0.000E+00  0.000E+00  0.000E+00  0.000E+00  0.000E+00  0.000E+00  0.000E+00  0.000E+00  0.000E+00  0.000E+00  0.000E+00  0.000E+00  0.000E+00  0.000E+00  0.000E+00  0.000E+00  0.000E+00  0.000E+00  0.000E+00  0.000E+00  0.000E+00  0.000E+00  0.000E+00  0.000E+00
  282.0000  0.000E+00  0.000E+00  0.000E+00  0.000E+00  0.000E+00  0.000E+00  0.000E+00  0.000E+00  0.000E+00  0.000E+00  0.000E+00  0.000E+00  0.000E+00  0.000E+00  0.000E+00  0.000E+00  0.000E+00  0.000E+00  0.000E+00  0.000E+00  0.000E+00  0.000E+00  0.000E+00  0.000E+00  0.000E+00  0.000E+00  0.000E+00  0.000E+00  0.000E+00  0.000E+00  0.000E+00  0.000E+00  0.000E+00  0.000E+00  0.000E+00  0.000E+00  0.000E+00  0.000E+00  0.000E+00  0.000E+00  0.000E+00  0.000E+00
  283.0000  0.000E+00  0.000E+00  0.000E+00  0.000E+00  0.000E+00  0.000E+00  0.000E+00  0.000E+00  0.000E+00  0.000E+00  0.000E+00  0.000E+00  0.000E+00  0.000E+00  0.000E+00  0.000E+00  0.000E+00  0.000E+00  0.000E+00  0.000E+00  0.000E+00  0.000E+00  0.000E+00  0.000E+00  0.000E+00  0.000E+00  0.000E+00  0.000E+00  0.000E+00  0.000E+00  0.000E+00  0.000E+00  0.000E+00  0.000E+00  0.000E+00  0.000E+00  0.000E+00  0.000E+00  0.000E+00  0.000E+00  0.000E+00  0.000E+00
  284.0000  0.000E+00  0.000E+00  0.000E+00  0.000E+00  0.000E+00  0.000E+00  0.000E+00  0.000E+00  0.000E+00  0.000E+00  0.000E+00  0.000E+00  0.000E+00  0.000E+00  0.000E+00  0.000E+00  0.000E+00  0.000E+00  0.000E+00  0.000E+00  0.000E+00  0.000E+00  0.000E+00  0.000E+00  0.000E+00  0.000E+00  0.000E+00  0.000E+00  0.000E+00  0.000E+00  0.000E+00  0.000E+00  0.000E+00  0.000E+00  0.000E+00  0.000E+00  0.000E+00  0.000E+00  0.000E+00  0.000E+00  0.000E+00  0.000E+00
  285.0000  0.000E+00  0.000E+00  0.000E+00  0.000E+00  0.000E+00  0.000E+00  0.000E+00  0.000E+00  0.000E+00  0.000E+00  0.000E+00  0.000E+00  0.000E+00  0.000E+00  0.000E+00  0.000E+00  0.000E+00  0.000E+00  0.000E+00  0.000E+00  0.000E+00  0.000E+00  0.000E+00  0.000E+00  0.000E+00  0.000E+00  0.000E+00  0.000E+00  0.000E+00  0.000E+00  0.000E+00  0.000E+00  0.000E+00  0.000E+00  0.000E+00  0.000E+00  0.000E+00  0.000E+00  0.000E+00  0.000E+00  0.000E+00  0.000E+00
  286.0000  0.000E+00  0.000E+00  0.000E+00  0.000E+00  0.000E+00  0.000E+00  0.000E+00  0.000E+00  0.000E+00  0.000E+00  0.000E+00  0.000E+00  0.000E+00  0.000E+00  0.000E+00  0.000E+00  0.000E+00  0.000E+00  0.000E+00  0.000E+00  0.000E+00  0.000E+00  0.000E+00  0.000E+00  0.000E+00  0.000E+00  0.000E+00  0.000E+00  0.000E+00  0.000E+00  0.000E+00  0.000E+00  0.000E+00  0.000E+00  0.000E+00  0.000E+00  0.000E+00  0.000E+00  0.000E+00  0.000E+00  0.000E+00  0.000E+00
  287.0000  0.000E+00  0.000E+00  0.000E+00  0.000E+00  0.000E+00  0.000E+00  0.000E+00  0.000E+00  0.000E+00  0.000E+00  0.000E+00  0.000E+00  0.000E+00  0.000E+00  0.000E+00  0.000E+00  0.000E+00  0.000E+00  0.000E+00  0.000E+00  0.000E+00  0.000E+00  0.000E+00  0.000E+00  0.000E+00  0.000E+00  0.000E+00  0.000E+00  0.000E+00  0.000E+00  0.000E+00  0.000E+00  0.000E+00  0.000E+00  0.000E+00  0.000E+00  0.000E+00  0.000E+00  0.000E+00  0.000E+00  0.000E+00  0.000E+00
  288.0000  0.000E+00  0.000E+00  0.000E+00  0.000E+00  0.000E+00  0.000E+00  0.000E+00  0.000E+00  0.000E+00  0.000E+00  0.000E+00  0.000E+00  0.000E+00  0.000E+00  0.000E+00  0.000E+00  0.000E+00  0.000E+00  0.000E+00  0.000E+00  0.000E+00  0.000E+00  0.000E+00  0.000E+00  0.000E+00  0.000E+00  0.000E+00  0.000E+00  0.000E+00  0.000E+00  0.000E+00  0.000E+00  0.000E+00  0.000E+00  0.000E+00  0.000E+00  0.000E+00  0.000E+00  0.000E+00  0.000E+00  0.000E+00  0.000E+00
  289.0000  0.000E+00  0.000E+00  0.000E+00  0.000E+00  0.000E+00  0.000E+00  0.000E+00  0.000E+00  0.000E+00  0.000E+00  0.000E+00  0.000E+00  0.000E+00  0.000E+00  0.000E+00  0.000E+00  0.000E+00  0.000E+00  0.000E+00  0.000E+00  0.000E+00  0.000E+00  0.000E+00  0.000E+00  0.000E+00  0.000E+00  0.000E+00  0.000E+00  0.000E+00  0.000E+00  0.000E+00  0.000E+00  0.000E+00  0.000E+00  0.000E+00  0.000E+00  0.000E+00  0.000E+00  0.000E+00  0.000E+00  0.000E+00  0.000E+00
  290.0000  0.000E+00  0.000E+00  0.000E+00  0.000E+00  0.000E+00  0.000E+00  0.000E+00  0.000E+00  0.000E+00  0.000E+00  0.000E+00  0.000E+00  0.000E+00  0.000E+00  0.000E+00  0.000E+00  0.000E+00  0.000E+00  0.000E+00  0.000E+00  0.000E+00  0.000E+00  0.000E+00  0.000E+00  0.000E+00  0.000E+00  0.000E+00  0.000E+00  0.000E+00  0.000E+00  0.000E+00  0.000E+00  0.000E+00  0.000E+00  0.000E+00  0.000E+00  0.000E+00  0.000E+00  0.000E+00  0.000E+00  0.000E+00  0.000E+00
  291.0000  0.000E+00  0.000E+00  0.000E+00  0.000E+00  0.000E+00  0.000E+00  0.000E+00  0.000E+00  0.000E+00  0.000E+00  0.000E+00  0.000E+00  0.000E+00  0.000E+00  0.000E+00  0.000E+00  0.000E+00  0.000E+00  0.000E+00  0.000E+00  0.000E+00  0.000E+00  0.000E+00  0.000E+00  0.000E+00  0.000E+00  0.000E+00  0.000E+00  0.000E+00  0.000E+00  0.000E+00  0.000E+00  0.000E+00  0.000E+00  0.000E+00  0.000E+00  0.000E+00  0.000E+00  0.000E+00  0.000E+00  0.000E+00  0.000E+00
  292.0000  0.000E+00  0.000E+00  0.000E+00  0.000E+00  0.000E+00  0.000E+00  0.000E+00  0.000E+00  0.000E+00  0.000E+00  0.000E+00  0.000E+00  0.000E+00  0.000E+00  0.000E+00  0.000E+00  0.000E+00  0.000E+00  0.000E+00  0.000E+00  0.000E+00  0.000E+00  0.000E+00  0.000E+00  0.000E+00  0.000E+00  0.000E+00  0.000E+00  0.000E+00  0.000E+00  0.000E+00  0.000E+00  0.000E+00  0.000E+00  0.000E+00  0.000E+00  0.000E+00  0.000E+00  0.000E+00  0.000E+00  0.000E+00  0.000E+00
  293.0000  0.000E+00  0.000E+00  0.000E+00  0.000E+00  0.000E+00  0.000E+00  0.000E+00  0.000E+00  0.000E+00  0.000E+00  0.000E+00  0.000E+00  0.000E+00  0.000E+00  0.000E+00  0.000E+00  0.000E+00  0.000E+00  0.000E+00  0.000E+00  0.000E+00  0.000E+00  0.000E+00  0.000E+00  0.000E+00  0.000E+00  0.000E+00  0.000E+00  0.000E+00  0.000E+00  0.000E+00  0.000E+00  0.000E+00  0.000E+00  0.000E+00  0.000E+00  0.000E+00  0.000E+00  0.000E+00  0.000E+00  0.000E+00  0.000E+00
  294.0000  0.000E+00  0.000E+00  0.000E+00  0.000E+00  0.000E+00  0.000E+00  0.000E+00  0.000E+00  0.000E+00  0.000E+00  0.000E+00  0.000E+00  0.000E+00  0.000E+00  0.000E+00  0.000E+00  0.000E+00  0.000E+00  0.000E+00  0.000E+00  0.000E+00  0.000E+00  0.000E+00  0.000E+00  0.000E+00  0.000E+00  0.000E+00  0.000E+00  0.000E+00  0.000E+00  0.000E+00  0.000E+00  0.000E+00  0.000E+00  0.000E+00  0.000E+00  0.000E+00  0.000E+00  0.000E+00  0.000E+00  0.000E+00  0.000E+00
  295.0000  1.593E-07  1.164E-07  8.371E-08  5.913E-08  4.100E-08  2.788E-08  1.856E-08  1.209E-08  7.691E-09  4.778E-09  2.912E-09  1.673E-09  9.831E-10  5.608E-10  3.154E-10  1.773E-10  1.019E-10  6.141E-11  3.969E-11  2.781E-11  2.099E-11  1.677E-11  1.394E-11  1.188E-11  1.030E-11  9.041E-12  8.000E-12  7.124E-12  6.374E-12  5.723E-12  5.150E-12  4.639E-12  4.177E-12  3.755E-12  3.364E-12  2.998E-12  2.651E-12  2.317E-12  1.992E-12  1.672E-12  1.354E-12  1.046E-12
  296.0000  1.487E-06  1.132E-06  8.500E-07  6.287E-07  4.576E-07  3.275E-07  2.302E-07  1.587E-07  1.073E-07  7.103E-08  4.584E-08  2.863E-08  1.800E-08  1.103E-08  6.641E-09  3.964E-09  2.380E-09  1.462E-09  9.368E-10  6.371E-10  4.628E-10  3.570E-10  2.888E-10  2.416E-10  2.067E-10  1.796E-10  1.576E-10  1.393E-10  1.239E-10  1.106E-10  9.894E-11  8.867E-11  7.947E-11  7.114E-11  6.349E-11  5.638E-11  4.968E-11  4.329E-11  3.712E-11  3.108E-11  2.513E-11  1.939E-11
  297.0000  3.878E-06  3.037E-06  2.348E-06  1.791E-06  1.347E-06  9.981E-07  7.277E-07  5.216E-07  3.673E-07  2.539E-07  1.736E-07  1.125E-07  7.407E-08  4.763E-08  3.009E-08  1.877E-08  1.168E-08  7.345E-09  4.737E-09  3.185E-09  2.259E-09  1.695E-09  1.338E-09  1.098E-09  9.266E-10  7.967E-10  6.939E-10  6.097E-10  5.390E-10  4.787E-10  4.264E-10  3.805E-10  3.397E-10  3.029E-10  2.694E-10  2.385E-10  2.095E-10  1.821E-10  1.557E-10  1.301E-10  1.050E-10  8.094E-11
  298.0000  2.562E-05  2.069E-05  1.653E-05  1.305E-05  1.018E-05  7.832E-06  5.945E-06  4.447E-06  3.276E-06  2.373E-06  1.687E-06  1.167E-06  8.092E-07  5.495E-07  3.665E-07  2.409E-07  1.570E-07  1.022E-07  6.723E-08  4.522E-08  3.152E-08  2.297E-08  1.755E-08  1.399E-08  1.154E-08  9.759E-09  8.395E-09  7.305E-09  6.407E-09  5.650E-09  5.000E-09  4.435E-09  3.936E-09  3.492E-09  3.090E-09  2.723E-09  2.382E-09  2.062E-09  1.757E-09  1.463E-09  1.178E-09  9.063E-10
  299.0000  6.663E-05  5.496E-05  4.489E-05  3.629E-05  2.901E-05  2.292E-05  1.789E-05  1.378E-05  1.046E-05  7.832E-06  5.822E-06  4.137E-06  2.973E-06  2.097E-06  1.453E-06  9.915E-07  6.692E-07  4.490E-07  3.016E-07  2.049E-07  1.423E-07  1.022E-07  7.634E-08  5.942E-08  4.798E-08  3.988E-08  3.387E-08  2.919E-08  2.541E-08  2.226E-08  1.959E-08  1.728E-08  1.526E-08  1.347E-08  1.187E-08  1.042E-08  9.080E-09  7.833E-09  6.654E-09  5.525E-09  4.436E-09  3.406E-09
  300.0000  1.756E-04  1.483E-04  1.242E-04  1.030E-04  8.464E-05  6.885E-05  5.539E-05  4.404E-05  3.462E-05  2.685E-05  2.050E-05  1.535E-05  1.148E-05  8.442E-06  6.109E-06  4.351E-06  3.061E-06  2.133E-06  1.478E-06  1.025E-06  7.176E-07  5.117E-07  3.750E-07  2.842E-07  2.231E-07  1.808E-07  1.504E-07  1.276E-07  1.097E-07  9.520E-08  8.308E-08  7.275E-08  6.381E-08  5.597E-08  4.901E-08  4.275E-08  3.706E-08  3.181E-08  2.689E-08  2.224E-08  1.779E-08  1.362E-08
  301.0000  5.308E-04  4.562E-04  3.892E-04  3.293E-04  2.763E-04  2.297E-04  1.891E-04  1.541E-04  1.243E-04  9.906E-05  7.844E-05  6.010E-05  4.633E-05  3.519E-05  2.632E-05  1.939E-05  1.410E-05  1.014E-05  7.229E-06  5.129E-06  3.642E-06  2.608E-06  1.899E-06  1.416E-06  1.087E-06  8.606E-07  7.010E-07  5.843E-07  4.956E-07  4.255E-07  3.681E-07  3.199E-07  2.787E-07  2.429E-07  2.114E-07  1.834E-07  1.581E-07  1.350E-07  1.136E-07  9.353E-08  7.453E-08  5.688E-08
  302.0000  1.004E-03  8.758E-04  7.592E-04  6.534E-04  5.581E-04  4.728E-04  3.971E-04  3.305E-04  2.725E-04  2.222E-04  1.791E-04  1.420E-04  1.123E-04  8.774E-05  6.757E-05  5.128E-05  3.842E-05  2.845E-05  2.084E-05  1.514E-05  1.096E-05  7.933E-06  5.787E-06  4.283E-06  3.238E-06  2.512E-06  2.002E-06  1.636E-06  1.366E-06  1.157E-06  9.910E-07  8.541E-07  7.387E-07  6.395E-07  5.530E-07  4.767E-07  4.086E-07  3.469E-07  2.904E-07  2.379E-07  1.888E-07  1.435E-07
  303.0000  3.216E-03  2.851E-03  2.512E-03  2.200E-03  1.913E-03  1.653E-03  1.416E-03  1.204E-03  1.016E-03  8.485E-04  6.968E-04  5.712E-04  4.643E-04  3.732E-04  2.961E-04  2.318E-04  1.792E-04  1.369E-04  1.034E-04  7.733E-05  5.735E-05  4.231E-05  3.120E-05  2.312E-05  1.732E-05  1.321E-05  1.029E-05  8.209E-06  6.697E-06  5.567E-06  4.694E-06  3.996E-06  3.421E-06  2.935E-06  2.516E-06  2.152E-06  1.830E-06  1.542E-06  1.282E-06  1.043E-06  8.228E-07  6.225E-07
  304.0000  4.949E-03  4.431E-03  3.945E-03  3.492E-03  3.073E-03  2.686E-03  2.332E-03  2.010E-03  1.719E-03  1.458E-03  1.230E-03  1.015E-03  8.390E-04  6.867E-04  5.553E-04  4.433E-04  3.499E-04  2.729E-04  2.104E-04  1.605E-04  1.212E-04  9.082E-05  6.775E-05  5.052E-05  3.786E-05  2.868E-05  2.208E-05  1.734E-05  1.392E-05  1.139E-05  9.482E-06  7.987E-06  6.778E-06  5.773E-06  4.918E-06  4.180E-06  3.533E-06  2.960E-06  2.447E-06  1.981E-06  1.555E-06  1.172E-06
  305.0000  1.044E-02  9.467E-03  8.540E-03  7.666E-03  6.844E-03  6.075E-03  5.361E-03  4.700E-03  4.092E-03  3.538E-03  3.040E-03  2.567E-03  2.169E-03  1.817E-03  1.505E-03  1.233E-03  9.991E-04  8.007E-04  6.345E-04  4.972E-04  3.854E-04  2.958E-04  2.252E-04  1.705E-04  1.287E-04  9.748E-05  7.435E-05  5.743E-05  4.510E-05  3.607E-05  2.937E-05  2.427E-05  2.028E-05  1.705E-05  1.436E-05  1.208E-05  1.012E-05  8.396E-06  6.878E-06  5.522E-06  4.301E-06  3.218E-06
  306.0000  1.296E-02  1.184E-02  1.077E-02  9.751E-03  8.786E-03  7.876E-03  7.022E-03  6.223E-03  5.481E-03  4.796E-03  4.169E-03  3.574E-03  3.062E-03  2.603E-03  2.191E-03  1.824E-03  1.503E-03  1.226E-03  9.892E-04  7.893E-04  6.230E-04  4.865E-04  3.762E-04  2.886E-04  2.201E-04  1.675E-04  1.276E-04  9.796E-05  7.604E-05  5.991E-05  4.799E-05  3.906E-05  3.219E-05  2.676E-05  2.234E-05  1.864E-05  1.549E-05  1.276E-05  1.038E-05  8.275E-06  6.404E-06  4.766E-06
  307.0000  2.237E-02  2.061E-02  1.891E-02  1.728E-02  1.573E-02  1.425E-02  1.284E-02  1.151E-02  1.026E-02  9.092E-03  7.962E-03  6.971E-03  6.060E-03  5.234E-03  4.477E-03  3.793E-03  3.184E-03  2.646E-03  2.177E-03  1.773E-03  1.428E-03  1.137E-03  8.964E-04  6.996E-04  5.413E-04  4.160E-04  3.187E-04  2.442E-04  1.880E-04  1.460E-04  1.149E-04  9.172E-05  7.422E-05  6.072E-05  5.000E-05  4.125E-05  3.392E-05  2.768E-05  2.230E-05  1.762E-05  1.352E-05  9.989E-06
  308.0000  3.428E-02  3.182E-02  2.944E-02  2.713E-02  2.490E-02  2.277E-02  2.072E-02  1.877E-02  1.692E-02  1.517E-02  1.349E-02  1.193E-02  1.051E-02  9.209E-03  7.996E-03  6.883E-03  5.876E-03  4.971E-03  4.166E-03  3.456E-03  2.838E-03  2.305E-03  1.853E-03  1.473E-03  1.159E-03  9.034E-04  6.991E-04  5.383E-04  4.140E-04  3.192E-04  2.477E-04  1.943E-04  1.542E-04  1.239E-04  1.003E-04  8.161E-05  6.631E-05  5.351E-05  4.265E-05  3.335E-05  2.534E-05  1.855E-05
  309.0000  4.123E-02  3.843E-02  3.571E-02  3.307E-02  3.051E-02  2.803E-02  2.566E-02  2.337E-02  2.119E-02  1.912E-02  1.712E-02  1.526E-02  1.354E-02  1.196E-02  1.047E-02  9.093E-03  7.835E-03  6.693E-03  5.667E-03  4.752E-03  3.945E-03  3.241E-03  2.634E-03  2.117E-03  1.684E-03  1.325E-03  1.033E-03  8.001E-04  6.166E-04  4.747E-04  3.665E-04  2.849E-04  2.236E-04  1.775E-04  1.421E-04  1.145E-04  9.221E-05  7.385E-05  5.844E-05  4.538E-05  3.424E-05  2.492E-05
  310.0000  5.339E-02  5.016E-02  4.699E-02  4.388E-02  4.085E-02  3.790E-02  3.503E-02  3.225E-02  2.957E-02  2.700E-02  2.445E-02  2.211E-02  1.990E-02  1.784E-02  1.586E-02  1.400E-02  1.227E-02  1.068E-02  9.220E-03  7.890E-03  6.691E-03  5.618E-03  4.670E-03  3.839E-03  3.122E-03  2.510E-03  1.996E-03  1.570E-03  1.224E-03  9.472E-04  7.295E-04  5.611E-04  4.328E-04  3.357E-04  2.623E-04  2.063E-04  1.627E-04  1.279E-04  9.953E-05  7.602E-05  5.646E-05  4.049E-05
  311.0000  1.003E-01  9.451E-02  8.882E-02  8.324E-02  7.777E-02  7.243E-02  6.721E-02  6.216E-02  5.726E-02  5.252E-02  4.783E-02  4.347E-02  3.934E-02  3.548E-02  3.173E-02  2.821E-02  2.490E-02  2.183E-02  1.900E-02  1.639E-02  1.402E-02  1.188E-02  9.968E-03  8.275E-03  6.795E-03  5.516E-03  4.426E-03  3.512E-03  2.756E-03  2.143E-03  1.654E-03  1.271E-03  9.754E-04  7.505E-04  5.804E-04  4.514E-04  3.523E-04  2.744E-04  2.117E-04  1.604E-04  1.182E-04  8.410E-05
  312.0000  1.048E-01  9.922E-02  9.369E-02  8.823E-02  8.286E-02  7.759E-02  7.242E-02  6.738E-02  6.246E-02  5.769E-02  5.289E-02  4.847E-02  4.422E-02  4.021E-02  3.629E-02  3.256E-02  2.905E-02  2.574E-02  2.265E-02  1.978E-02  1.713E-02  1.471E-02  1.252E-02  1.054E-02  8.783E-03  7.237E-03  5.894E-03  4.742E-03  3.769E-03  2.961E-03  2.302E-03  1.773E-03  1.357E-03  1.035E-03  7.895E-04  6.037E-04  4.627E-04  3.543E-04  2.692E-04  2.011E-04  1.462E-04  1.027E-04
  313.0000  1.366E-01  1.299E-01  1.232E-01  1.166E-01  1.100E-01  1.036E-01  9.720E-02  9.096E-02  8.485E-02  7.888E-02  7.276E-02  6.725E-02  6.182E-02  5.667E-02  5.159E-02  4.673E-02  4.209E-02  3.769E-02  3.354E-02  2.964E-02  2.599E-02  2.262E-02  1.951E-02  1.667E-02  1.410E-02  1.180E-02  9.765E-03  7.982E-03  6.442E-03  5.132E-03  4.035E-03  3.133E-03  2.406E-03  1.830E-03  1.384E-03  1.043E-03  7.847E-04  5.892E-04  4.395E-04  3.227E-04  2.307E-04  1.594E-04
  314.0000  1.580E-01  1.504E-01  1.429E-01  1.355E-01  1.281E-01  1.208E-01  1.137E-01  1.066E-01  9.968E-02  9.290E-02  8.598E-02  7.965E-02  7.342E-02  6.752E-02  6.167E-02  5.606E-02  5.069E-02  4.557E-02  4.072E-02  3.614E-02  3.185E-02  2.785E-02  2.415E-02  2.075E-02  1.766E-02  1.487E-02  1.238E-02  1.018E-02  8.269E-03  6.626E-03  5.238E-03  4.084E-03  3.144E-03  2.393E-03  1.805E-03  1.354E-03  1.011E-03  7.533E-04  5.573E-04  4.061E-04  2.882E-04  1.977E-04
  315.0000  1.900E-01  1.817E-01  1.735E-01  1.653E-01  1.572E-01  1.491E-01  1.411E-01  1.332E-01  1.254E-01  1.177E-01  1.098E-01  1.025E-01  9.528E-02  8.839E-02  8.151E-02  7.485E-02  6.841E-02  6.221E-02  5.627E-02  5.060E-02  4.521E-02  4.012E-02  3.534E-02  3.088E-02  2.675E-02  2.294E-02  1.947E-02  1.634E-02  1.355E-02  1.108E-02  8.934E-03  7.093E-03  5.541E-03  4.259E-03  3.222E-03  2.401E-03  1.767E-03  1.287E-03  9.271E-04  6.577E-04  4.548E-04  3.041E-04
  316.0000  1.569E-01  1.502E-01  1.434E-01  1.367E-01  1.301E-01  1.235E-01  1.169E-01  1.104E-01  1.040E-01  9.772E-02  9.128E-02  8.525E-02  7.931E-02  7.364E-02  6.798E-02  6.248E-02  5.717E-02  5.205E-02  4.713E-02  4.244E-02  3.797E-02  3.374E-02  2.977E-02  2.605E-02  2.260E-02  1.942E-02  1.651E-02  1.389E-02  1.153E-02  9.451E-03  7.634E-03  6.072E-03  4.751E-03  3.656E-03  2.768E-03  2.063E-03  1.517E-03  1.103E-03  7.924E-04  5.607E-04  3.868E-04  2.580E-04
  317.0000  2.652E-01  2.547E-01  2.441E-01  2.336E-01  2.231E-01  2.126E-01  2.022E-01  1.918E-01  1.816E-01  1.714E-01  1.611E-01  1.513E-01  1.416E-01  1.323E-01  1.229E-01  1.138E-01  1.049E-01  9.634E-02  8.801E-02  7.999E-02  7.229E-02  6.494E-02  5.795E-02  5.134E-02  4.512E-02  3.932E-02  3.394E-02  2.899E-02  2.448E-02  2.040E-02  1.677E-02  1.358E-02  1.080E-02  8.436E-03  6.457E-03  4.841E-03  3.554E-03  2.557E-03  1.805E-03  1.248E-03  8.400E-04  5.466E-04
  318.0000  2.358E-01  2.265E-01  2.172E-01  2.079E-01  1.987E-01  1.894E-01  1.802E-01  1.711E-01  1.620E-01  1.531E-01  1.439E-01  1.352E-01  1.266E-01  1.184E-01  1.101E-01  1.020E-01  9.416E-02  8.651E-02  7.911E-02  7.197E-02  6.511E-02  5.855E-02  5.231E-02  4.640E-02  4.083E-02  3.563E-02  3.080E-02  2.634E-02  2.228E-02  1.860E-02  1.532E-02  1.242E-02  9.900E-03  7.743E-03  5.935E-03  4.453E-03  3.270E-03  2.351E-03  1.657E-03  1.144E-03  7.679E-04  4.986E-04
  319.0000  3.046E-01  2.937E-01  2.828E-01  2.719E-01  2.609E-01  2.499E-01  2.389E-01  2.280E-01  2.171E-01  2.063E-01  1.952E-01  1.846E-01  1.741E-01  1.640E-01  1.537E-01  1.436E-01  1.337E-01  1.240E-01  1.146E-01  1.054E-01  9.647E-02  8.785E-02  7.955E-02  7.159E-02  6.399E-02  5.678E-02  4.997E-02  4.359E-02  3.764E-02  3.213E-02  2.709E-02  2.251E-02  1.841E-02  1.477E-02  1.160E-02  8.885E-03  6.621E-03  4.785E-03  3.347E-03  2.262E-03  1.473E-03  9.222E-04
  320.0000  3.245E-01  3.124E-01  3.004E-01  2.882E-01  2.761E-01  2.640E-01  2.520E-01  2.400E-01  2.280E-01  2.162E-01  2.040E-01  1.925E-01  1.810E-01  1.700E-01  1.588E-01  1.479E-01  1.372E-01  1.268E-01  1.167E-01  1.068E-01  9.734E-02  8.819E-02  7.942E-02  7.105E-02  6.310E-02  5.560E-02  4.857E-02  4.202E-02  3.597E-02  3.042E-02  2.539E-02  2.087E-02  1.687E-02  1.338E-02  1.039E-02  7.876E-03  5.820E-03  4.186E-03  2.930E-03  1.994E-03  1.315E-03  8.367E-04
  321.0000  3.879E-01  3.749E-01  3.619E-01  3.489E-01  3.357E-01  3.226E-01  3.094E-01  2.963E-01  2.831E-01  2.700E-01  2.566E-01  2.437E-01  2.308E-01  2.184E-01  2.058E-01  1.933E-01  1.810E-01  1.689E-01  1.571E-01  1.455E-01  1.342E-01  1.232E-01  1.125E-01  1.022E-01  9.230E-02  8.280E-02  7.374E-02  6.514E-02  5.703E-02  4.943E-02  4.235E-02  3.582E-02  2.984E-02  2.442E-02  1.958E-02  1.532E-02  1.164E-02  8.547E-03  6.032E-03  4.072E-03  2.618E-03  1.603E-03
  322.0000  3.800E-01  3.671E-01  3.542E-01  3.412E-01  3.281E-01  3.150E-01  3.019E-01  2.889E-01  2.758E-01  2.628E-01  2.495E-01  2.367E-01  2.240E-01  2.116E-01  1.992E-01  1.868E-01  1.747E-01  1.628E-01  1.511E-01  1.397E-01  1.286E-01  1.178E-01  1.074E-01  9.728E-02  8.760E-02  7.835E-02  6.955E-02  6.122E-02  5.339E-02  4.608E-02  3.930E-02  3.307E-02  2.740E-02  2.230E-02  1.777E-02  1.382E-02  1.043E-02  7.622E-03  5.361E-03  3.617E-03  2.333E-03  1.439E-03
  323.0000  3.388E-01  3.274E-01  3.160E-01  3.046E-01  2.931E-01  2.816E-01  2.701E-01  2.586E-01  2.471E-01  2.356E-01  2.239E-01  2.125E-01  2.013E-01  1.904E-01  1.793E-01  1.684E-01  1.577E-01  1.471E-01  1.367E-01  1.266E-01  1.167E-01  1.071E-01  9.774E-02  8.873E-02  8.006E-02  7.175E-02  6.384E-02  5.633E-02  4.926E-02  4.263E-02  3.648E-02  3.080E-02  2.561E-02  2.092E-02  1.674E-02  1.307E-02  9.908E-03  7.260E-03  5.116E-03  3.450E-03  2.219E-03  1.361E-03
  324.0000  4.412E-01  4.277E-01  4.141E-01  4.004E-01  3.867E-01  3.729E-01  3.590E-01  3.451E-01  3.312E-01  3.173E-01  3.030E-01  2.891E-01  2.753E-01  2.619E-01  2.483E-01  2.347E-01  2.213E-01  2.080E-01  1.949E-01  1.821E-01  1.694E-01  1.570E-01  1.449E-01  1.331E-01  1.217E-01  1.106E-01  9.989E-02  8.962E-02  7.981E-02  7.047E-02  6.163E-02  5.331E-02  4.552E-02  3.829E-02  3.163E-02  2.556E-02  2.011E-02  1.529E-02  1.114E-02  7.711E-03  5.013E-03  3.051E-03
  325.0000  4.382E-01  4.241E-01  4.099E-01  3.957E-01  3.813E-01  3.670E-01  3.526E-01  3.381E-01  3.237E-01  3.093E-01  2.946E-01  2.803E-01  2.661E-01  2.523E-01  2.383E-01  2.245E-01  2.108E-01  1.973E-01  1.840E-01  1.710E-01  1.583E-01  1.459E-01  1.338E-01  1.220E-01  1.107E-01  9.980E-02  8.935E-02  7.939E-02  6.995E-02  6.104E-02  5.269E-02  4.493E-02  3.776E-02  3.121E-02  2.529E-02  2.000E-02  1.538E-02  1.142E-02  8.132E-03  5.520E-03  3.549E-03  2.160E-03
  326.0000  6.145E-01  5.957E-01  5.768E-01  5.577E-01  5.385E-01  5.192E-01  4.999E-01  4.805E-01  4.611E-01  4.417E-01  4.218E-01  4.025E-01  3.832E-01  3.645E-01  3.454E-01  3.265E-01  3.078E-01  2.893E-01  2.710E-01  2.531E-01  2.354E-01  2.181E-01  2.012E-01  1.848E-01  1.688E-01  1.533E-01  1.384E-01  1.241E-01  1.104E-01  9.737E-02  8.506E-02  7.349E-02  6.267E-02  5.264E-02  4.342E-02  3.502E-02  2.749E-02  2.085E-02  1.516E-02  1.047E-02  6.793E-03  4.129E-03
  327.0000  6.239E-01  6.055E-01  5.869E-01  5.683E-01  5.495E-01  5.306E-01  5.116E-01  4.925E-01  4.734E-01  4.543E-01  4.347E-01  4.156E-01  3.966E-01  3.780E-01  3.591E-01  3.403E-01  3.217E-01  3.033E-01  2.850E-01  2.670E-01  2.493E-01  2.319E-01  2.148E-01  1.982E-01  1.819E-01  1.661E-01  1.509E-01  1.361E-01  1.220E-01  1.085E-01  9.559E-02  8.340E-02  7.190E-02  6.114E-02  5.113E-02  4.189E-02  3.346E-02  2.588E-02  1.921E-02  1.354E-02  8.938E-03  5.493E-03
  328.0000  5.673E-01  5.499E-01  5.323E-01  5.147E-01  4.969E-01  4.791E-01  4.612E-01  4.432E-01  4.252E-01  4.072E-01  3.888E-01  3.709E-01  3.531E-01  3.357E-01  3.181E-01  3.005E-01  2.832E-01  2.661E-01  2.492E-01  2.325E-01  2.162E-01  2.002E-01  1.845E-01  1.693E-01  1.545E-01  1.402E-01  1.264E-01  1.132E-01  1.006E-01  8.859E-02  7.726E-02  6.662E-02  5.669E-02  4.751E-02  3.908E-02  3.144E-02  2.460E-02  1.860E-02  1.348E-02  9.277E-03  6.006E-03  3.648E-03
  329.0000  6.411E-01  6.227E-01  6.041E-01  5.853E-01  5.664E-01  5.474E-01  5.283E-01  5.091E-01  4.898E-01  4.706E-01  4.508E-01  4.315E-01  4.122E-01  3.935E-01  3.743E-01  3.553E-01  3.363E-01  3.176E-01  2.990E-01  2.807E-01  2.626E-01  2.448E-01  2.273E-01  2.102E-01  1.936E-01  1.773E-01  1.615E-01  1.463E-01  1.316E-01  1.175E-01  1.041E-01  9.128E-02  7.918E-02  6.779E-02  5.713E-02  4.723E-02  3.810E-02  2.981E-02  2.241E-02  1.599E-02  1.069E-02  6.631E-03
  330.0000  7.473E-01  7.259E-01  7.044E-01  6.827E-01  6.608E-01  6.389E-01  6.168E-01  5.946E-01  5.723E-01  5.500E-01  5.270E-01  5.047E-01  4.824E-01  4.606E-01  4.384E-01  4.163E-01  3.944E-01  3.726E-01  3.511E-01  3.298E-01  3.087E-01  2.880E-01  2.677E-01  2.478E-01  2.283E-01  2.094E-01  1.910E-01  1.732E-01  1.560E-01  1.395E-01  1.237E-01  1.087E-01  9.453E-02  8.113E-02  6.857E-02  5.687E-02  4.606E-02  3.619E-02  2.734E-02  1.963E-02  1.320E-02  8.240E-03
  331.0000  6.130E-01  5.950E-01  5.769E-01  5.586E-01  5.401E-01  5.216E-01  5.030E-01  4.843E-01  4.656E-01  4.468E-01  4.276E-01  4.088E-01  3.901E-01  3.719E-01  3.533E-01  3.348E-01  3.165E-01  2.984E-01  2.804E-01  2.627E-01  2.452E-01  2.281E-01  2.112E-01  1.948E-01  1.788E-01  1.632E-01  1.481E-01  1.336E-01  1.196E-01  1.063E-01  9.360E-02  8.157E-02  7.025E-02  5.966E-02  4.982E-02  4.076E-02  3.250E-02  2.508E-02  1.858E-02  1.305E-02  8.592E-03  5.265E-03
  332.0000  6.417E-01  6.236E-01  6.053E-01  5.869E-01  5.683E-01  5.496E-01  5.308E-01  5.119E-01  4.930E-01  4.740E-01  4.545E-01  4.354E-01  4.164E-01  3.979E-01  3.789E-01  3.601E-01  3.413E-01  3.227E-01  3.043E-01  2.861E-01  2.680E-01  2.503E-01  2.329E-01  2.158E-01  1.991E-01  1.828E-01  1.669E-01  1.516E-01  1.368E-01  1.225E-01  1.089E-01  9.588E-02  8.355E-02  7.190E-02  6.096E-02  5.074E-02  4.127E-02  3.259E-02  2.476E-02  1.788E-02  1.210E-02  7.587E-03
  333.0000  6.870E-01  6.679E-01  6.486E-01  6.291E-01  6.095E-01  5.898E-01  5.699E-01  5.500E-01  5.299E-01  5.098E-01  4.892E-01  4.691E-01  4.489E-01  4.293E-01  4.092E-01  3.892E-01  3.693E-01  3.495E-01  3.299E-01  3.105E-01  2.914E-01  2.725E-01  2.539E-01  2.356E-01  2.178E-01  2.003E-01  1.833E-01  1.669E-01  1.509E-01  1.356E-01  1.209E-01  1.068E-01  9.347E-02  8.081E-02  6.888E-02  5.769E-02  4.726E-02  3.763E-02  2.887E-02  2.109E-02  1.444E-02  9.165E-03
  334.0000  5.994E-01  5.824E-01  5.651E-01  5.478E-01  5.303E-01  5.127E-01  4.950E-01  4.772E-01  4.593E-01  4.414E-01  4.231E-01  4.051E-01  3.872E-01  3.698E-01  3.520E-01  3.342E-01  3.166E-01  2.991E-01  2.818E-01  2.646E-01  2.477E-01  2.311E-01  2.147E-01  1.987E-01  1.830E-01  1.677E-01  1.529E-01  1.386E-01  1.247E-01  1.114E-01  9.875E-02  8.668E-02  7.525E-02  6.449E-02  5.442E-02  4.505E-02  3.641E-02  2.854E-02  2.150E-02  1.539E-02  1.030E-02  6.402E-03
  335.0000  6.991E-01  6.799E-01  6.604E-01  6.408E-01  6.210E-01  6.010E-01  5.810E-01  5.608E-01  5.406E-01  5.203E-01  4.994E-01  4.790E-01  4.587E-01  4.388E-01  4.184E-01  3.982E-01  3.780E-01  3.580E-01  3.381E-01  3.184E-01  2.989E-01  2.797E-01  2.608E-01  2.423E-01  2.241E-01  2.063E-01  1.890E-01  1.722E-01  1.559E-01  1.402E-01  1.252E-01  1.108E-01  9.710E-02  8.411E-02  7.186E-02  6.035E-02  4.959E-02  3.964E-02  3.055E-02  2.242E-02  1.543E-02  9.846E-03
  336.0000  5.970E-01  5.807E-01  5.642E-01  5.476E-01  5.308E-01  5.139E-01  4.969E-01  4.798E-01  4.627E-01  4.454E-01  4.277E-01  4.104E-01  3.931E-01  3.762E-01  3.590E-01  3.417E-01  3.246E-01  3.076E-01  2.907E-01  2.739E-01  2.573E-01  2.410E-01  2.249E-01  2.090E-01  1.935E-01  1.783E-01  1.635E-01  1.492E-01  1.352E-01  1.218E-01  1.089E-01  9.656E-02  8.479E-02  7.362E-02  6.306E-02  5.312E-02  4.382E-02  3.518E-02  2.725E-02  2.012E-02  1.394E-02  8.955E-03
  337.0000  5.603E-01  5.447E-01  5.290E-01  5.131E-01  4.971E-01  4.810E-01  4.648E-01  4.486E-01  4.322E-01  4.158E-01  3.990E-01  3.825E-01  3.661E-01  3.500E-01  3.336E-01  3.172E-01  3.010E-01  2.848E-01  2.688E-01  2.529E-01  2.372E-01  2.218E-01  2.065E-01  1.916E-01  1.769E-01  1.626E-01  1.487E-01  1.352E-01  1.222E-01  1.097E-01  9.762E-02  8.613E-02  7.522E-02  6.490E-02  5.519E-02  4.610E-02  3.766E-02  2.988E-02  2.283E-02  1.660E-02  1.130E-02  7.125E-03
  338.0000  6.317E-01  6.143E-01  5.968E-01  5.791E-01  5.612E-01  5.432E-01  5.251E-01  5.069E-01  4.886E-01  4.703E-01  4.515E-01  4.331E-01  4.146E-01  3.966E-01  3.783E-01  3.599E-01  3.417E-01  3.236E-01  3.056E-01  2.878E-01  2.702E-01  2.528E-01  2.356E-01  2.188E-01  2.023E-01  1.862E-01  1.705E-01  1.553E-01  1.405E-01  1.263E-01  1.127E-01  9.966E-02  8.726E-02  7.551E-02  6.443E-02  5.404E-02  4.435E-02  3.538E-02  2.721E-02  1.992E-02  1.367E-02  8.689E-03
  339.0000  6.767E-01  6.584E-01  6.399E-01  6.212E-01  6.023E-01  5.833E-01  5.642E-01  5.450E-01  5.257E-01  5.063E-01  4.864E-01  4.669E-01  4.474E-01  4.283E-01  4.088E-01  3.894E-01  3.701E-01  3.508E-01  3.317E-01  3.128E-01  2.940E-01  2.755E-01  2.572E-01  2.393E-01  2.217E-01  2.044E-01  1.876E-01  1.713E-01  1.554E-01  1.401E-01  1.254E-01  1.113E-01  9.790E-02  8.513E-02  7.306E-02  6.168E-02  5.102E-02  4.109E-02  3.195E-02  2.369E-02  1.649E-02  1.064E-02
  340.0000  7.585E-01  7.379E-01  7.170E-01  6.959E-01  6.747E-01  6.533E-01  6.317E-01  6.101E-01  5.883E-01  5.665E-01  5.440E-01  5.221E-01  5.001E-01  4.787E-01  4.567E-01  4.349E-01  4.131E-01  3.914E-01  3.699E-01  3.486E-01  3.275E-01  3.067E-01  2.861E-01  2.660E-01  2.462E-01  2.268E-01  2.079E-01  1.896E-01  1.718E-01  1.547E-01  1.382E-01  1.225E-01  1.074E-01  9.320E-02  7.975E-02  6.711E-02  5.529E-02  4.433E-02  3.427E-02  2.525E-02  1.745E-02  1.117E-02
  341.0000  6.690E-01  6.509E-01  6.326E-01  6.141E-01  5.955E-01  5.767E-01  5.578E-01  5.388E-01  5.197E-01  5.006E-01  4.809E-01  4.616E-01  4.424E-01  4.235E-01  4.042E-01  3.850E-01  3.659E-01  3.468E-01  3.279E-01  3.092E-01  2.906E-01  2.723E-01  2.542E-01  2.364E-01  2.190E-01  2.019E-01  1.852E-01  1.690E-01  1.533E-01  1.382E-01  1.236E-01  1.097E-01  9.637E-02  8.374E-02  7.181E-02  6.057E-02  5.004E-02  4.025E-02  3.125E-02  2.313E-02  1.607E-02  1.034E-02
  342.0000  6.858E-01  6.674E-01  6.488E-01  6.300E-01  6.110E-01  5.920E-01  5.727E-01  5.534E-01  5.339E-01  5.144E-01  4.944E-01  4.747E-01  4.551E-01  4.358E-01  4.162E-01  3.966E-01  3.771E-01  3.576E-01  3.383E-01  3.192E-01  3.002E-01  2.814E-01  2.629E-01  2.447E-01  2.268E-01  2.094E-01  1.923E-01  1.756E-01  1.595E-01  1.440E-01  1.290E-01  1.146E-01  1.009E-01  8.786E-02  7.552E-02  6.389E-02  5.298E-02  4.279E-02  3.339E-02  2.487E-02  1.739E-02  1.127E-02
  343.0000  7.206E-01  7.012E-01  6.817E-01  6.620E-01  6.421E-01  6.220E-01  6.018E-01  5.815E-01  5.611E-01  5.406E-01  5.195E-01  4.989E-01  4.783E-01  4.580E-01  4.374E-01  4.168E-01  3.963E-01  3.759E-01  3.556E-01  3.354E-01  3.155E-01  2.958E-01  2.763E-01  2.572E-01  2.384E-01  2.200E-01  2.020E-01  1.845E-01  1.676E-01  1.512E-01  1.354E-01  1.203E-01  1.059E-01  9.218E-02  7.922E-02  6.699E-02  5.553E-02  4.483E-02  3.496E-02  2.602E-02  1.818E-02  1.177E-02
  344.0000  5.816E-01  5.659E-01  5.500E-01  5.340E-01  5.178E-01  5.015E-01  4.852E-01  4.687E-01  4.521E-01  4.354E-01  4.183E-01  4.016E-01  3.849E-01  3.685E-01  3.517E-01  3.350E-01  3.184E-01  3.018E-01  2.853E-01  2.690E-01  2.528E-01  2.369E-01  2.211E-01  2.056E-01  1.904E-01  1.755E-01  1.610E-01  1.469E-01  1.332E-01  1.199E-01  1.072E-01  9.507E-02  8.347E-02  7.247E-02  6.208E-02  5.231E-02  4.316E-02  3.467E-02  2.687E-02  1.985E-02  1.375E-02  8.816E-03
  345.0000  6.531E-01  6.356E-01  6.179E-01  6.001E-01  5.821E-01  5.639E-01  5.457E-01  5.273E-01  5.088E-01  4.903E-01  4.712E-01  4.526E-01  4.339E-01  4.156E-01  3.969E-01  3.782E-01  3.596E-01  3.411E-01  3.227E-01  3.045E-01  2.864E-01  2.685E-01  2.509E-01  2.335E-01  2.164E-01  1.997E-01  1.834E-01  1.675E-01  1.521E-01  1.372E-01  1.229E-01  1.092E-01  9.609E-02  8.364E-02  7.186E-02  6.077E-02  5.036E-02  4.066E-02  3.170E-02  2.359E-02  1.647E-02  1.066E-02
  346.0000  6.632E-01  6.454E-01  6.274E-01  6.092E-01  5.909E-01  5.724E-01  5.538E-01  5.351E-01  5.163E-01  4.974E-01  4.780E-01  4.590E-01  4.400E-01  4.213E-01  4.023E-01  3.833E-01  3.644E-01  3.455E-01  3.268E-01  3.082E-01  2.898E-01  2.716E-01  2.537E-01  2.360E-01  2.186E-01  2.016E-01  1.850E-01  1.689E-01  1.532E-01  1.381E-01  1.236E-01  1.096E-01  9.634E-02  8.373E-02  7.181E-02  6.059E-02  5.009E-02  4.032E-02  3.133E-02  2.321E-02  1.612E-02  1.037E-02
  347.0000  7.145E-01  6.954E-01  6.761E-01  6.566E-01  6.369E-01  6.170E-01  5.971E-01  5.770E-01  5.567E-01  5.364E-01  5.156E-01  4.952E-01  4.747E-01  4.547E-01  4.342E-01  4.138E-01  3.934E-01  3.731E-01  3.530E-01  3.330E-01  3.132E-01  2.936E-01  2.742E-01  2.552E-01  2.365E-01  2.182E-01  2.003E-01  1.829E-01  1.660E-01  1.497E-01  1.340E-01  1.189E-01  1.046E-01  9.093E-02  7.805E-02  6.592E-02  5.455E-02  4.397E-02  3.422E-02  2.540E-02  1.769E-02  1.140E-02
  348.0000  6.233E-01  6.067E-01  5.899E-01  5.729E-01  5.558E-01  5.385E-01  5.212E-01  5.037E-01  4.861E-01  4.684E-01  4.503E-01  4.325E-01  4.147E-01  3.972E-01  3.794E-01  3.616E-01  3.439E-01  3.262E-01  3.087E-01  2.912E-01  2.740E-01  2.569E-01  2.400E-01  2.234E-01  2.071E-01  1.911E-01  1.755E-01  1.603E-01  1.455E-01  1.313E-01  1.175E-01  1.044E-01  9.183E-02  7.991E-02  6.863E-02  5.801E-02  4.806E-02  3.879E-02  3.023E-02  2.248E-02  1.568E-02  1.013E-02
  349.0000  6.404E-01  6.233E-01  6.061E-01  5.887E-01  5.712E-01  5.535E-01  5.357E-01  5.177E-01  4.997E-01  4.816E-01  4.630E-01  4.447E-01  4.265E-01  4.086E-01  3.903E-01  3.720E-01  3.538E-01  3.357E-01  3.177E-01  2.998E-01  2.821E-01  2.645E-01  2.472E-01  2.301E-01  2.134E-01  1.969E-01  1.809E-01  1.652E-01  1.501E-01  1.354E-01  1.213E-01  1.077E-01  9.479E-02  8.251E-02  7.090E-02  5.996E-02  4.971E-02  4.015E-02  3.133E-02  2.332E-02  1.629E-02  1.053E-02
  350.0000  7.396E-01  7.199E-01  7.000E-01  6.799E-01  6.597E-01  6.393E-01  6.187E-01  5.980E-01  5.772E-01  5.562E-01  5.348E-01  5.137E-01  4.926E-01  4.720E-01  4.508E-01  4.298E-01  4.087E-01  3.878E-01  3.670E-01  3.463E-01  3.258E-01  3.055E-01  2.855E-01  2.658E-01  2.464E-01  2.274E-01  2.088E-01  1.908E-01  1.732E-01  1.563E-01  1.399E-01  1.243E-01  1.093E-01  9.513E-02  8.172E-02  6.908E-02  5.724E-02  4.621E-02  3.603E-02  2.680E-02  1.870E-02  1.208E-02
------------------------------------------------------------
