Spectral Irradiance, W m-2 nm-1
values at z =      3.216 km
Columns: wavelength (nm), solar zenith angles (deg.)
    wc, nm     49.000     50.000     51.000     52.000     53.000     54.000     55.000     56.000     57.000     58.000     59.000     60.000     61.000     62.000     63.000     64.000     65.000     66.000     67.000     68.000     69.000     70.000     71.000     72.000     73.000     74.000     75.000     76.000     77.000     78.000     79.000     80.000     81.000     82.000     83.000     84.000     85.000     86.000     87.000     88.000     89.000     90.000
  280.0000  0.000E+00  0.000E+00  0.000E+00  0.000E+00  0.000E+00  0.000E+00  0.000E+00  0.000E+00  0.000E+00  0.000E+00  0.000E+00  0.000E+00  0.000E+00  0.000E+00  0.000E+00  0.000E+00  0.000E+00  0.000E+00  0.000E+00  0.000E+00  0.000E+00  0.000E+00  0.000E+00  0.000E+00  0.000E+00  0.000E+00  0.000E+00  0.000E+00  0.000E+00  0.000E+00  0.000E+00  0.000E+00  0.000E+00  0.000E+00  0.000E+00  0.000E+00  0.000E+00  0.000E+00  0.000E+00  0.000E+00  0.000E+00  0.000E+00
  281.0000  0.000E+00  0.000E+00  0.000E+00  0.000E+00  0.000E+00  0.000E+00  0.000E+00  0.000E+00  0.000E+00  0.000E+00  0.000E+00  0.000E+00  0.000E+00  0.000E+00  0.000E+00  0.000E+00  0.000E+00  0.000E+00  0.000E+00  0.000E+00  0.000E+00  0.000E+00  0.000E+00  0.000E+00  0.000E+00  0.000E+00  0.000E+00  0.000E+00  0.000E+00  0.000E+00  0.000E+00  0.000E+00  0.000E+00  0.000E+00  0.000E+00  0.000E+00  0.000E+00  0.000E+00  0.000E+00  0.000E+00  0.000E+00  0.000E+00
  282.0000  0.000E+00  0.000E+00  0.000E+00  0.000E+00  0.000E+00  0.000E+00  0.000E+00  0.000E+00  0.000E+00  0.000E+00  0.000E+00  0.000E+00  0.000E+00  0.000E+00  0.000E+00  0.000E+00  0.000E+00  0.000E+00  0.000E+00  0.000E+00  0.000E+00  0.000E+00  0.000E+00  0.000E+00  0.000E+00  0.000E+00  0.000E+00  0.000E+00  0.000E+00  0.000E+00  0.000E+00  0.000E+00  0.000E+00  0.000E+00  0.000E+00  0.000E+00  0.000E+00  0.000E+00  0.000E+00  0.000E+00  0.000E+00  0.000E+00
  283.0000  0.000E+00  0.000E+00  0.000E+00  0.000E+00  0.000E+00  0.000E+00  0.000E+00  0.000E+00  0.000E+00  0.000E+00  0.000E+00  0.000E+00  0.000E+00  0.000E+00  0.000E+00  0.000E+00  0.000E+00  0.000E+00  0.000E+00  0.000E+00  0.000E+00  0.000E+00  0.000E+00  0.000E+00  0.000E+00  0.000E+00  0.000E+00  0.000E+00  0.000E+00  0.000E+00  0.000E+00  0.000E+00  0.000E+00  0.000E+00  0.000E+00  0.000E+00  0.000E+00  0.000E+00  0.000E+00  0.000E+00  0.000E+00  0.000E+00
  284.0000  0.000E+00  0.000E+00  0.000E+00  0.000E+00  0.000E+00  0.000E+00  0.000E+00  0.000E+00  0.000E+00  0.000E+00  0.000E+00  0.000E+00  0.000E+00  0.000E+00  0.000E+00  0.000E+00  0.000E+00  0.000E+00  0.000E+00  0.000E+00  0.000E+00  0.000E+00  0.000E+00  0.000E+00  0.000E+00  0.000E+00  0.000E+00  0.000E+00  0.000E+00  0.000E+00  0.000E+00  0.000E+00  0.000E+00  0.000E+00  0.000E+00  0.000E+00  0.000E+00  0.000E+00  0.000E+00  0.000E+00  0.000E+00  0.000E+00
  285.0000  0.000E+00  0.000E+00  0.000E+00  0.000E+00  0.000E+00  0.000E+00  0.000E+00  0.000E+00  0.000E+00  0.000E+00  0.000E+00  0.000E+00  0.000E+00  0.000E+00  0.000E+00  0.000E+00  0.000E+00  0.000E+00  0.000E+00  0.000E+00  0.000E+00  0.000E+00  0.000E+00  0.000E+00  0.000E+00  0.000E+00  0.000E+00  0.000E+00  0.000E+00  0.000E+00  0.000E+00  0.000E+00  0.000E+00  0.000E+00  0.000E+00  0.000E+00  0.000E+00  0.000E+00  0.000E+00  0.000E+00  0.000E+00  0.000E+00
  286.0000  0.000E+00  0.000E+00  0.000E+00  0.000E+00  0.000E+00  0.000E+00  0.000E+00  0.000E+00  0.000E+00  0.000E+00  0.000E+00  0.000E+00  0.000E+00  0.000E+00  0.000E+00  0.000E+00  0.000E+00  0.000E+00  0.000E+00  0.000E+00  0.000E+00  0.000E+00  0.000E+00  0.000E+00  0.000E+00  0.000E+00  0.000E+00  0.000E+00  0.000E+00  0.000E+00  0.000E+00  0.000E+00  0.000E+00  0.000E+00  0.000E+00  0.000E+00  0.000E+00  0.000E+00  0.000E+00  0.000E+00  0.000E+00  0.000E+00
  287.0000  0.000E+00  0.000E+00  0.000E+00  0.000E+00  0.000E+00  0.000E+00  0.000E+00  0.000E+00  0.000E+00  0.000E+00  0.000E+00  0.000E+00  0.000E+00  0.000E+00  0.000E+00  0.000E+00  0.000E+00  0.000E+00  0.000E+00  0.000E+00  0.000E+00  0.000E+00  0.000E+00  0.000E+00  0.000E+00  0.000E+00  0.000E+00  0.000E+00  0.000E+00  0.000E+00  0.000E+00  0.000E+00  0.000E+00  0.000E+00  0.000E+00  0.000E+00  0.000E+00  0.000E+00  0.000E+00  0.000E+00  0.000E+00  0.000E+00
  288.0000  0.000E+00  0.000E+00  0.000E+00  0.000E+00  0.000E+00  0.000E+00  0.000E+00  0.000E+00  0.000E+00  0.000E+00  0.000E+00  0.000E+00  0.000E+00  0.000E+00  0.000E+00  0.000E+00  0.000E+00  0.000E+00  0.000E+00  0.000E+00  0.000E+00  0.000E+00  0.000E+00  0.000E+00  0.000E+00  0.000E+00  0.000E+00  0.000E+00  0.000E+00  0.000E+00  0.000E+00  0.000E+00  0.000E+00  0.000E+00  0.000E+00  0.000E+00  0.000E+00  0.000E+00  0.000E+00  0.000E+00  0.000E+00  0.000E+00
  289.0000  0.000E+00  0.000E+00  0.000E+00  0.000E+00  0.000E+00  0.000E+00  0.000E+00  0.000E+00  0.000E+00  0.000E+00  0.000E+00  0.000E+00  0.000E+00  0.000E+00  0.000E+00  0.000E+00  0.000E+00  0.000E+00  0.000E+00  0.000E+00  0.000E+00  0.000E+00  0.000E+00  0.000E+00  0.000E+00  0.000E+00  0.000E+00  0.000E+00  0.000E+00  0.000E+00  0.000E+00  0.000E+00  0.000E+00  0.000E+00  0.000E+00  0.000E+00  0.000E+00  0.000E+00  0.000E+00  0.000E+00  0.000E+00  0.000E+00
  290.0000  0.000E+00  0.000E+00  0.000E+00  0.000E+00  0.000E+00  0.000E+00  0.000E+00  0.000E+00  0.000E+00  0.000E+00  0.000E+00  0.000E+00  0.000E+00  0.000E+00  0.000E+00  0.000E+00  0.000E+00  0.000E+00  0.000E+00  0.000E+00  0.000E+00  0.000E+00  0.000E+00  0.000E+00  0.000E+00  0.000E+00  0.000E+00  0.000E+00  0.000E+00  0.000E+00  0.000E+00  0.000E+00  0.000E+00  0.000E+00  0.000E+00  0.000E+00  0.000E+00  0.000E+00  0.000E+00  0.000E+00  0.000E+00  0.000E+00
  291.0000  0.000E+00  0.000E+00  0.000E+00  0.000E+00  0.000E+00  0.000E+00  0.000E+00  0.000E+00  0.000E+00  0.000E+00  0.000E+00  0.000E+00  0.000E+00  0.000E+00  0.000E+00  0.000E+00  0.000E+00  0.000E+00  0.000E+00  0.000E+00  0.000E+00  0.000E+00  0.000E+00  0.000E+00  0.000E+00  0.000E+00  0.000E+00  0.000E+00  0.000E+00  0.000E+00  0.000E+00  0.000E+00  0.000E+00  0.000E+00  0.000E+00  0.000E+00  0.000E+00  0.000E+00  0.000E+00  0.000E+00  0.000E+00  0.000E+00
  292.0000  0.000E+00  0.000E+00  0.000E+00  0.000E+00  0.000E+00  0.000E+00  0.000E+00  0.000E+00  0.000E+00  0.000E+00  0.000E+00  0.000E+00  0.000E+00  0.000E+00  0.000E+00  0.000E+00  0.000E+00  0.000E+00  0.000E+00  0.000E+00  0.000E+00  0.000E+00  0.000E+00  0.000E+00  0.000E+00  0.000E+00  0.000E+00  0.000E+00  0.000E+00  0.000E+00  0.000E+00  0.000E+00  0.000E+00  0.000E+00  0.000E+00  0.000E+00  0.000E+00  0.000E+00  0.000E+00  0.000E+00  0.000E+00  0.000E+00
  293.0000  0.000E+00  0.000E+00  0.000E+00  0.000E+00  0.000E+00  0.000E+00  0.000E+00  0.000E+00  0.000E+00  0.000E+00  0.000E+00  0.000E+00  0.000E+00  0.000E+00  0.000E+00  0.000E+00  0.000E+00  0.000E+00  0.000E+00  0.000E+00  0.000E+00  0.000E+00  0.000E+00  0.000E+00  0.000E+00  0.000E+00  0.000E+00  0.000E+00  0.000E+00  0.000E+00  0.000E+00  0.000E+00  0.000E+00  0.000E+00  0.000E+00  0.000E+00  0.000E+00  0.000E+00  0.000E+00  0.000E+00  0.000E+00  0.000E+00
  294.0000  1.474E-07  1.075E-07  7.713E-08  5.438E-08  3.763E-08  2.552E-08  1.695E-08  1.101E-08  6.989E-09  4.332E-09  2.634E-09  1.509E-09  8.842E-10  5.032E-10  2.825E-10  1.586E-10  9.120E-11  5.504E-11  3.567E-11  2.507E-11  1.897E-11  1.519E-11  1.264E-11  1.079E-11  9.364E-12  8.220E-12  7.276E-12  6.482E-12  5.802E-12  5.211E-12  4.690E-12  4.226E-12  3.806E-12  3.422E-12  3.067E-12  2.734E-12  2.417E-12  2.113E-12  1.817E-12  1.525E-12  1.236E-12  9.540E-13
  295.0000  7.156E-07  5.389E-07  4.000E-07  2.922E-07  2.099E-07  1.482E-07  1.026E-07  6.970E-08  4.636E-08  3.017E-08  1.900E-08  1.172E-08  7.236E-09  4.350E-09  2.573E-09  1.511E-09  8.966E-10  5.477E-10  3.517E-10  2.412E-10  1.772E-10  1.383E-10  1.129E-10  9.503E-11  8.168E-11  7.118E-11  6.264E-11  5.551E-11  4.945E-11  4.422E-11  3.964E-11  3.558E-11  3.194E-11  2.863E-11  2.558E-11  2.274E-11  2.006E-11  1.750E-11  1.502E-11  1.258E-11  1.018E-11  7.855E-12
  296.0000  5.401E-06  4.221E-06  3.256E-06  2.478E-06  1.859E-06  1.374E-06  9.989E-07  7.140E-07  5.012E-07  3.454E-07  2.354E-07  1.520E-07  9.977E-08  6.396E-08  4.028E-08  2.506E-08  1.557E-08  9.780E-09  6.311E-09  4.252E-09  3.025E-09  2.278E-09  1.802E-09  1.482E-09  1.253E-09  1.079E-09  9.401E-10  8.266E-10  7.312E-10  6.497E-10  5.790E-10  5.169E-10  4.616E-10  4.118E-10  3.664E-10  3.244E-10  2.851E-10  2.479E-10  2.120E-10  1.772E-10  1.430E-10  1.103E-10
  297.0000  1.220E-05  9.776E-06  7.743E-06  6.060E-06  4.681E-06  3.568E-06  2.680E-06  1.983E-06  1.443E-06  1.033E-06  7.233E-07  4.948E-07  3.386E-07  2.268E-07  1.492E-07  9.678E-08  6.234E-08  4.023E-08  2.632E-08  1.770E-08  1.240E-08  9.109E-09  7.026E-09  5.652E-09  4.696E-09  3.993E-09  3.449E-09  3.010E-09  2.647E-09  2.339E-09  2.074E-09  1.843E-09  1.639E-09  1.456E-09  1.290E-09  1.138E-09  9.973E-10  8.644E-10  7.374E-10  6.147E-10  4.952E-10  3.812E-10
  298.0000  6.879E-05  5.665E-05  4.619E-05  3.727E-05  2.974E-05  2.345E-05  1.826E-05  1.403E-05  1.063E-05  7.941E-06  5.887E-06  4.172E-06  2.991E-06  2.104E-06  1.455E-06  9.901E-07  6.668E-07  4.467E-07  2.998E-07  2.037E-07  1.417E-07  1.020E-07  7.639E-08  5.963E-08  4.827E-08  4.021E-08  3.420E-08  2.950E-08  2.570E-08  2.254E-08  1.984E-08  1.752E-08  1.548E-08  1.367E-08  1.205E-08  1.058E-08  9.227E-09  7.962E-09  6.766E-09  5.620E-09  4.513E-09  3.466E-09
  299.0000  1.603E-04  1.345E-04  1.119E-04  9.221E-05  7.523E-05  6.073E-05  4.848E-05  3.824E-05  2.979E-05  2.289E-05  1.727E-05  1.282E-05  9.493E-06  6.908E-06  4.944E-06  3.484E-06  2.425E-06  1.673E-06  1.150E-06  7.937E-07  5.544E-07  3.960E-07  2.917E-07  2.228E-07  1.763E-07  1.441E-07  1.206E-07  1.029E-07  8.880E-08  7.729E-08  6.762E-08  5.935E-08  5.217E-08  4.585E-08  4.022E-08  3.515E-08  3.052E-08  2.624E-08  2.222E-08  1.839E-08  1.473E-08  1.129E-08
  300.0000  3.742E-04  3.207E-04  2.727E-04  2.300E-04  1.923E-04  1.593E-04  1.307E-04  1.061E-04  8.518E-05  6.760E-05  5.338E-05  4.063E-05  3.117E-05  2.355E-05  1.753E-05  1.285E-05  9.295E-06  6.652E-06  4.722E-06  3.339E-06  2.367E-06  1.694E-06  1.235E-06  9.242E-07  7.128E-07  5.670E-07  4.639E-07  3.881E-07  3.302E-07  2.841E-07  2.462E-07  2.144E-07  1.870E-07  1.632E-07  1.422E-07  1.235E-07  1.066E-07  9.112E-08  7.676E-08  6.325E-08  5.044E-08  3.852E-08
  301.0000  1.031E-03  8.978E-04  7.763E-04  6.664E-04  5.677E-04  4.795E-04  4.016E-04  3.332E-04  2.738E-04  2.226E-04  1.785E-04  1.411E-04  1.112E-04  8.651E-05  6.634E-05  5.013E-05  3.741E-05  2.758E-05  2.013E-05  1.458E-05  1.052E-05  7.611E-06  5.552E-06  4.116E-06  3.120E-06  2.430E-06  1.944E-06  1.595E-06  1.335E-06  1.134E-06  9.730E-07  8.399E-07  7.274E-07  6.305E-07  5.459E-07  4.711E-07  4.042E-07  3.436E-07  2.879E-07  2.361E-07  1.875E-07  1.427E-07
  302.0000  1.800E-03  1.589E-03  1.394E-03  1.215E-03  1.051E-03  9.032E-04  7.699E-04  6.509E-04  5.454E-04  4.528E-04  3.694E-04  3.005E-04  2.425E-04  1.934E-04  1.522E-04  1.182E-04  9.063E-05  6.867E-05  5.145E-05  3.817E-05  2.812E-05  2.064E-05  1.518E-05  1.124E-05  8.443E-06  6.470E-06  5.075E-06  4.079E-06  3.352E-06  2.805E-06  2.377E-06  2.032E-06  1.746E-06  1.502E-06  1.292E-06  1.107E-06  9.441E-07  7.976E-07  6.646E-07  5.422E-07  4.284E-07  3.247E-07
  303.0000  5.315E-03  4.758E-03  4.235E-03  3.749E-03  3.298E-03  2.882E-03  2.502E-03  2.156E-03  1.844E-03  1.563E-03  1.319E-03  1.088E-03  8.990E-04  7.358E-04  5.949E-04  4.749E-04  3.748E-04  2.924E-04  2.254E-04  1.720E-04  1.299E-04  9.739E-05  7.270E-05  5.425E-05  4.069E-05  3.085E-05  2.377E-05  1.869E-05  1.501E-05  1.229E-05  1.023E-05  8.621E-06  7.317E-06  6.233E-06  5.311E-06  4.514E-06  3.816E-06  3.198E-06  2.644E-06  2.142E-06  1.682E-06  1.267E-06
  304.0000  7.765E-03  7.012E-03  6.301E-03  5.632E-03  5.006E-03  4.423E-03  3.884E-03  3.387E-03  2.933E-03  2.521E-03  2.145E-03  1.807E-03  1.516E-03  1.261E-03  1.037E-03  8.433E-04  6.779E-04  5.389E-04  4.235E-04  3.292E-04  2.532E-04  1.929E-04  1.459E-04  1.100E-04  8.283E-05  6.271E-05  4.796E-05  3.724E-05  2.945E-05  2.375E-05  1.949E-05  1.622E-05  1.363E-05  1.151E-05  9.739E-06  8.224E-06  6.909E-06  5.755E-06  4.730E-06  3.809E-06  2.975E-06  2.231E-06
  305.0000  1.535E-02  1.401E-02  1.274E-02  1.153E-02  1.038E-02  9.298E-03  8.283E-03  7.336E-03  6.456E-03  5.644E-03  4.898E-03  4.199E-03  3.594E-03  3.052E-03  2.566E-03  2.134E-03  1.757E-03  1.431E-03  1.154E-03  9.198E-04  7.253E-04  5.659E-04  4.374E-04  3.354E-04  2.558E-04  1.947E-04  1.485E-04  1.141E-04  8.870E-05  7.001E-05  5.618E-05  4.580E-05  3.780E-05  3.146E-05  2.629E-05  2.195E-05  1.825E-05  1.505E-05  1.225E-05  9.775E-06  7.570E-06  5.637E-06
  306.0000  1.825E-02  1.679E-02  1.538E-02  1.402E-02  1.273E-02  1.151E-02  1.034E-02  9.250E-03  8.224E-03  7.268E-03  6.378E-03  5.538E-03  4.799E-03  4.130E-03  3.520E-03  2.971E-03  2.484E-03  2.057E-03  1.685E-03  1.366E-03  1.096E-03  8.693E-04  6.825E-04  5.308E-04  4.095E-04  3.142E-04  2.405E-04  1.844E-04  1.423E-04  1.110E-04  8.776E-05  7.042E-05  5.728E-05  4.708E-05  3.892E-05  3.221E-05  2.656E-05  2.173E-05  1.755E-05  1.390E-05  1.069E-05  7.916E-06
  307.0000  3.015E-02  2.793E-02  2.579E-02  2.371E-02  2.172E-02  1.981E-02  1.798E-02  1.625E-02  1.460E-02  1.305E-02  1.155E-02  1.020E-02  8.956E-03  7.816E-03  6.762E-03  5.798E-03  4.928E-03  4.151E-03  3.462E-03  2.859E-03  2.337E-03  1.889E-03  1.511E-03  1.195E-03  9.367E-04  7.278E-04  5.618E-04  4.321E-04  3.324E-04  2.569E-04  2.002E-04  1.578E-04  1.260E-04  1.018E-04  8.285E-05  6.769E-05  5.520E-05  4.470E-05  3.575E-05  2.804E-05  2.137E-05  1.569E-05
  308.0000  4.436E-02  4.138E-02  3.848E-02  3.565E-02  3.291E-02  3.027E-02  2.772E-02  2.528E-02  2.294E-02  2.072E-02  1.854E-02  1.657E-02  1.472E-02  1.302E-02  1.141E-02  9.928E-03  8.567E-03  7.332E-03  6.218E-03  5.225E-03  4.346E-03  3.578E-03  2.915E-03  2.348E-03  1.872E-03  1.477E-03  1.154E-03  8.954E-04  6.912E-04  5.327E-04  4.115E-04  3.198E-04  2.509E-04  1.989E-04  1.591E-04  1.280E-04  1.030E-04  8.241E-05  6.516E-05  5.054E-05  3.811E-05  2.771E-05
  309.0000  5.218E-02  4.885E-02  4.560E-02  4.243E-02  3.935E-02  3.635E-02  3.346E-02  3.066E-02  2.798E-02  2.542E-02  2.289E-02  2.059E-02  1.842E-02  1.640E-02  1.449E-02  1.270E-02  1.105E-02  9.542E-03  8.168E-03  6.930E-03  5.823E-03  4.844E-03  3.988E-03  3.247E-03  2.615E-03  2.083E-03  1.642E-03  1.283E-03  9.946E-04  7.675E-04  5.915E-04  4.569E-04  3.552E-04  2.784E-04  2.201E-04  1.752E-04  1.397E-04  1.108E-04  8.696E-05  6.696E-05  5.012E-05  3.619E-05
  310.0000  6.482E-02  6.112E-02  5.747E-02  5.388E-02  5.037E-02  4.693E-02  4.358E-02  4.033E-02  3.717E-02  3.412E-02  3.107E-02  2.829E-02  2.562E-02  2.313E-02  2.071E-02  1.842E-02  1.629E-02  1.430E-02  1.245E-02  1.076E-02  9.220E-03  7.826E-03  6.577E-03  5.471E-03  4.501E-03  3.661E-03  2.944E-03  2.341E-03  1.841E-03  1.434E-03  1.109E-03  8.526E-04  6.547E-04  5.037E-04  3.893E-04  3.024E-04  2.357E-04  1.834E-04  1.413E-04  1.069E-04  7.869E-05  5.594E-05
  311.0000  1.197E-01  1.132E-01  1.067E-01  1.004E-01  9.415E-02  8.803E-02  8.205E-02  7.621E-02  7.053E-02  6.503E-02  5.950E-02  5.443E-02  4.954E-02  4.495E-02  4.047E-02  3.623E-02  3.223E-02  2.849E-02  2.499E-02  2.176E-02  1.879E-02  1.608E-02  1.363E-02  1.144E-02  9.497E-03  7.797E-03  6.327E-03  5.073E-03  4.021E-03  3.152E-03  2.446E-03  1.883E-03  1.443E-03  1.104E-03  8.458E-04  6.503E-04  5.014E-04  3.861E-04  2.948E-04  2.213E-04  1.615E-04  1.139E-04
  312.0000  1.222E-01  1.160E-01  1.098E-01  1.037E-01  9.774E-02  9.184E-02  8.604E-02  8.035E-02  7.479E-02  6.938E-02  6.377E-02  5.885E-02  5.395E-02  4.932E-02  4.477E-02  4.042E-02  3.629E-02  3.238E-02  2.870E-02  2.526E-02  2.206E-02  1.911E-02  1.641E-02  1.395E-02  1.174E-02  9.777E-03  8.047E-03  6.543E-03  5.253E-03  4.166E-03  3.263E-03  2.526E-03  1.938E-03  1.476E-03  1.119E-03  8.480E-04  6.427E-04  4.864E-04  3.655E-04  2.703E-04  1.945E-04  1.352E-04
  313.0000  1.556E-01  1.482E-01  1.409E-01  1.337E-01  1.265E-01  1.195E-01  1.125E-01  1.056E-01  9.883E-02  9.222E-02  8.546E-02  7.925E-02  7.315E-02  6.736E-02  6.162E-02  5.611E-02  5.082E-02  4.577E-02  4.098E-02  3.645E-02  3.220E-02  2.822E-02  2.454E-02  2.115E-02  1.805E-02  1.525E-02  1.274E-02  1.051E-02  8.569E-03  6.892E-03  5.467E-03  4.277E-03  3.302E-03  2.519E-03  1.902E-03  1.425E-03  1.063E-03  7.897E-04  5.823E-04  4.230E-04  2.992E-04  2.046E-04
  314.0000  1.782E-01  1.701E-01  1.620E-01  1.539E-01  1.459E-01  1.380E-01  1.302E-01  1.225E-01  1.149E-01  1.074E-01  9.982E-02  9.278E-02  8.587E-02  7.929E-02  7.276E-02  6.645E-02  6.039E-02  5.459E-02  4.906E-02  4.382E-02  3.887E-02  3.423E-02  2.990E-02  2.590E-02  2.222E-02  1.888E-02  1.586E-02  1.317E-02  1.080E-02  8.737E-03  6.969E-03  5.479E-03  4.245E-03  3.244E-03  2.448E-03  1.829E-03  1.357E-03  1.000E-03  7.316E-04  5.272E-04  3.702E-04  2.513E-04
  315.0000  2.090E-01  2.002E-01  1.915E-01  1.828E-01  1.742E-01  1.656E-01  1.570E-01  1.486E-01  1.402E-01  1.319E-01  1.235E-01  1.156E-01  1.078E-01  1.003E-01  9.283E-02  8.556E-02  7.851E-02  7.170E-02  6.515E-02  5.887E-02  5.288E-02  4.719E-02  4.182E-02  3.677E-02  3.206E-02  2.770E-02  2.370E-02  2.005E-02  1.676E-02  1.383E-02  1.125E-02  9.010E-03  7.097E-03  5.493E-03  4.176E-03  3.119E-03  2.292E-03  1.659E-03  1.185E-03  8.316E-04  5.688E-04  3.762E-04
  316.0000  1.721E-01  1.650E-01  1.579E-01  1.508E-01  1.437E-01  1.367E-01  1.297E-01  1.228E-01  1.160E-01  1.092E-01  1.023E-01  9.581E-02  8.940E-02  8.327E-02  7.713E-02  7.116E-02  6.536E-02  5.975E-02  5.435E-02  4.917E-02  4.422E-02  3.951E-02  3.506E-02  3.087E-02  2.696E-02  2.333E-02  1.999E-02  1.694E-02  1.419E-02  1.173E-02  9.559E-03  7.670E-03  6.052E-03  4.691E-03  3.570E-03  2.667E-03  1.959E-03  1.417E-03  1.009E-03  7.068E-04  4.823E-04  3.182E-04
  317.0000  2.857E-01  2.746E-01  2.636E-01  2.526E-01  2.416E-01  2.307E-01  2.197E-01  2.089E-01  1.981E-01  1.874E-01  1.764E-01  1.661E-01  1.558E-01  1.459E-01  1.360E-01  1.263E-01  1.168E-01  1.076E-01  9.863E-02  8.998E-02  8.165E-02  7.367E-02  6.605E-02  5.881E-02  5.197E-02  4.555E-02  3.956E-02  3.401E-02  2.893E-02  2.430E-02  2.013E-02  1.643E-02  1.318E-02  1.038E-02  8.001E-03  6.033E-03  4.443E-03  3.196E-03  2.246E-03  1.541E-03  1.027E-03  6.616E-04
  318.0000  2.535E-01  2.438E-01  2.341E-01  2.244E-01  2.147E-01  2.051E-01  1.954E-01  1.858E-01  1.763E-01  1.669E-01  1.573E-01  1.481E-01  1.390E-01  1.303E-01  1.215E-01  1.129E-01  1.045E-01  9.632E-02  8.838E-02  8.070E-02  7.330E-02  6.620E-02  5.941E-02  5.296E-02  4.685E-02  4.111E-02  3.575E-02  3.079E-02  2.622E-02  2.206E-02  1.831E-02  1.496E-02  1.202E-02  9.481E-03  7.321E-03  5.526E-03  4.073E-03  2.929E-03  2.056E-03  1.409E-03  9.369E-04  6.020E-04
  319.0000  3.205E-01  3.093E-01  2.981E-01  2.868E-01  2.755E-01  2.642E-01  2.529E-01  2.416E-01  2.304E-01  2.192E-01  2.077E-01  1.967E-01  1.858E-01  1.753E-01  1.646E-01  1.541E-01  1.438E-01  1.337E-01  1.238E-01  1.142E-01  1.048E-01  9.572E-02  8.696E-02  7.853E-02  7.046E-02  6.278E-02  5.550E-02  4.863E-02  4.221E-02  3.624E-02  3.074E-02  2.571E-02  2.117E-02  1.711E-02  1.354E-02  1.045E-02  7.842E-03  5.698E-03  3.996E-03  2.698E-03  1.749E-03  1.087E-03
  320.0000  3.443E-01  3.318E-01  3.194E-01  3.068E-01  2.943E-01  2.818E-01  2.693E-01  2.568E-01  2.444E-01  2.320E-01  2.194E-01  2.073E-01  1.954E-01  1.838E-01  1.722E-01  1.607E-01  1.495E-01  1.385E-01  1.278E-01  1.174E-01  1.073E-01  9.752E-02  8.816E-02  7.919E-02  7.064E-02  6.254E-02  5.491E-02  4.777E-02  4.113E-02  3.501E-02  2.942E-02  2.437E-02  1.985E-02  1.587E-02  1.241E-02  9.480E-03  7.046E-03  5.086E-03  3.559E-03  2.413E-03  1.579E-03  9.958E-04
  321.0000  4.024E-01  3.892E-01  3.759E-01  3.626E-01  3.492E-01  3.358E-01  3.224E-01  3.089E-01  2.955E-01  2.821E-01  2.684E-01  2.551E-01  2.420E-01  2.292E-01  2.162E-01  2.034E-01  1.908E-01  1.784E-01  1.661E-01  1.542E-01  1.425E-01  1.311E-01  1.200E-01  1.093E-01  9.896E-02  8.903E-02  7.955E-02  7.052E-02  6.198E-02  5.394E-02  4.644E-02  3.947E-02  3.307E-02  2.723E-02  2.197E-02  1.731E-02  1.325E-02  9.795E-03  6.954E-03  4.712E-03  3.030E-03  1.850E-03
  322.0000  3.956E-01  3.825E-01  3.692E-01  3.560E-01  3.426E-01  3.292E-01  3.158E-01  3.025E-01  2.891E-01  2.758E-01  2.621E-01  2.489E-01  2.359E-01  2.232E-01  2.103E-01  1.976E-01  1.851E-01  1.728E-01  1.607E-01  1.489E-01  1.373E-01  1.261E-01  1.152E-01  1.047E-01  9.457E-02  8.486E-02  7.560E-02  6.680E-02  5.851E-02  5.073E-02  4.349E-02  3.679E-02  3.067E-02  2.512E-02  2.016E-02  1.578E-02  1.201E-02  8.829E-03  6.242E-03  4.222E-03  2.720E-03  1.669E-03
  323.0000  3.517E-01  3.402E-01  3.286E-01  3.169E-01  3.052E-01  2.934E-01  2.817E-01  2.699E-01  2.581E-01  2.464E-01  2.344E-01  2.228E-01  2.112E-01  2.000E-01  1.887E-01  1.775E-01  1.664E-01  1.555E-01  1.448E-01  1.343E-01  1.241E-01  1.141E-01  1.044E-01  9.502E-02  8.597E-02  7.729E-02  6.900E-02  6.111E-02  5.365E-02  4.664E-02  4.009E-02  3.403E-02  2.846E-02  2.339E-02  1.884E-02  1.481E-02  1.131E-02  8.346E-03  5.914E-03  4.002E-03  2.573E-03  1.572E-03
  324.0000  4.501E-01  4.365E-01  4.228E-01  4.090E-01  3.951E-01  3.811E-01  3.671E-01  3.531E-01  3.390E-01  3.249E-01  3.105E-01  2.965E-01  2.825E-01  2.689E-01  2.551E-01  2.413E-01  2.277E-01  2.143E-01  2.010E-01  1.879E-01  1.750E-01  1.624E-01  1.501E-01  1.381E-01  1.264E-01  1.150E-01  1.041E-01  9.359E-02  8.352E-02  7.392E-02  6.482E-02  5.624E-02  4.818E-02  4.068E-02  3.375E-02  2.740E-02  2.166E-02  1.657E-02  1.215E-02  8.459E-03  5.528E-03  3.374E-03
  325.0000  4.515E-01  4.372E-01  4.229E-01  4.084E-01  3.938E-01  3.792E-01  3.646E-01  3.499E-01  3.353E-01  3.206E-01  3.056E-01  2.910E-01  2.766E-01  2.625E-01  2.482E-01  2.340E-01  2.201E-01  2.063E-01  1.927E-01  1.793E-01  1.662E-01  1.535E-01  1.410E-01  1.289E-01  1.172E-01  1.059E-01  9.510E-02  8.474E-02  7.490E-02  6.560E-02  5.685E-02  4.868E-02  4.111E-02  3.416E-02  2.784E-02  2.216E-02  1.715E-02  1.282E-02  9.190E-03  6.269E-03  4.040E-03  2.458E-03
  326.0000  6.273E-01  6.083E-01  5.892E-01  5.699E-01  5.506E-01  5.311E-01  5.116E-01  4.920E-01  4.723E-01  4.527E-01  4.326E-01  4.130E-01  3.935E-01  3.745E-01  3.552E-01  3.360E-01  3.170E-01  2.982E-01  2.797E-01  2.614E-01  2.434E-01  2.258E-01  2.086E-01  1.918E-01  1.755E-01  1.597E-01  1.444E-01  1.297E-01  1.157E-01  1.023E-01  8.962E-02  7.766E-02  6.646E-02  5.604E-02  4.642E-02  3.763E-02  2.969E-02  2.266E-02  1.658E-02  1.152E-02  7.509E-03  4.577E-03
  327.0000  6.325E-01  6.140E-01  5.954E-01  5.766E-01  5.577E-01  5.386E-01  5.195E-01  5.003E-01  4.811E-01  4.618E-01  4.421E-01  4.228E-01  4.036E-01  3.849E-01  3.659E-01  3.469E-01  3.281E-01  3.095E-01  2.911E-01  2.729E-01  2.549E-01  2.373E-01  2.201E-01  2.032E-01  1.867E-01  1.707E-01  1.552E-01  1.403E-01  1.259E-01  1.121E-01  9.900E-02  8.655E-02  7.480E-02  6.377E-02  5.349E-02  4.398E-02  3.527E-02  2.740E-02  2.044E-02  1.448E-02  9.609E-03  5.932E-03
  328.0000  5.797E-01  5.621E-01  5.444E-01  5.266E-01  5.086E-01  4.906E-01  4.724E-01  4.543E-01  4.361E-01  4.179E-01  3.992E-01  3.811E-01  3.630E-01  3.454E-01  3.275E-01  3.097E-01  2.921E-01  2.747E-01  2.575E-01  2.406E-01  2.239E-01  2.076E-01  1.917E-01  1.761E-01  1.610E-01  1.464E-01  1.322E-01  1.187E-01  1.057E-01  9.333E-02  8.163E-02  7.062E-02  6.032E-02  5.075E-02  4.194E-02  3.391E-02  2.668E-02  2.030E-02  1.480E-02  1.025E-02  6.666E-03  4.058E-03
  329.0000  6.476E-01  6.290E-01  6.103E-01  5.915E-01  5.725E-01  5.534E-01  5.342E-01  5.149E-01  4.956E-01  4.762E-01  4.563E-01  4.369E-01  4.175E-01  3.986E-01  3.794E-01  3.602E-01  3.412E-01  3.223E-01  3.036E-01  2.851E-01  2.669E-01  2.490E-01  2.313E-01  2.141E-01  1.972E-01  1.808E-01  1.649E-01  1.495E-01  1.346E-01  1.204E-01  1.067E-01  9.377E-02  8.148E-02  6.990E-02  5.904E-02  4.894E-02  3.960E-02  3.109E-02  2.346E-02  1.682E-02  1.130E-02  7.038E-03
  330.0000  7.537E-01  7.323E-01  7.107E-01  6.889E-01  6.670E-01  6.449E-01  6.227E-01  6.004E-01  5.781E-01  5.556E-01  5.326E-01  5.102E-01  4.878E-01  4.659E-01  4.436E-01  4.214E-01  3.993E-01  3.774E-01  3.557E-01  3.343E-01  3.131E-01  2.923E-01  2.718E-01  2.517E-01  2.321E-01  2.130E-01  1.944E-01  1.764E-01  1.591E-01  1.424E-01  1.265E-01  1.113E-01  9.691E-02  8.332E-02  7.056E-02  5.865E-02  4.763E-02  3.754E-02  2.847E-02  2.052E-02  1.386E-02  8.683E-03
  331.0000  6.217E-01  6.036E-01  5.853E-01  5.669E-01  5.484E-01  5.297E-01  5.110E-01  4.921E-01  4.733E-01  4.544E-01  4.350E-01  4.161E-01  3.972E-01  3.788E-01  3.601E-01  3.415E-01  3.230E-01  3.046E-01  2.865E-01  2.686E-01  2.509E-01  2.336E-01  2.165E-01  1.999E-01  1.836E-01  1.678E-01  1.525E-01  1.378E-01  1.236E-01  1.100E-01  9.702E-02  8.474E-02  7.316E-02  6.231E-02  5.220E-02  4.285E-02  3.431E-02  2.661E-02  1.980E-02  1.399E-02  9.258E-03  5.696E-03
  332.0000  6.463E-01  6.281E-01  6.098E-01  5.913E-01  5.726E-01  5.539E-01  5.350E-01  5.161E-01  4.971E-01  4.780E-01  4.584E-01  4.393E-01  4.202E-01  4.016E-01  3.826E-01  3.636E-01  3.448E-01  3.261E-01  3.076E-01  2.893E-01  2.712E-01  2.533E-01  2.358E-01  2.186E-01  2.018E-01  1.853E-01  1.694E-01  1.539E-01  1.390E-01  1.246E-01  1.109E-01  9.774E-02  8.527E-02  7.349E-02  6.242E-02  5.205E-02  4.243E-02  3.359E-02  2.560E-02  1.856E-02  1.260E-02  7.932E-03
  333.0000  6.902E-01  6.711E-01  6.517E-01  6.322E-01  6.126E-01  5.928E-01  5.729E-01  5.529E-01  5.328E-01  5.127E-01  4.920E-01  4.718E-01  4.516E-01  4.319E-01  4.118E-01  3.917E-01  3.718E-01  3.519E-01  3.323E-01  3.128E-01  2.936E-01  2.746E-01  2.560E-01  2.376E-01  2.197E-01  2.022E-01  1.851E-01  1.686E-01  1.526E-01  1.371E-01  1.223E-01  1.082E-01  9.474E-02  8.199E-02  6.996E-02  5.867E-02  4.814E-02  3.840E-02  2.953E-02  2.162E-02  1.484E-02  9.448E-03
  334.0000  6.049E-01  5.878E-01  5.705E-01  5.530E-01  5.355E-01  5.178E-01  5.000E-01  4.821E-01  4.642E-01  4.462E-01  4.278E-01  4.098E-01  3.918E-01  3.742E-01  3.563E-01  3.385E-01  3.207E-01  3.031E-01  2.857E-01  2.685E-01  2.514E-01  2.346E-01  2.182E-01  2.020E-01  1.862E-01  1.708E-01  1.558E-01  1.413E-01  1.274E-01  1.139E-01  1.011E-01  8.885E-02  7.726E-02  6.634E-02  5.610E-02  4.655E-02  3.773E-02  2.968E-02  2.244E-02  1.613E-02  1.085E-02  6.768E-03
  335.0000  7.017E-01  6.824E-01  6.629E-01  6.432E-01  6.234E-01  6.034E-01  5.833E-01  5.631E-01  5.429E-01  5.225E-01  5.016E-01  4.812E-01  4.608E-01  4.408E-01  4.205E-01  4.002E-01  3.800E-01  3.599E-01  3.400E-01  3.202E-01  3.007E-01  2.814E-01  2.625E-01  2.439E-01  2.256E-01  2.078E-01  1.904E-01  1.735E-01  1.572E-01  1.415E-01  1.263E-01  1.119E-01  9.812E-02  8.507E-02  7.273E-02  6.114E-02  5.031E-02  4.027E-02  3.108E-02  2.286E-02  1.577E-02  1.008E-02
  336.0000  5.985E-01  5.821E-01  5.656E-01  5.490E-01  5.322E-01  5.153E-01  4.983E-01  4.812E-01  4.640E-01  4.467E-01  4.290E-01  4.117E-01  3.944E-01  3.774E-01  3.601E-01  3.429E-01  3.257E-01  3.087E-01  2.917E-01  2.750E-01  2.584E-01  2.420E-01  2.258E-01  2.099E-01  1.944E-01  1.792E-01  1.643E-01  1.499E-01  1.360E-01  1.225E-01  1.096E-01  9.720E-02  8.539E-02  7.418E-02  6.357E-02  5.359E-02  4.424E-02  3.555E-02  2.757E-02  2.038E-02  1.415E-02  9.103E-03
  337.0000  5.634E-01  5.478E-01  5.320E-01  5.161E-01  5.001E-01  4.839E-01  4.677E-01  4.514E-01  4.350E-01  4.185E-01  4.017E-01  3.852E-01  3.687E-01  3.525E-01  3.361E-01  3.197E-01  3.034E-01  2.871E-01  2.710E-01  2.551E-01  2.394E-01  2.238E-01  2.085E-01  1.935E-01  1.788E-01  1.644E-01  1.505E-01  1.369E-01  1.238E-01  1.111E-01  9.901E-02  8.744E-02  7.644E-02  6.603E-02  5.622E-02  4.704E-02  3.849E-02  3.061E-02  2.345E-02  1.709E-02  1.167E-02  7.384E-03
  338.0000  6.342E-01  6.168E-01  5.992E-01  5.815E-01  5.636E-01  5.456E-01  5.275E-01  5.092E-01  4.909E-01  4.725E-01  4.537E-01  4.352E-01  4.168E-01  3.987E-01  3.803E-01  3.619E-01  3.437E-01  3.255E-01  3.075E-01  2.896E-01  2.719E-01  2.545E-01  2.373E-01  2.204E-01  2.039E-01  1.877E-01  1.720E-01  1.567E-01  1.418E-01  1.276E-01  1.139E-01  1.008E-01  8.828E-02  7.646E-02  6.531E-02  5.483E-02  4.506E-02  3.601E-02  2.774E-02  2.036E-02  1.400E-02  8.923E-03
  339.0000  6.777E-01  6.594E-01  6.409E-01  6.222E-01  6.033E-01  5.843E-01  5.652E-01  5.459E-01  5.266E-01  5.072E-01  4.873E-01  4.678E-01  4.483E-01  4.292E-01  4.097E-01  3.902E-01  3.709E-01  3.516E-01  3.325E-01  3.135E-01  2.947E-01  2.762E-01  2.579E-01  2.399E-01  2.223E-01  2.050E-01  1.882E-01  1.718E-01  1.560E-01  1.406E-01  1.259E-01  1.118E-01  9.833E-02  8.554E-02  7.343E-02  6.203E-02  5.133E-02  4.137E-02  3.219E-02  2.389E-02  1.665E-02  1.076E-02
  340.0000  7.606E-01  7.399E-01  7.190E-01  6.979E-01  6.766E-01  6.552E-01  6.336E-01  6.119E-01  5.902E-01  5.683E-01  5.458E-01  5.239E-01  5.019E-01  4.804E-01  4.584E-01  4.365E-01  4.147E-01  3.930E-01  3.714E-01  3.501E-01  3.289E-01  3.081E-01  2.875E-01  2.673E-01  2.474E-01  2.280E-01  2.091E-01  1.907E-01  1.729E-01  1.557E-01  1.392E-01  1.234E-01  1.083E-01  9.399E-02  8.048E-02  6.778E-02  5.589E-02  4.486E-02  3.473E-02  2.563E-02  1.774E-02  1.137E-02
  341.0000  6.702E-01  6.521E-01  6.337E-01  6.153E-01  5.966E-01  5.779E-01  5.590E-01  5.399E-01  5.208E-01  5.016E-01  4.820E-01  4.627E-01  4.434E-01  4.245E-01  4.052E-01  3.860E-01  3.668E-01  3.478E-01  3.288E-01  3.101E-01  2.915E-01  2.731E-01  2.550E-01  2.372E-01  2.197E-01  2.026E-01  1.859E-01  1.697E-01  1.540E-01  1.388E-01  1.242E-01  1.102E-01  9.689E-02  8.422E-02  7.225E-02  6.097E-02  5.041E-02  4.058E-02  3.153E-02  2.337E-02  1.625E-02  1.047E-02
  342.0000  6.863E-01  6.679E-01  6.493E-01  6.305E-01  6.115E-01  5.924E-01  5.732E-01  5.538E-01  5.344E-01  5.148E-01  4.948E-01  4.752E-01  4.555E-01  4.363E-01  4.166E-01  3.970E-01  3.775E-01  3.580E-01  3.387E-01  3.195E-01  3.005E-01  2.818E-01  2.633E-01  2.450E-01  2.272E-01  2.097E-01  1.926E-01  1.759E-01  1.598E-01  1.442E-01  1.292E-01  1.148E-01  1.011E-01  8.806E-02  7.571E-02  6.406E-02  5.313E-02  4.293E-02  3.351E-02  2.497E-02  1.747E-02  1.133E-02
  343.0000  7.212E-01  7.018E-01  6.823E-01  6.625E-01  6.426E-01  6.226E-01  6.024E-01  5.820E-01  5.616E-01  5.411E-01  5.200E-01  4.994E-01  4.788E-01  4.585E-01  4.379E-01  4.173E-01  3.967E-01  3.763E-01  3.560E-01  3.358E-01  3.159E-01  2.962E-01  2.767E-01  2.576E-01  2.387E-01  2.203E-01  2.023E-01  1.849E-01  1.679E-01  1.515E-01  1.357E-01  1.206E-01  1.061E-01  9.242E-02  7.944E-02  6.720E-02  5.571E-02  4.500E-02  3.511E-02  2.614E-02  1.827E-02  1.184E-02
  344.0000  5.828E-01  5.671E-01  5.512E-01  5.352E-01  5.190E-01  5.027E-01  4.863E-01  4.698E-01  4.532E-01  4.365E-01  4.194E-01  4.027E-01  3.859E-01  3.695E-01  3.527E-01  3.360E-01  3.193E-01  3.027E-01  2.863E-01  2.699E-01  2.537E-01  2.377E-01  2.219E-01  2.064E-01  1.912E-01  1.763E-01  1.617E-01  1.476E-01  1.338E-01  1.206E-01  1.078E-01  9.563E-02  8.400E-02  7.296E-02  6.253E-02  5.272E-02  4.354E-02  3.500E-02  2.716E-02  2.008E-02  1.393E-02  8.948E-03
  345.0000  6.536E-01  6.361E-01  6.184E-01  6.006E-01  5.826E-01  5.645E-01  5.462E-01  5.278E-01  5.093E-01  4.907E-01  4.717E-01  4.530E-01  4.343E-01  4.160E-01  3.973E-01  3.787E-01  3.601E-01  3.415E-01  3.231E-01  3.049E-01  2.868E-01  2.689E-01  2.512E-01  2.339E-01  2.168E-01  2.001E-01  1.837E-01  1.678E-01  1.524E-01  1.375E-01  1.232E-01  1.094E-01  9.632E-02  8.386E-02  7.207E-02  6.096E-02  5.053E-02  4.081E-02  3.184E-02  2.370E-02  1.656E-02  1.072E-02
  346.0000  6.642E-01  6.464E-01  6.284E-01  6.102E-01  5.919E-01  5.734E-01  5.548E-01  5.361E-01  5.172E-01  4.983E-01  4.789E-01  4.599E-01  4.408E-01  4.222E-01  4.031E-01  3.841E-01  3.652E-01  3.463E-01  3.276E-01  3.090E-01  2.905E-01  2.723E-01  2.544E-01  2.367E-01  2.193E-01  2.023E-01  1.856E-01  1.695E-01  1.538E-01  1.386E-01  1.241E-01  1.101E-01  9.678E-02  8.414E-02  7.219E-02  6.094E-02  5.040E-02  4.060E-02  3.157E-02  2.341E-02  1.628E-02  1.049E-02
  347.0000  7.154E-01  6.962E-01  6.769E-01  6.574E-01  6.377E-01  6.178E-01  5.979E-01  5.777E-01  5.575E-01  5.372E-01  5.163E-01  4.959E-01  4.754E-01  4.554E-01  4.349E-01  4.145E-01  3.941E-01  3.738E-01  3.536E-01  3.336E-01  3.138E-01  2.942E-01  2.748E-01  2.558E-01  2.370E-01  2.187E-01  2.008E-01  1.834E-01  1.665E-01  1.501E-01  1.344E-01  1.193E-01  1.049E-01  9.128E-02  7.837E-02  6.621E-02  5.482E-02  4.421E-02  3.443E-02  2.558E-02  1.782E-02  1.150E-02
  348.0000  6.239E-01  6.072E-01  5.904E-01  5.734E-01  5.563E-01  5.391E-01  5.217E-01  5.042E-01  4.866E-01  4.689E-01  4.507E-01  4.330E-01  4.151E-01  3.977E-01  3.799E-01  3.621E-01  3.443E-01  3.266E-01  3.091E-01  2.916E-01  2.744E-01  2.573E-01  2.404E-01  2.238E-01  2.074E-01  1.914E-01  1.758E-01  1.606E-01  1.458E-01  1.315E-01  1.178E-01  1.046E-01  9.207E-02  8.013E-02  6.884E-02  5.820E-02  4.823E-02  3.894E-02  3.037E-02  2.259E-02  1.577E-02  1.019E-02
  349.0000  6.408E-01  6.238E-01  6.065E-01  5.891E-01  5.716E-01  5.539E-01  5.361E-01  5.181E-01  5.001E-01  4.820E-01  4.634E-01  4.451E-01  4.268E-01  4.089E-01  3.906E-01  3.724E-01  3.542E-01  3.360E-01  3.180E-01  3.001E-01  2.824E-01  2.648E-01  2.475E-01  2.304E-01  2.136E-01  1.972E-01  1.811E-01  1.655E-01  1.503E-01  1.356E-01  1.215E-01  1.079E-01  9.498E-02  8.269E-02  7.106E-02  6.011E-02  4.985E-02  4.027E-02  3.143E-02  2.341E-02  1.636E-02  1.058E-02
  350.0000  7.401E-01  7.205E-01  7.006E-01  6.805E-01  6.602E-01  6.398E-01  6.192E-01  5.985E-01  5.777E-01  5.568E-01  5.353E-01  5.142E-01  4.931E-01  4.724E-01  4.513E-01  4.302E-01  4.092E-01  3.882E-01  3.674E-01  3.467E-01  3.262E-01  3.059E-01  2.859E-01  2.662E-01  2.468E-01  2.278E-01  2.092E-01  1.911E-01  1.735E-01  1.566E-01  1.402E-01  1.245E-01  1.096E-01  9.537E-02  8.194E-02  6.929E-02  5.743E-02  4.638E-02  3.618E-02  2.692E-02  1.879E-02  1.215E-02
------------------------------------------------------------
