Spectral Irradiance, W m-2 nm-1
values at z =      3.216 km
Columns: wavelength (nm), solar zenith angles (deg.)
    wc, nm     49.000     50.000     51.000     52.000     53.000     54.000     55.000     56.000     57.000     58.000     59.000     60.000     61.000     62.000     63.000     64.000     65.000     66.000     67.000     68.000     69.000     70.000     71.000     72.000     73.000     74.000     75.000     76.000     77.000     78.000     79.000     80.000     81.000     82.000     83.000     84.000     85.000     86.000     87.000     88.000     89.000     90.000
  280.0000  0.000E+00  0.000E+00  0.000E+00  0.000E+00  0.000E+00  0.000E+00  0.000E+00  0.000E+00  0.000E+00  0.000E+00  0.000E+00  0.000E+00  0.000E+00  0.000E+00  0.000E+00  0.000E+00  0.000E+00  0.000E+00  0.000E+00  0.000E+00  0.000E+00  0.000E+00  0.000E+00  0.000E+00  0.000E+00  0.000E+00  0.000E+00  0.000E+00  0.000E+00  0.000E+00  0.000E+00  0.000E+00  0.000E+00  0.000E+00  0.000E+00  0.000E+00  0.000E+00  0.000E+00  0.000E+00  0.000E+00  0.000E+00  0.000E+00
  281.0000  0.000E+00  0.000E+00  0.000E+00  0.000E+00  0.000E+00  0.000E+00  0.000E+00  0.000E+00  0.000E+00  0.000E+00  0.000E+00  0.000E+00  0.000E+00  0.000E+00  0.000E+00  0.000E+00  0.000E+00  0.000E+00  0.000E+00  0.000E+00  0.000E+00  0.000E+00  0.000E+00  0.000E+00  0.000E+00  0.000E+00  0.000E+00  0.000E+00  0.000E+00  0.000E+00  0.000E+00  0.000E+00  0.000E+00  0.000E+00  0.000E+00  0.000E+00  0.000E+00  0.000E+00  0.000E+00  0.000E+00  0.000E+00  0.000E+00
  282.0000  0.000E+00  0.000E+00  0.000E+00  0.000E+00  0.000E+00  0.000E+00  0.000E+00  0.000E+00  0.000E+00  0.000E+00  0.000E+00  0.000E+00  0.000E+00  0.000E+00  0.000E+00  0.000E+00  0.000E+00  0.000E+00  0.000E+00  0.000E+00  0.000E+00  0.000E+00  0.000E+00  0.000E+00  0.000E+00  0.000E+00  0.000E+00  0.000E+00  0.000E+00  0.000E+00  0.000E+00  0.000E+00  0.000E+00  0.000E+00  0.000E+00  0.000E+00  0.000E+00  0.000E+00  0.000E+00  0.000E+00  0.000E+00  0.000E+00
  283.0000  0.000E+00  0.000E+00  0.000E+00  0.000E+00  0.000E+00  0.000E+00  0.000E+00  0.000E+00  0.000E+00  0.000E+00  0.000E+00  0.000E+00  0.000E+00  0.000E+00  0.000E+00  0.000E+00  0.000E+00  0.000E+00  0.000E+00  0.000E+00  0.000E+00  0.000E+00  0.000E+00  0.000E+00  0.000E+00  0.000E+00  0.000E+00  0.000E+00  0.000E+00  0.000E+00  0.000E+00  0.000E+00  0.000E+00  0.000E+00  0.000E+00  0.000E+00  0.000E+00  0.000E+00  0.000E+00  0.000E+00  0.000E+00  0.000E+00
  284.0000  0.000E+00  0.000E+00  0.000E+00  0.000E+00  0.000E+00  0.000E+00  0.000E+00  0.000E+00  0.000E+00  0.000E+00  0.000E+00  0.000E+00  0.000E+00  0.000E+00  0.000E+00  0.000E+00  0.000E+00  0.000E+00  0.000E+00  0.000E+00  0.000E+00  0.000E+00  0.000E+00  0.000E+00  0.000E+00  0.000E+00  0.000E+00  0.000E+00  0.000E+00  0.000E+00  0.000E+00  0.000E+00  0.000E+00  0.000E+00  0.000E+00  0.000E+00  0.000E+00  0.000E+00  0.000E+00  0.000E+00  0.000E+00  0.000E+00
  285.0000  0.000E+00  0.000E+00  0.000E+00  0.000E+00  0.000E+00  0.000E+00  0.000E+00  0.000E+00  0.000E+00  0.000E+00  0.000E+00  0.000E+00  0.000E+00  0.000E+00  0.000E+00  0.000E+00  0.000E+00  0.000E+00  0.000E+00  0.000E+00  0.000E+00  0.000E+00  0.000E+00  0.000E+00  0.000E+00  0.000E+00  0.000E+00  0.000E+00  0.000E+00  0.000E+00  0.000E+00  0.000E+00  0.000E+00  0.000E+00  0.000E+00  0.000E+00  0.000E+00  0.000E+00  0.000E+00  0.000E+00  0.000E+00  0.000E+00
  286.0000  0.000E+00  0.000E+00  0.000E+00  0.000E+00  0.000E+00  0.000E+00  0.000E+00  0.000E+00  0.000E+00  0.000E+00  0.000E+00  0.000E+00  0.000E+00  0.000E+00  0.000E+00  0.000E+00  0.000E+00  0.000E+00  0.000E+00  0.000E+00  0.000E+00  0.000E+00  0.000E+00  0.000E+00  0.000E+00  0.000E+00  0.000E+00  0.000E+00  0.000E+00  0.000E+00  0.000E+00  0.000E+00  0.000E+00  0.000E+00  0.000E+00  0.000E+00  0.000E+00  0.000E+00  0.000E+00  0.000E+00  0.000E+00  0.000E+00
  287.0000  0.000E+00  0.000E+00  0.000E+00  0.000E+00  0.000E+00  0.000E+00  0.000E+00  0.000E+00  0.000E+00  0.000E+00  0.000E+00  0.000E+00  0.000E+00  0.000E+00  0.000E+00  0.000E+00  0.000E+00  0.000E+00  0.000E+00  0.000E+00  0.000E+00  0.000E+00  0.000E+00  0.000E+00  0.000E+00  0.000E+00  0.000E+00  0.000E+00  0.000E+00  0.000E+00  0.000E+00  0.000E+00  0.000E+00  0.000E+00  0.000E+00  0.000E+00  0.000E+00  0.000E+00  0.000E+00  0.000E+00  0.000E+00  0.000E+00
  288.0000  0.000E+00  0.000E+00  0.000E+00  0.000E+00  0.000E+00  0.000E+00  0.000E+00  0.000E+00  0.000E+00  0.000E+00  0.000E+00  0.000E+00  0.000E+00  0.000E+00  0.000E+00  0.000E+00  0.000E+00  0.000E+00  0.000E+00  0.000E+00  0.000E+00  0.000E+00  0.000E+00  0.000E+00  0.000E+00  0.000E+00  0.000E+00  0.000E+00  0.000E+00  0.000E+00  0.000E+00  0.000E+00  0.000E+00  0.000E+00  0.000E+00  0.000E+00  0.000E+00  0.000E+00  0.000E+00  0.000E+00  0.000E+00  0.000E+00
  289.0000  0.000E+00  0.000E+00  0.000E+00  0.000E+00  0.000E+00  0.000E+00  0.000E+00  0.000E+00  0.000E+00  0.000E+00  0.000E+00  0.000E+00  0.000E+00  0.000E+00  0.000E+00  0.000E+00  0.000E+00  0.000E+00  0.000E+00  0.000E+00  0.000E+00  0.000E+00  0.000E+00  0.000E+00  0.000E+00  0.000E+00  0.000E+00  0.000E+00  0.000E+00  0.000E+00  0.000E+00  0.000E+00  0.000E+00  0.000E+00  0.000E+00  0.000E+00  0.000E+00  0.000E+00  0.000E+00  0.000E+00  0.000E+00  0.000E+00
  290.0000  0.000E+00  0.000E+00  0.000E+00  0.000E+00  0.000E+00  0.000E+00  0.000E+00  0.000E+00  0.000E+00  0.000E+00  0.000E+00  0.000E+00  0.000E+00  0.000E+00  0.000E+00  0.000E+00  0.000E+00  0.000E+00  0.000E+00  0.000E+00  0.000E+00  0.000E+00  0.000E+00  0.000E+00  0.000E+00  0.000E+00  0.000E+00  0.000E+00  0.000E+00  0.000E+00  0.000E+00  0.000E+00  0.000E+00  0.000E+00  0.000E+00  0.000E+00  0.000E+00  0.000E+00  0.000E+00  0.000E+00  0.000E+00  0.000E+00
  291.0000  0.000E+00  0.000E+00  0.000E+00  0.000E+00  0.000E+00  0.000E+00  0.000E+00  0.000E+00  0.000E+00  0.000E+00  0.000E+00  0.000E+00  0.000E+00  0.000E+00  0.000E+00  0.000E+00  0.000E+00  0.000E+00  0.000E+00  0.000E+00  0.000E+00  0.000E+00  0.000E+00  0.000E+00  0.000E+00  0.000E+00  0.000E+00  0.000E+00  0.000E+00  0.000E+00  0.000E+00  0.000E+00  0.000E+00  0.000E+00  0.000E+00  0.000E+00  0.000E+00  0.000E+00  0.000E+00  0.000E+00  0.000E+00  0.000E+00
  292.0000  0.000E+00  0.000E+00  0.000E+00  0.000E+00  0.000E+00  0.000E+00  0.000E+00  0.000E+00  0.000E+00  0.000E+00  0.000E+00  0.000E+00  0.000E+00  0.000E+00  0.000E+00  0.000E+00  0.000E+00  0.000E+00  0.000E+00  0.000E+00  0.000E+00  0.000E+00  0.000E+00  0.000E+00  0.000E+00  0.000E+00  0.000E+00  0.000E+00  0.000E+00  0.000E+00  0.000E+00  0.000E+00  0.000E+00  0.000E+00  0.000E+00  0.000E+00  0.000E+00  0.000E+00  0.000E+00  0.000E+00  0.000E+00  0.000E+00
  293.0000  0.000E+00  0.000E+00  0.000E+00  0.000E+00  0.000E+00  0.000E+00  0.000E+00  0.000E+00  0.000E+00  0.000E+00  0.000E+00  0.000E+00  0.000E+00  0.000E+00  0.000E+00  0.000E+00  0.000E+00  0.000E+00  0.000E+00  0.000E+00  0.000E+00  0.000E+00  0.000E+00  0.000E+00  0.000E+00  0.000E+00  0.000E+00  0.000E+00  0.000E+00  0.000E+00  0.000E+00  0.000E+00  0.000E+00  0.000E+00  0.000E+00  0.000E+00  0.000E+00  0.000E+00  0.000E+00  0.000E+00  0.000E+00  0.000E+00
  294.0000  3.428E-07  2.543E-07  1.858E-07  1.335E-07  9.420E-08  6.526E-08  4.433E-08  2.949E-08  1.919E-08  1.221E-08  7.466E-09  4.505E-09  2.715E-09  1.591E-09  9.187E-10  5.285E-10  3.089E-10  1.875E-10  1.209E-10  8.392E-11  6.257E-11  4.948E-11  4.080E-11  3.460E-11  2.989E-11  2.615E-11  2.308E-11  2.051E-11  1.831E-11  1.641E-11  1.474E-11  1.326E-11  1.192E-11  1.070E-11  9.578E-12  8.526E-12  7.531E-12  6.576E-12  5.649E-12  4.737E-12  3.835E-12  2.960E-12
  295.0000  1.519E-06  1.161E-06  8.754E-07  6.503E-07  4.756E-07  3.420E-07  2.416E-07  1.676E-07  1.140E-07  7.592E-08  4.946E-08  3.103E-08  1.965E-08  1.213E-08  7.361E-09  4.426E-09  2.674E-09  1.651E-09  1.061E-09  7.214E-10  5.231E-10  4.027E-10  3.251E-10  2.715E-10  2.320E-10  2.013E-10  1.766E-10  1.560E-10  1.387E-10  1.237E-10  1.107E-10  9.913E-11  8.881E-11  7.947E-11  7.090E-11  6.293E-11  5.544E-11  4.830E-11  4.140E-11  3.465E-11  2.801E-11  2.161E-11
  296.0000  1.031E-05  8.160E-06  6.382E-06  4.927E-06  3.753E-06  2.818E-06  2.084E-06  1.516E-06  1.085E-06  7.622E-07  5.184E-07  3.505E-07  2.351E-07  1.542E-07  9.935E-08  6.316E-08  3.998E-08  2.546E-08  1.654E-08  1.113E-08  7.853E-09  5.841E-09  4.565E-09  3.716E-09  3.116E-09  2.667E-09  2.315E-09  2.028E-09  1.789E-09  1.586E-09  1.410E-09  1.256E-09  1.119E-09  9.962E-10  8.847E-10  7.820E-10  6.863E-10  5.957E-10  5.089E-10  4.248E-10  3.426E-10  2.639E-10
  297.0000  2.167E-05  1.756E-05  1.408E-05  1.116E-05  8.737E-06  6.753E-06  5.149E-06  3.870E-06  2.865E-06  2.087E-06  1.495E-06  1.039E-06  7.248E-07  4.955E-07  3.328E-07  2.202E-07  1.445E-07  9.464E-08  6.254E-08  4.220E-08  2.944E-08  2.143E-08  1.634E-08  1.300E-08  1.070E-08  9.028E-09  7.755E-09  6.741E-09  5.908E-09  5.206E-09  4.604E-09  4.081E-09  3.620E-09  3.210E-09  2.839E-09  2.500E-09  2.186E-09  1.892E-09  1.612E-09  1.342E-09  1.080E-09  8.303E-10
  298.0000  1.128E-04  9.385E-05  7.731E-05  6.306E-05  5.090E-05  4.062E-05  3.204E-05  2.496E-05  1.918E-05  1.454E-05  1.073E-05  7.898E-06  5.757E-06  4.122E-06  2.901E-06  2.011E-06  1.378E-06  9.371E-07  6.368E-07  4.360E-07  3.038E-07  2.177E-07  1.617E-07  1.249E-07  1.000E-07  8.254E-08  6.970E-08  5.981E-08  5.189E-08  4.534E-08  3.981E-08  3.504E-08  3.089E-08  2.722E-08  2.394E-08  2.097E-08  1.825E-08  1.572E-08  1.334E-08  1.106E-08  8.869E-09  6.805E-09
  299.0000  2.488E-04  2.107E-04  1.768E-04  1.471E-04  1.213E-04  9.895E-05  7.989E-05  6.377E-05  5.030E-05  3.920E-05  3.010E-05  2.260E-05  1.698E-05  1.255E-05  9.130E-06  6.539E-06  4.625E-06  3.240E-06  2.256E-06  1.572E-06  1.104E-06  7.886E-07  5.781E-07  4.376E-07  3.428E-07  2.772E-07  2.302E-07  1.950E-07  1.674E-07  1.451E-07  1.266E-07  1.107E-07  9.708E-08  8.509E-08  7.447E-08  6.493E-08  5.625E-08  4.825E-08  4.078E-08  3.370E-08  2.695E-08  2.062E-08
  300.0000  5.468E-04  4.721E-04  4.046E-04  3.441E-04  2.902E-04  2.426E-04  2.009E-04  1.648E-04  1.337E-04  1.074E-04  8.442E-05  6.616E-05  5.140E-05  3.938E-05  2.972E-05  2.210E-05  1.622E-05  1.177E-05  8.467E-06  6.054E-06  4.326E-06  3.111E-06  2.268E-06  1.689E-06  1.292E-06  1.018E-06  8.247E-07  6.843E-07  5.783E-07  4.949E-07  4.272E-07  3.706E-07  3.223E-07  2.805E-07  2.437E-07  2.111E-07  1.817E-07  1.550E-07  1.303E-07  1.071E-07  8.529E-08  6.504E-08
  301.0000  1.438E-03  1.261E-03  1.098E-03  9.489E-04  8.144E-04  6.936E-04  5.857E-04  4.903E-04  4.067E-04  3.339E-04  2.720E-04  2.164E-04  1.725E-04  1.358E-04  1.054E-04  8.070E-05  6.100E-05  4.557E-05  3.367E-05  2.467E-05  1.798E-05  1.309E-05  9.580E-06  7.096E-06  5.354E-06  4.137E-06  3.281E-06  2.667E-06  2.214E-06  1.869E-06  1.595E-06  1.371E-06  1.183E-06  1.022E-06  8.826E-07  7.595E-07  6.498E-07  5.509E-07  4.606E-07  3.769E-07  2.986E-07  2.269E-07
  302.0000  2.412E-03  2.141E-03  1.890E-03  1.657E-03  1.444E-03  1.249E-03  1.073E-03  9.141E-04  7.724E-04  6.468E-04  5.343E-04  4.376E-04  3.566E-04  2.875E-04  2.287E-04  1.796E-04  1.394E-04  1.068E-04  8.099E-05  6.077E-05  4.522E-05  3.347E-05  2.474E-05  1.837E-05  1.378E-05  1.051E-05  8.186E-06  6.523E-06  5.314E-06  4.412E-06  3.716E-06  3.161E-06  2.704E-06  2.318E-06  1.987E-06  1.698E-06  1.443E-06  1.216E-06  1.010E-06  8.221E-07  6.482E-07  4.902E-07
  303.0000  6.838E-03  6.150E-03  5.503E-03  4.897E-03  4.333E-03  3.810E-03  3.328E-03  2.887E-03  2.486E-03  2.124E-03  1.788E-03  1.502E-03  1.252E-03  1.034E-03  8.439E-04  6.805E-04  5.426E-04  4.277E-04  3.333E-04  2.569E-04  1.960E-04  1.483E-04  1.115E-04  8.366E-05  6.290E-05  4.764E-05  3.656E-05  2.855E-05  2.274E-05  1.847E-05  1.526E-05  1.278E-05  1.079E-05  9.150E-06  7.768E-06  6.580E-06  5.544E-06  4.632E-06  3.818E-06  3.083E-06  2.414E-06  1.815E-06
  304.0000  9.735E-03  8.829E-03  7.969E-03  7.157E-03  6.394E-03  5.680E-03  5.016E-03  4.401E-03  3.834E-03  3.317E-03  2.854E-03  2.412E-03  2.040E-03  1.711E-03  1.419E-03  1.164E-03  9.445E-04  7.580E-04  6.016E-04  4.722E-04  3.667E-04  2.820E-04  2.150E-04  1.631E-04  1.234E-04  9.353E-05  7.142E-05  5.520E-05  4.336E-05  3.468E-05  2.824E-05  2.333E-05  1.949E-05  1.638E-05  1.380E-05  1.161E-05  9.721E-06  8.069E-06  6.610E-06  5.306E-06  4.132E-06  3.092E-06
  305.0000  1.861E-02  1.706E-02  1.557E-02  1.415E-02  1.279E-02  1.151E-02  1.030E-02  9.171E-03  8.114E-03  7.133E-03  6.200E-03  5.373E-03  4.629E-03  3.958E-03  3.352E-03  2.809E-03  2.332E-03  1.916E-03  1.558E-03  1.253E-03  9.965E-04  7.844E-04  6.112E-04  4.722E-04  3.623E-04  2.768E-04  2.116E-04  1.624E-04  1.257E-04  9.864E-05  7.858E-05  6.356E-05  5.210E-05  4.310E-05  3.583E-05  2.979E-05  2.468E-05  2.027E-05  1.644E-05  1.307E-05  1.009E-05  7.490E-06
  306.0000  2.168E-02  2.000E-02  1.838E-02  1.683E-02  1.534E-02  1.391E-02  1.256E-02  1.128E-02  1.008E-02  8.952E-03  7.875E-03  6.897E-03  6.011E-03  5.206E-03  4.466E-03  3.795E-03  3.196E-03  2.666E-03  2.202E-03  1.800E-03  1.455E-03  1.164E-03  9.213E-04  7.220E-04  5.608E-04  4.325E-04  3.323E-04  2.551E-04  1.965E-04  1.527E-04  1.200E-04  9.558E-05  7.717E-05  6.300E-05  5.178E-05  4.264E-05  3.502E-05  2.854E-05  2.296E-05  1.812E-05  1.388E-05  1.023E-05
  307.0000  3.502E-02  3.254E-02  3.013E-02  2.779E-02  2.554E-02  2.338E-02  2.130E-02  1.931E-02  1.743E-02  1.565E-02  1.390E-02  1.234E-02  1.089E-02  9.560E-03  8.316E-03  7.173E-03  6.135E-03  5.202E-03  4.370E-03  3.635E-03  2.992E-03  2.438E-03  1.964E-03  1.566E-03  1.236E-03  9.661E-04  7.495E-04  5.784E-04  4.455E-04  3.437E-04  2.669E-04  2.092E-04  1.658E-04  1.330E-04  1.076E-04  8.738E-05  7.091E-05  5.717E-05  4.552E-05  3.556E-05  2.699E-05  1.975E-05
  308.0000  5.050E-02  4.722E-02  4.401E-02  4.089E-02  3.786E-02  3.492E-02  3.208E-02  2.935E-02  2.673E-02  2.424E-02  2.175E-02  1.954E-02  1.744E-02  1.549E-02  1.365E-02  1.193E-02  1.035E-02  8.910E-03  7.603E-03  6.429E-03  5.384E-03  4.463E-03  3.661E-03  2.970E-03  2.384E-03  1.893E-03  1.488E-03  1.160E-03  8.983E-04  6.931E-04  5.348E-04  4.142E-04  3.232E-04  2.545E-04  2.021E-04  1.616E-04  1.293E-04  1.029E-04  8.102E-05  6.256E-05  4.696E-05  3.400E-05
  309.0000  5.872E-02  5.511E-02  5.156E-02  4.809E-02  4.471E-02  4.141E-02  3.822E-02  3.514E-02  3.217E-02  2.932E-02  2.648E-02  2.392E-02  2.149E-02  1.922E-02  1.705E-02  1.502E-02  1.313E-02  1.140E-02  9.813E-03  8.374E-03  7.080E-03  5.928E-03  4.912E-03  4.027E-03  3.265E-03  2.617E-03  2.076E-03  1.630E-03  1.269E-03  9.819E-04  7.569E-04  5.836E-04  4.517E-04  3.520E-04  2.765E-04  2.185E-04  1.732E-04  1.367E-04  1.067E-04  8.179E-05  6.094E-05  4.382E-05
  310.0000  7.146E-02  6.749E-02  6.358E-02  5.973E-02  5.595E-02  5.225E-02  4.864E-02  4.511E-02  4.169E-02  3.838E-02  3.505E-02  3.201E-02  2.909E-02  2.634E-02  2.367E-02  2.115E-02  1.877E-02  1.655E-02  1.448E-02  1.258E-02  1.083E-02  9.243E-03  7.812E-03  6.536E-03  5.410E-03  4.428E-03  3.582E-03  2.865E-03  2.265E-03  1.772E-03  1.374E-03  1.058E-03  8.113E-04  6.221E-04  4.783E-04  3.693E-04  2.860E-04  2.211E-04  1.694E-04  1.275E-04  9.339E-05  6.607E-05
  311.0000  1.309E-01  1.239E-01  1.171E-01  1.103E-01  1.036E-01  9.710E-02  9.069E-02  8.442E-02  7.832E-02  7.239E-02  6.636E-02  6.092E-02  5.561E-02  5.062E-02  4.573E-02  4.108E-02  3.669E-02  3.255E-02  2.868E-02  2.508E-02  2.176E-02  1.872E-02  1.595E-02  1.346E-02  1.124E-02  9.282E-03  7.576E-03  6.110E-03  4.869E-03  3.834E-03  2.987E-03  2.305E-03  1.767E-03  1.349E-03  1.030E-03  7.871E-04  6.030E-04  4.614E-04  3.503E-04  2.615E-04  1.898E-04  1.332E-04
  312.0000  1.319E-01  1.254E-01  1.189E-01  1.125E-01  1.062E-01  9.995E-02  9.381E-02  8.778E-02  8.187E-02  7.610E-02  7.019E-02  6.487E-02  5.961E-02  5.464E-02  4.974E-02  4.505E-02  4.058E-02  3.633E-02  3.232E-02  2.856E-02  2.505E-02  2.179E-02  1.880E-02  1.606E-02  1.359E-02  1.138E-02  9.413E-03  7.696E-03  6.214E-03  4.952E-03  3.897E-03  3.028E-03  2.328E-03  1.773E-03  1.342E-03  1.013E-03  7.634E-04  5.741E-04  4.288E-04  3.152E-04  2.256E-04  1.560E-04
  313.0000  1.660E-01  1.584E-01  1.508E-01  1.432E-01  1.357E-01  1.283E-01  1.210E-01  1.138E-01  1.067E-01  9.972E-02  9.263E-02  8.605E-02  7.960E-02  7.346E-02  6.737E-02  6.150E-02  5.585E-02  5.046E-02  4.531E-02  4.044E-02  3.585E-02  3.154E-02  2.754E-02  2.383E-02  2.043E-02  1.734E-02  1.456E-02  1.208E-02  9.896E-03  8.000E-03  6.378E-03  5.012E-03  3.883E-03  2.968E-03  2.242E-03  1.677E-03  1.246E-03  9.208E-04  6.749E-04  4.873E-04  3.427E-04  2.330E-04
  314.0000  1.894E-01  1.809E-01  1.725E-01  1.641E-01  1.558E-01  1.475E-01  1.394E-01  1.313E-01  1.233E-01  1.155E-01  1.076E-01  1.002E-01  9.289E-02  8.595E-02  7.905E-02  7.237E-02  6.594E-02  5.977E-02  5.387E-02  4.826E-02  4.296E-02  3.796E-02  3.329E-02  2.895E-02  2.495E-02  2.129E-02  1.797E-02  1.499E-02  1.236E-02  1.005E-02  8.054E-03  6.361E-03  4.948E-03  3.792E-03  2.865E-03  2.139E-03  1.582E-03  1.161E-03  8.439E-04  6.045E-04  4.219E-04  2.848E-04
  315.0000  2.192E-01  2.102E-01  2.013E-01  1.923E-01  1.834E-01  1.745E-01  1.657E-01  1.569E-01  1.483E-01  1.397E-01  1.310E-01  1.228E-01  1.146E-01  1.069E-01  9.908E-02  9.150E-02  8.413E-02  7.700E-02  7.013E-02  6.352E-02  5.721E-02  5.119E-02  4.550E-02  4.014E-02  3.512E-02  3.046E-02  2.615E-02  2.222E-02  1.866E-02  1.547E-02  1.264E-02  1.017E-02  8.047E-03  6.253E-03  4.769E-03  3.569E-03  2.623E-03  1.895E-03  1.347E-03  9.407E-04  6.397E-04  4.206E-04
  316.0000  1.803E-01  1.730E-01  1.657E-01  1.584E-01  1.511E-01  1.439E-01  1.367E-01  1.295E-01  1.225E-01  1.155E-01  1.083E-01  1.016E-01  9.494E-02  8.857E-02  8.218E-02  7.596E-02  6.990E-02  6.404E-02  5.838E-02  5.294E-02  4.773E-02  4.277E-02  3.806E-02  3.362E-02  2.946E-02  2.558E-02  2.200E-02  1.873E-02  1.575E-02  1.308E-02  1.071E-02  8.632E-03  6.842E-03  5.325E-03  4.066E-03  3.045E-03  2.237E-03  1.615E-03  1.146E-03  7.984E-04  5.416E-04  3.553E-04
  317.0000  2.965E-01  2.853E-01  2.740E-01  2.628E-01  2.515E-01  2.403E-01  2.291E-01  2.180E-01  2.069E-01  1.959E-01  1.847E-01  1.740E-01  1.635E-01  1.533E-01  1.431E-01  1.330E-01  1.232E-01  1.137E-01  1.044E-01  9.545E-02  8.680E-02  7.848E-02  7.053E-02  6.295E-02  5.578E-02  4.904E-02  4.272E-02  3.686E-02  3.146E-02  2.653E-02  2.207E-02  1.809E-02  1.458E-02  1.153E-02  8.924E-03  6.752E-03  4.985E-03  3.588E-03  2.518E-03  1.722E-03  1.142E-03  7.315E-04
  318.0000  2.628E-01  2.530E-01  2.431E-01  2.332E-01  2.233E-01  2.134E-01  2.035E-01  1.937E-01  1.840E-01  1.743E-01  1.644E-01  1.550E-01  1.457E-01  1.367E-01  1.276E-01  1.188E-01  1.101E-01  1.016E-01  9.343E-02  8.547E-02  7.779E-02  7.040E-02  6.333E-02  5.659E-02  5.020E-02  4.418E-02  3.854E-02  3.329E-02  2.845E-02  2.403E-02  2.002E-02  1.644E-02  1.327E-02  1.051E-02  8.146E-03  6.171E-03  4.560E-03  3.282E-03  2.302E-03  1.572E-03  1.040E-03  6.648E-04
  319.0000  3.287E-01  3.174E-01  3.060E-01  2.946E-01  2.831E-01  2.717E-01  2.602E-01  2.488E-01  2.373E-01  2.260E-01  2.143E-01  2.031E-01  1.920E-01  1.813E-01  1.704E-01  1.597E-01  1.492E-01  1.388E-01  1.287E-01  1.189E-01  1.092E-01  9.993E-02  9.093E-02  8.226E-02  7.395E-02  6.602E-02  5.849E-02  5.138E-02  4.471E-02  3.850E-02  3.276E-02  2.749E-02  2.271E-02  1.843E-02  1.464E-02  1.135E-02  8.547E-03  6.231E-03  4.379E-03  2.958E-03  1.913E-03  1.185E-03
  320.0000  3.547E-01  3.420E-01  3.293E-01  3.166E-01  3.039E-01  2.911E-01  2.784E-01  2.657E-01  2.530E-01  2.404E-01  2.276E-01  2.152E-01  2.030E-01  1.912E-01  1.793E-01  1.675E-01  1.560E-01  1.447E-01  1.337E-01  1.230E-01  1.126E-01  1.026E-01  9.289E-02  8.361E-02  7.476E-02  6.634E-02  5.840E-02  5.095E-02  4.400E-02  3.758E-02  3.169E-02  2.634E-02  2.154E-02  1.729E-02  1.359E-02  1.042E-02  7.770E-03  5.622E-03  3.937E-03  2.665E-03  1.739E-03  1.091E-03
  321.0000  4.099E-01  3.966E-01  3.832E-01  3.697E-01  3.562E-01  3.427E-01  3.291E-01  3.155E-01  3.019E-01  2.884E-01  2.745E-01  2.611E-01  2.478E-01  2.348E-01  2.217E-01  2.087E-01  1.959E-01  1.833E-01  1.709E-01  1.587E-01  1.468E-01  1.352E-01  1.239E-01  1.130E-01  1.025E-01  9.233E-02  8.263E-02  7.338E-02  6.462E-02  5.636E-02  4.863E-02  4.144E-02  3.482E-02  2.876E-02  2.329E-02  1.841E-02  1.414E-02  1.050E-02  7.478E-03  5.079E-03  3.269E-03  1.993E-03
  322.0000  4.037E-01  3.904E-01  3.770E-01  3.636E-01  3.501E-01  3.366E-01  3.231E-01  3.095E-01  2.960E-01  2.825E-01  2.687E-01  2.553E-01  2.421E-01  2.292E-01  2.161E-01  2.033E-01  1.905E-01  1.780E-01  1.657E-01  1.537E-01  1.420E-01  1.305E-01  1.194E-01  1.086E-01  9.827E-02  8.832E-02  7.882E-02  6.979E-02  6.125E-02  5.323E-02  4.575E-02  3.882E-02  3.246E-02  2.667E-02  2.148E-02  1.688E-02  1.289E-02  9.515E-03  6.747E-03  4.572E-03  2.945E-03  1.804E-03
  323.0000  3.584E-01  3.467E-01  3.350E-01  3.232E-01  3.114E-01  2.995E-01  2.876E-01  2.757E-01  2.639E-01  2.520E-01  2.398E-01  2.281E-01  2.164E-01  2.051E-01  1.936E-01  1.822E-01  1.709E-01  1.599E-01  1.490E-01  1.384E-01  1.279E-01  1.178E-01  1.079E-01  9.834E-02  8.910E-02  8.023E-02  7.174E-02  6.365E-02  5.599E-02  4.878E-02  4.204E-02  3.577E-02  3.000E-02  2.474E-02  2.000E-02  1.578E-02  1.210E-02  8.958E-03  6.369E-03  4.319E-03  2.779E-03  1.695E-03
  324.0000  4.546E-01  4.410E-01  4.272E-01  4.133E-01  3.994E-01  3.853E-01  3.712E-01  3.571E-01  3.430E-01  3.288E-01  3.143E-01  3.002E-01  2.861E-01  2.725E-01  2.585E-01  2.447E-01  2.310E-01  2.174E-01  2.041E-01  1.909E-01  1.779E-01  1.652E-01  1.527E-01  1.406E-01  1.288E-01  1.173E-01  1.063E-01  9.564E-02  8.545E-02  7.572E-02  6.648E-02  5.776E-02  4.958E-02  4.194E-02  3.486E-02  2.837E-02  2.249E-02  1.725E-02  1.269E-02  8.865E-03  5.810E-03  3.554E-03
  325.0000  4.584E-01  4.440E-01  4.295E-01  4.149E-01  4.002E-01  3.855E-01  3.708E-01  3.560E-01  3.412E-01  3.264E-01  3.113E-01  2.966E-01  2.819E-01  2.677E-01  2.533E-01  2.390E-01  2.249E-01  2.109E-01  1.971E-01  1.836E-01  1.704E-01  1.574E-01  1.448E-01  1.325E-01  1.206E-01  1.091E-01  9.811E-02  8.756E-02  7.752E-02  6.801E-02  5.905E-02  5.068E-02  4.291E-02  3.575E-02  2.922E-02  2.333E-02  1.812E-02  1.359E-02  9.780E-03  6.692E-03  4.320E-03  2.628E-03
  326.0000  6.338E-01  6.147E-01  5.955E-01  5.762E-01  5.567E-01  5.371E-01  5.175E-01  4.978E-01  4.780E-01  4.583E-01  4.380E-01  4.184E-01  3.987E-01  3.796E-01  3.602E-01  3.409E-01  3.217E-01  3.028E-01  2.841E-01  2.657E-01  2.476E-01  2.298E-01  2.124E-01  1.955E-01  1.790E-01  1.630E-01  1.475E-01  1.327E-01  1.184E-01  1.049E-01  9.200E-02  7.985E-02  6.845E-02  5.783E-02  4.801E-02  3.901E-02  3.087E-02  2.363E-02  1.734E-02  1.209E-02  7.903E-03  4.826E-03
  327.0000  6.369E-01  6.184E-01  5.996E-01  5.808E-01  5.618E-01  5.427E-01  5.235E-01  5.043E-01  4.850E-01  4.656E-01  4.458E-01  4.265E-01  4.072E-01  3.884E-01  3.693E-01  3.503E-01  3.314E-01  3.126E-01  2.941E-01  2.758E-01  2.578E-01  2.401E-01  2.227E-01  2.058E-01  1.892E-01  1.731E-01  1.575E-01  1.424E-01  1.279E-01  1.140E-01  1.007E-01  8.817E-02  7.629E-02  6.513E-02  5.472E-02  4.507E-02  3.621E-02  2.819E-02  2.109E-02  1.498E-02  9.968E-03  6.168E-03
  328.0000  5.861E-01  5.684E-01  5.506E-01  5.326E-01  5.146E-01  4.964E-01  4.782E-01  4.599E-01  4.416E-01  4.233E-01  4.045E-01  3.863E-01  3.681E-01  3.504E-01  3.324E-01  3.144E-01  2.967E-01  2.791E-01  2.618E-01  2.447E-01  2.279E-01  2.115E-01  1.954E-01  1.796E-01  1.644E-01  1.496E-01  1.353E-01  1.215E-01  1.083E-01  9.581E-02  8.392E-02  7.272E-02  6.222E-02  5.246E-02  4.345E-02  3.522E-02  2.779E-02  2.121E-02  1.552E-02  1.078E-02  7.030E-03  4.287E-03
  329.0000  6.508E-01  6.322E-01  6.135E-01  5.946E-01  5.756E-01  5.564E-01  5.372E-01  5.178E-01  4.984E-01  4.790E-01  4.591E-01  4.396E-01  4.202E-01  4.013E-01  3.819E-01  3.627E-01  3.436E-01  3.247E-01  3.059E-01  2.874E-01  2.691E-01  2.511E-01  2.334E-01  2.160E-01  1.991E-01  1.826E-01  1.666E-01  1.511E-01  1.362E-01  1.218E-01  1.081E-01  9.504E-02  8.266E-02  7.098E-02  6.002E-02  4.981E-02  4.037E-02  3.175E-02  2.401E-02  1.726E-02  1.162E-02  7.254E-03
  330.0000  7.570E-01  7.355E-01  7.139E-01  6.921E-01  6.701E-01  6.480E-01  6.257E-01  6.034E-01  5.810E-01  5.585E-01  5.354E-01  5.129E-01  4.905E-01  4.685E-01  4.462E-01  4.239E-01  4.018E-01  3.798E-01  3.580E-01  3.365E-01  3.153E-01  2.944E-01  2.738E-01  2.537E-01  2.340E-01  2.148E-01  1.962E-01  1.781E-01  1.607E-01  1.439E-01  1.279E-01  1.126E-01  9.812E-02  8.443E-02  7.157E-02  5.957E-02  4.844E-02  3.824E-02  2.905E-02  2.098E-02  1.420E-02  8.916E-03
  331.0000  6.261E-01  6.079E-01  5.896E-01  5.711E-01  5.525E-01  5.338E-01  5.150E-01  4.961E-01  4.772E-01  4.582E-01  4.387E-01  4.198E-01  4.008E-01  3.824E-01  3.635E-01  3.448E-01  3.262E-01  3.078E-01  2.896E-01  2.716E-01  2.538E-01  2.364E-01  2.192E-01  2.025E-01  1.861E-01  1.702E-01  1.548E-01  1.399E-01  1.256E-01  1.119E-01  9.879E-02  8.638E-02  7.467E-02  6.368E-02  5.343E-02  4.395E-02  3.526E-02  2.740E-02  2.045E-02  1.449E-02  9.614E-03  5.929E-03
  332.0000  6.486E-01  6.304E-01  6.120E-01  5.935E-01  5.748E-01  5.560E-01  5.371E-01  5.182E-01  4.991E-01  4.800E-01  4.604E-01  4.413E-01  4.221E-01  4.035E-01  3.844E-01  3.654E-01  3.465E-01  3.278E-01  3.092E-01  2.909E-01  2.727E-01  2.548E-01  2.372E-01  2.200E-01  2.031E-01  1.866E-01  1.706E-01  1.551E-01  1.401E-01  1.257E-01  1.119E-01  9.868E-02  8.615E-02  7.431E-02  6.316E-02  5.272E-02  4.303E-02  3.411E-02  2.603E-02  1.890E-02  1.286E-02  8.111E-03
  333.0000  6.918E-01  6.727E-01  6.533E-01  6.338E-01  6.141E-01  5.943E-01  5.744E-01  5.544E-01  5.343E-01  5.141E-01  4.934E-01  4.732E-01  4.530E-01  4.332E-01  4.131E-01  3.930E-01  3.730E-01  3.532E-01  3.335E-01  3.140E-01  2.947E-01  2.757E-01  2.570E-01  2.387E-01  2.207E-01  2.031E-01  1.860E-01  1.694E-01  1.534E-01  1.379E-01  1.231E-01  1.089E-01  9.539E-02  8.259E-02  7.051E-02  5.917E-02  4.859E-02  3.879E-02  2.986E-02  2.189E-02  1.505E-02  9.593E-03
  334.0000  6.077E-01  5.905E-01  5.732E-01  5.557E-01  5.381E-01  5.204E-01  5.026E-01  4.847E-01  4.667E-01  4.487E-01  4.302E-01  4.121E-01  3.941E-01  3.765E-01  3.585E-01  3.406E-01  3.228E-01  3.052E-01  2.877E-01  2.704E-01  2.533E-01  2.365E-01  2.199E-01  2.037E-01  1.878E-01  1.723E-01  1.573E-01  1.427E-01  1.287E-01  1.152E-01  1.023E-01  8.996E-02  7.829E-02  6.729E-02  5.696E-02  4.733E-02  3.842E-02  3.026E-02  2.293E-02  1.651E-02  1.113E-02  6.960E-03
  335.0000  7.029E-01  6.836E-01  6.641E-01  6.444E-01  6.246E-01  6.046E-01  5.845E-01  5.643E-01  5.440E-01  5.236E-01  5.027E-01  4.823E-01  4.619E-01  4.419E-01  4.215E-01  4.012E-01  3.809E-01  3.608E-01  3.409E-01  3.211E-01  3.016E-01  2.823E-01  2.633E-01  2.447E-01  2.264E-01  2.085E-01  1.911E-01  1.742E-01  1.579E-01  1.421E-01  1.269E-01  1.124E-01  9.864E-02  8.554E-02  7.318E-02  6.154E-02  5.067E-02  4.059E-02  3.135E-02  2.308E-02  1.594E-02  1.021E-02
  336.0000  5.992E-01  5.829E-01  5.663E-01  5.497E-01  5.329E-01  5.160E-01  4.989E-01  4.818E-01  4.646E-01  4.474E-01  4.296E-01  4.123E-01  3.950E-01  3.780E-01  3.607E-01  3.435E-01  3.263E-01  3.092E-01  2.923E-01  2.755E-01  2.589E-01  2.425E-01  2.263E-01  2.104E-01  1.948E-01  1.796E-01  1.648E-01  1.503E-01  1.364E-01  1.229E-01  1.099E-01  9.752E-02  8.569E-02  7.446E-02  6.383E-02  5.383E-02  4.446E-02  3.574E-02  2.773E-02  2.052E-02  1.425E-02  9.178E-03
  337.0000  5.649E-01  5.493E-01  5.335E-01  5.176E-01  5.016E-01  4.854E-01  4.691E-01  4.528E-01  4.364E-01  4.199E-01  4.030E-01  3.865E-01  3.700E-01  3.538E-01  3.373E-01  3.209E-01  3.045E-01  2.883E-01  2.722E-01  2.562E-01  2.404E-01  2.249E-01  2.095E-01  1.945E-01  1.798E-01  1.653E-01  1.513E-01  1.377E-01  1.246E-01  1.119E-01  9.972E-02  8.810E-02  7.705E-02  6.660E-02  5.675E-02  4.751E-02  3.892E-02  3.098E-02  2.376E-02  1.734E-02  1.186E-02  7.518E-03
  338.0000  6.355E-01  6.181E-01  6.005E-01  5.827E-01  5.648E-01  5.468E-01  5.286E-01  5.104E-01  4.920E-01  4.737E-01  4.548E-01  4.363E-01  4.178E-01  3.998E-01  3.813E-01  3.629E-01  3.446E-01  3.265E-01  3.084E-01  2.905E-01  2.728E-01  2.553E-01  2.381E-01  2.212E-01  2.047E-01  1.885E-01  1.727E-01  1.573E-01  1.425E-01  1.282E-01  1.144E-01  1.013E-01  8.880E-02  7.694E-02  6.575E-02  5.524E-02  4.542E-02  3.633E-02  2.801E-02  2.058E-02  1.417E-02  9.043E-03
  339.0000  6.783E-01  6.599E-01  6.414E-01  6.227E-01  6.038E-01  5.848E-01  5.656E-01  5.464E-01  5.271E-01  5.076E-01  4.877E-01  4.682E-01  4.487E-01  4.296E-01  4.101E-01  3.906E-01  3.713E-01  3.520E-01  3.329E-01  3.139E-01  2.951E-01  2.766E-01  2.583E-01  2.403E-01  2.226E-01  2.054E-01  1.885E-01  1.721E-01  1.562E-01  1.409E-01  1.262E-01  1.120E-01  9.855E-02  8.574E-02  7.362E-02  6.220E-02  5.149E-02  4.151E-02  3.231E-02  2.399E-02  1.673E-02  1.081E-02
  340.0000  7.616E-01  7.409E-01  7.200E-01  6.989E-01  6.776E-01  6.562E-01  6.346E-01  6.129E-01  5.911E-01  5.692E-01  5.467E-01  5.247E-01  5.027E-01  4.812E-01  4.592E-01  4.373E-01  4.155E-01  3.938E-01  3.722E-01  3.508E-01  3.297E-01  3.088E-01  2.882E-01  2.679E-01  2.481E-01  2.286E-01  2.097E-01  1.913E-01  1.734E-01  1.562E-01  1.397E-01  1.238E-01  1.087E-01  9.439E-02  8.085E-02  6.812E-02  5.620E-02  4.513E-02  3.496E-02  2.582E-02  1.789E-02  1.148E-02
  341.0000  6.708E-01  6.527E-01  6.343E-01  6.159E-01  5.972E-01  5.784E-01  5.595E-01  5.405E-01  5.214E-01  5.022E-01  4.825E-01  4.632E-01  4.439E-01  4.250E-01  4.057E-01  3.865E-01  3.673E-01  3.482E-01  3.293E-01  3.105E-01  2.919E-01  2.735E-01  2.554E-01  2.376E-01  2.201E-01  2.030E-01  1.863E-01  1.701E-01  1.543E-01  1.391E-01  1.245E-01  1.105E-01  9.715E-02  8.447E-02  7.247E-02  6.118E-02  5.059E-02  4.074E-02  3.167E-02  2.348E-02  1.634E-02  1.054E-02
  342.0000  6.866E-01  6.681E-01  6.495E-01  6.307E-01  6.118E-01  5.927E-01  5.734E-01  5.541E-01  5.346E-01  5.151E-01  4.950E-01  4.754E-01  4.557E-01  4.365E-01  4.168E-01  3.972E-01  3.776E-01  3.582E-01  3.389E-01  3.197E-01  3.007E-01  2.819E-01  2.634E-01  2.452E-01  2.273E-01  2.098E-01  1.927E-01  1.761E-01  1.599E-01  1.443E-01  1.293E-01  1.149E-01  1.012E-01  8.816E-02  7.580E-02  6.415E-02  5.321E-02  4.300E-02  3.357E-02  2.502E-02  1.751E-02  1.136E-02
  343.0000  7.215E-01  7.021E-01  6.826E-01  6.628E-01  6.429E-01  6.228E-01  6.026E-01  5.823E-01  5.619E-01  5.414E-01  5.203E-01  4.997E-01  4.790E-01  4.588E-01  4.381E-01  4.175E-01  3.970E-01  3.765E-01  3.562E-01  3.361E-01  3.161E-01  2.964E-01  2.769E-01  2.577E-01  2.389E-01  2.205E-01  2.025E-01  1.850E-01  1.680E-01  1.516E-01  1.358E-01  1.207E-01  1.063E-01  9.254E-02  7.955E-02  6.730E-02  5.580E-02  4.508E-02  3.518E-02  2.620E-02  1.832E-02  1.187E-02
  344.0000  5.834E-01  5.677E-01  5.518E-01  5.358E-01  5.196E-01  5.033E-01  4.869E-01  4.704E-01  4.537E-01  4.371E-01  4.200E-01  4.032E-01  3.864E-01  3.700E-01  3.532E-01  3.365E-01  3.198E-01  3.032E-01  2.867E-01  2.704E-01  2.542E-01  2.381E-01  2.224E-01  2.068E-01  1.916E-01  1.766E-01  1.621E-01  1.479E-01  1.342E-01  1.209E-01  1.081E-01  9.591E-02  8.426E-02  7.321E-02  6.276E-02  5.293E-02  4.372E-02  3.517E-02  2.730E-02  2.020E-02  1.402E-02  9.014E-03
  345.0000  6.539E-01  6.364E-01  6.187E-01  6.009E-01  5.829E-01  5.647E-01  5.464E-01  5.280E-01  5.096E-01  4.910E-01  4.719E-01  4.533E-01  4.346E-01  4.162E-01  3.975E-01  3.789E-01  3.603E-01  3.418E-01  3.233E-01  3.051E-01  2.870E-01  2.691E-01  2.514E-01  2.340E-01  2.170E-01  2.002E-01  1.839E-01  1.680E-01  1.526E-01  1.377E-01  1.233E-01  1.096E-01  9.644E-02  8.397E-02  7.217E-02  6.105E-02  5.062E-02  4.089E-02  3.190E-02  2.375E-02  1.660E-02  1.075E-02
  346.0000  6.647E-01  6.469E-01  6.289E-01  6.107E-01  5.924E-01  5.739E-01  5.553E-01  5.365E-01  5.177E-01  4.988E-01  4.794E-01  4.603E-01  4.413E-01  4.226E-01  4.036E-01  3.845E-01  3.656E-01  3.467E-01  3.280E-01  3.093E-01  2.909E-01  2.727E-01  2.547E-01  2.370E-01  2.196E-01  2.026E-01  1.859E-01  1.698E-01  1.541E-01  1.389E-01  1.243E-01  1.103E-01  9.700E-02  8.435E-02  7.238E-02  6.112E-02  5.056E-02  4.074E-02  3.169E-02  2.351E-02  1.636E-02  1.055E-02
  347.0000  7.158E-01  6.967E-01  6.773E-01  6.578E-01  6.381E-01  6.182E-01  5.982E-01  5.781E-01  5.579E-01  5.376E-01  5.167E-01  4.963E-01  4.758E-01  4.557E-01  4.353E-01  4.148E-01  3.944E-01  3.741E-01  3.540E-01  3.339E-01  3.141E-01  2.945E-01  2.751E-01  2.560E-01  2.373E-01  2.190E-01  2.011E-01  1.836E-01  1.667E-01  1.503E-01  1.346E-01  1.195E-01  1.051E-01  9.145E-02  7.853E-02  6.636E-02  5.496E-02  4.433E-02  3.453E-02  2.566E-02  1.789E-02  1.155E-02
  348.0000  6.241E-01  6.075E-01  5.907E-01  5.737E-01  5.566E-01  5.393E-01  5.219E-01  5.044E-01  4.868E-01  4.691E-01  4.510E-01  4.332E-01  4.154E-01  3.979E-01  3.801E-01  3.623E-01  3.445E-01  3.269E-01  3.093E-01  2.918E-01  2.746E-01  2.575E-01  2.406E-01  2.240E-01  2.076E-01  1.916E-01  1.760E-01  1.607E-01  1.460E-01  1.317E-01  1.179E-01  1.048E-01  9.219E-02  8.024E-02  6.894E-02  5.830E-02  4.832E-02  3.902E-02  3.043E-02  2.265E-02  1.581E-02  1.023E-02
  349.0000  6.410E-01  6.240E-01  6.067E-01  5.893E-01  5.718E-01  5.541E-01  5.363E-01  5.183E-01  5.003E-01  4.821E-01  4.635E-01  4.453E-01  4.270E-01  4.091E-01  3.908E-01  3.726E-01  3.544E-01  3.362E-01  3.182E-01  3.003E-01  2.825E-01  2.650E-01  2.476E-01  2.306E-01  2.138E-01  1.973E-01  1.813E-01  1.656E-01  1.504E-01  1.357E-01  1.216E-01  1.080E-01  9.507E-02  8.278E-02  7.115E-02  6.019E-02  4.991E-02  4.033E-02  3.149E-02  2.345E-02  1.639E-02  1.061E-02
  350.0000  7.404E-01  7.207E-01  7.009E-01  6.808E-01  6.605E-01  6.401E-01  6.195E-01  5.988E-01  5.779E-01  5.570E-01  5.355E-01  5.145E-01  4.934E-01  4.727E-01  4.516E-01  4.305E-01  4.094E-01  3.885E-01  3.676E-01  3.469E-01  3.264E-01  3.061E-01  2.861E-01  2.664E-01  2.470E-01  2.279E-01  2.094E-01  1.913E-01  1.737E-01  1.567E-01  1.403E-01  1.247E-01  1.097E-01  9.549E-02  8.205E-02  6.939E-02  5.752E-02  4.646E-02  3.625E-02  2.698E-02  1.884E-02  1.218E-02
------------------------------------------------------------
