Spectral Irradiance, W m-2 nm-1
values at z =      3.216 km
Columns: wavelength (nm), solar zenith angles (deg.)
    wc, nm     49.000     50.000     51.000     52.000     53.000     54.000     55.000     56.000     57.000     58.000     59.000     60.000     61.000     62.000     63.000     64.000     65.000     66.000     67.000     68.000     69.000     70.000     71.000     72.000     73.000     74.000     75.000     76.000     77.000     78.000     79.000     80.000     81.000     82.000     83.000     84.000     85.000     86.000     87.000     88.000     89.000     90.000
  280.0000  0.000E+00  0.000E+00  0.000E+00  0.000E+00  0.000E+00  0.000E+00  0.000E+00  0.000E+00  0.000E+00  0.000E+00  0.000E+00  0.000E+00  0.000E+00  0.000E+00  0.000E+00  0.000E+00  0.000E+00  0.000E+00  0.000E+00  0.000E+00  0.000E+00  0.000E+00  0.000E+00  0.000E+00  0.000E+00  0.000E+00  0.000E+00  0.000E+00  0.000E+00  0.000E+00  0.000E+00  0.000E+00  0.000E+00  0.000E+00  0.000E+00  0.000E+00  0.000E+00  0.000E+00  0.000E+00  0.000E+00  0.000E+00  0.000E+00
  281.0000  0.000E+00  0.000E+00  0.000E+00  0.000E+00  0.000E+00  0.000E+00  0.000E+00  0.000E+00  0.000E+00  0.000E+00  0.000E+00  0.000E+00  0.000E+00  0.000E+00  0.000E+00  0.000E+00  0.000E+00  0.000E+00  0.000E+00  0.000E+00  0.000E+00  0.000E+00  0.000E+00  0.000E+00  0.000E+00  0.000E+00  0.000E+00  0.000E+00  0.000E+00  0.000E+00  0.000E+00  0.000E+00  0.000E+00  0.000E+00  0.000E+00  0.000E+00  0.000E+00  0.000E+00  0.000E+00  0.000E+00  0.000E+00  0.000E+00
  282.0000  0.000E+00  0.000E+00  0.000E+00  0.000E+00  0.000E+00  0.000E+00  0.000E+00  0.000E+00  0.000E+00  0.000E+00  0.000E+00  0.000E+00  0.000E+00  0.000E+00  0.000E+00  0.000E+00  0.000E+00  0.000E+00  0.000E+00  0.000E+00  0.000E+00  0.000E+00  0.000E+00  0.000E+00  0.000E+00  0.000E+00  0.000E+00  0.000E+00  0.000E+00  0.000E+00  0.000E+00  0.000E+00  0.000E+00  0.000E+00  0.000E+00  0.000E+00  0.000E+00  0.000E+00  0.000E+00  0.000E+00  0.000E+00  0.000E+00
  283.0000  0.000E+00  0.000E+00  0.000E+00  0.000E+00  0.000E+00  0.000E+00  0.000E+00  0.000E+00  0.000E+00  0.000E+00  0.000E+00  0.000E+00  0.000E+00  0.000E+00  0.000E+00  0.000E+00  0.000E+00  0.000E+00  0.000E+00  0.000E+00  0.000E+00  0.000E+00  0.000E+00  0.000E+00  0.000E+00  0.000E+00  0.000E+00  0.000E+00  0.000E+00  0.000E+00  0.000E+00  0.000E+00  0.000E+00  0.000E+00  0.000E+00  0.000E+00  0.000E+00  0.000E+00  0.000E+00  0.000E+00  0.000E+00  0.000E+00
  284.0000  0.000E+00  0.000E+00  0.000E+00  0.000E+00  0.000E+00  0.000E+00  0.000E+00  0.000E+00  0.000E+00  0.000E+00  0.000E+00  0.000E+00  0.000E+00  0.000E+00  0.000E+00  0.000E+00  0.000E+00  0.000E+00  0.000E+00  0.000E+00  0.000E+00  0.000E+00  0.000E+00  0.000E+00  0.000E+00  0.000E+00  0.000E+00  0.000E+00  0.000E+00  0.000E+00  0.000E+00  0.000E+00  0.000E+00  0.000E+00  0.000E+00  0.000E+00  0.000E+00  0.000E+00  0.000E+00  0.000E+00  0.000E+00  0.000E+00
  285.0000  0.000E+00  0.000E+00  0.000E+00  0.000E+00  0.000E+00  0.000E+00  0.000E+00  0.000E+00  0.000E+00  0.000E+00  0.000E+00  0.000E+00  0.000E+00  0.000E+00  0.000E+00  0.000E+00  0.000E+00  0.000E+00  0.000E+00  0.000E+00  0.000E+00  0.000E+00  0.000E+00  0.000E+00  0.000E+00  0.000E+00  0.000E+00  0.000E+00  0.000E+00  0.000E+00  0.000E+00  0.000E+00  0.000E+00  0.000E+00  0.000E+00  0.000E+00  0.000E+00  0.000E+00  0.000E+00  0.000E+00  0.000E+00  0.000E+00
  286.0000  0.000E+00  0.000E+00  0.000E+00  0.000E+00  0.000E+00  0.000E+00  0.000E+00  0.000E+00  0.000E+00  0.000E+00  0.000E+00  0.000E+00  0.000E+00  0.000E+00  0.000E+00  0.000E+00  0.000E+00  0.000E+00  0.000E+00  0.000E+00  0.000E+00  0.000E+00  0.000E+00  0.000E+00  0.000E+00  0.000E+00  0.000E+00  0.000E+00  0.000E+00  0.000E+00  0.000E+00  0.000E+00  0.000E+00  0.000E+00  0.000E+00  0.000E+00  0.000E+00  0.000E+00  0.000E+00  0.000E+00  0.000E+00  0.000E+00
  287.0000  0.000E+00  0.000E+00  0.000E+00  0.000E+00  0.000E+00  0.000E+00  0.000E+00  0.000E+00  0.000E+00  0.000E+00  0.000E+00  0.000E+00  0.000E+00  0.000E+00  0.000E+00  0.000E+00  0.000E+00  0.000E+00  0.000E+00  0.000E+00  0.000E+00  0.000E+00  0.000E+00  0.000E+00  0.000E+00  0.000E+00  0.000E+00  0.000E+00  0.000E+00  0.000E+00  0.000E+00  0.000E+00  0.000E+00  0.000E+00  0.000E+00  0.000E+00  0.000E+00  0.000E+00  0.000E+00  0.000E+00  0.000E+00  0.000E+00
  288.0000  0.000E+00  0.000E+00  0.000E+00  0.000E+00  0.000E+00  0.000E+00  0.000E+00  0.000E+00  0.000E+00  0.000E+00  0.000E+00  0.000E+00  0.000E+00  0.000E+00  0.000E+00  0.000E+00  0.000E+00  0.000E+00  0.000E+00  0.000E+00  0.000E+00  0.000E+00  0.000E+00  0.000E+00  0.000E+00  0.000E+00  0.000E+00  0.000E+00  0.000E+00  0.000E+00  0.000E+00  0.000E+00  0.000E+00  0.000E+00  0.000E+00  0.000E+00  0.000E+00  0.000E+00  0.000E+00  0.000E+00  0.000E+00  0.000E+00
  289.0000  0.000E+00  0.000E+00  0.000E+00  0.000E+00  0.000E+00  0.000E+00  0.000E+00  0.000E+00  0.000E+00  0.000E+00  0.000E+00  0.000E+00  0.000E+00  0.000E+00  0.000E+00  0.000E+00  0.000E+00  0.000E+00  0.000E+00  0.000E+00  0.000E+00  0.000E+00  0.000E+00  0.000E+00  0.000E+00  0.000E+00  0.000E+00  0.000E+00  0.000E+00  0.000E+00  0.000E+00  0.000E+00  0.000E+00  0.000E+00  0.000E+00  0.000E+00  0.000E+00  0.000E+00  0.000E+00  0.000E+00  0.000E+00  0.000E+00
  290.0000  0.000E+00  0.000E+00  0.000E+00  0.000E+00  0.000E+00  0.000E+00  0.000E+00  0.000E+00  0.000E+00  0.000E+00  0.000E+00  0.000E+00  0.000E+00  0.000E+00  0.000E+00  0.000E+00  0.000E+00  0.000E+00  0.000E+00  0.000E+00  0.000E+00  0.000E+00  0.000E+00  0.000E+00  0.000E+00  0.000E+00  0.000E+00  0.000E+00  0.000E+00  0.000E+00  0.000E+00  0.000E+00  0.000E+00  0.000E+00  0.000E+00  0.000E+00  0.000E+00  0.000E+00  0.000E+00  0.000E+00  0.000E+00  0.000E+00
  291.0000  0.000E+00  0.000E+00  0.000E+00  0.000E+00  0.000E+00  0.000E+00  0.000E+00  0.000E+00  0.000E+00  0.000E+00  0.000E+00  0.000E+00  0.000E+00  0.000E+00  0.000E+00  0.000E+00  0.000E+00  0.000E+00  0.000E+00  0.000E+00  0.000E+00  0.000E+00  0.000E+00  0.000E+00  0.000E+00  0.000E+00  0.000E+00  0.000E+00  0.000E+00  0.000E+00  0.000E+00  0.000E+00  0.000E+00  0.000E+00  0.000E+00  0.000E+00  0.000E+00  0.000E+00  0.000E+00  0.000E+00  0.000E+00  0.000E+00
  292.0000  0.000E+00  0.000E+00  0.000E+00  0.000E+00  0.000E+00  0.000E+00  0.000E+00  0.000E+00  0.000E+00  0.000E+00  0.000E+00  0.000E+00  0.000E+00  0.000E+00  0.000E+00  0.000E+00  0.000E+00  0.000E+00  0.000E+00  0.000E+00  0.000E+00  0.000E+00  0.000E+00  0.000E+00  0.000E+00  0.000E+00  0.000E+00  0.000E+00  0.000E+00  0.000E+00  0.000E+00  0.000E+00  0.000E+00  0.000E+00  0.000E+00  0.000E+00  0.000E+00  0.000E+00  0.000E+00  0.000E+00  0.000E+00  0.000E+00
  293.0000  0.000E+00  0.000E+00  0.000E+00  0.000E+00  0.000E+00  0.000E+00  0.000E+00  0.000E+00  0.000E+00  0.000E+00  0.000E+00  0.000E+00  0.000E+00  0.000E+00  0.000E+00  0.000E+00  0.000E+00  0.000E+00  0.000E+00  0.000E+00  0.000E+00  0.000E+00  0.000E+00  0.000E+00  0.000E+00  0.000E+00  0.000E+00  0.000E+00  0.000E+00  0.000E+00  0.000E+00  0.000E+00  0.000E+00  0.000E+00  0.000E+00  0.000E+00  0.000E+00  0.000E+00  0.000E+00  0.000E+00  0.000E+00  0.000E+00
  294.0000  0.000E+00  0.000E+00  0.000E+00  0.000E+00  0.000E+00  0.000E+00  0.000E+00  0.000E+00  0.000E+00  0.000E+00  0.000E+00  0.000E+00  0.000E+00  0.000E+00  0.000E+00  0.000E+00  0.000E+00  0.000E+00  0.000E+00  0.000E+00  0.000E+00  0.000E+00  0.000E+00  0.000E+00  0.000E+00  0.000E+00  0.000E+00  0.000E+00  0.000E+00  0.000E+00  0.000E+00  0.000E+00  0.000E+00  0.000E+00  0.000E+00  0.000E+00  0.000E+00  0.000E+00  0.000E+00  0.000E+00  0.000E+00  0.000E+00
  295.0000  7.528E-08  5.419E-08  3.834E-08  2.664E-08  1.815E-08  1.211E-08  7.903E-09  5.040E-09  3.137E-09  1.903E-09  1.123E-09  6.327E-10  3.627E-10  2.016E-10  1.106E-10  6.093E-11  3.456E-11  2.075E-11  1.350E-11  9.576E-12  7.318E-12  5.908E-12  4.945E-12  4.237E-12  3.687E-12  3.244E-12  2.877E-12  2.567E-12  2.301E-12  2.070E-12  1.866E-12  1.683E-12  1.518E-12  1.366E-12  1.225E-12  1.093E-12  9.675E-13  8.464E-13  7.283E-13  6.117E-13  4.957E-13  3.828E-13
  296.0000  7.808E-07  5.870E-07  4.349E-07  3.170E-07  2.273E-07  1.600E-07  1.106E-07  7.491E-08  4.969E-08  3.225E-08  2.020E-08  1.244E-08  7.655E-09  4.584E-09  2.701E-09  1.580E-09  9.340E-10  5.688E-10  3.645E-10  2.497E-10  1.835E-10  1.432E-10  1.169E-10  9.849E-11  8.467E-11  7.379E-11  6.494E-11  5.756E-11  5.128E-11  4.586E-11  4.112E-11  3.691E-11  3.314E-11  2.970E-11  2.654E-11  2.360E-11  2.082E-11  1.816E-11  1.559E-11  1.306E-11  1.057E-11  8.157E-12
  297.0000  2.188E-06  1.694E-06  1.294E-06  9.751E-07  7.236E-07  5.285E-07  3.796E-07  2.678E-07  1.855E-07  1.259E-07  8.404E-08  5.365E-08  3.467E-08  2.185E-08  1.353E-08  8.283E-09  5.074E-09  3.154E-09  2.025E-09  1.365E-09  9.768E-10  7.412E-10  5.911E-10  4.892E-10  4.154E-10  3.587E-10  3.135E-10  2.762E-10  2.448E-10  2.178E-10  1.944E-10  1.738E-10  1.554E-10  1.388E-10  1.237E-10  1.096E-10  9.643E-11  8.390E-11  7.183E-11  6.007E-11  4.852E-11  3.742E-11
  298.0000  1.566E-05  1.252E-05  9.898E-06  7.728E-06  5.959E-06  4.531E-06  3.395E-06  2.505E-06  1.819E-06  1.298E-06  9.042E-07  6.175E-07  4.212E-07  2.811E-07  1.842E-07  1.190E-07  7.634E-08  4.908E-08  3.201E-08  2.148E-08  1.503E-08  1.104E-08  8.521E-09  6.860E-09  5.704E-09  4.853E-09  4.193E-09  3.661E-09  3.220E-09  2.846E-09  2.524E-09  2.244E-09  1.995E-09  1.773E-09  1.572E-09  1.387E-09  1.215E-09  1.054E-09  8.990E-10  7.495E-10  6.039E-10  4.649E-10
  299.0000  4.300E-05  3.517E-05  2.846E-05  2.279E-05  1.803E-05  1.410E-05  1.088E-05  8.280E-06  6.208E-06  4.583E-06  3.340E-06  2.352E-06  1.666E-06  1.156E-06  7.887E-07  5.297E-07  3.522E-07  2.332E-07  1.551E-07  1.048E-07  7.276E-08  5.249E-08  3.954E-08  3.107E-08  2.532E-08  2.120E-08  1.811E-08  1.567E-08  1.369E-08  1.202E-08  1.061E-08  9.378E-09  8.300E-09  7.342E-09  6.481E-09  5.697E-09  4.974E-09  4.297E-09  3.655E-09  3.039E-09  2.443E-09  1.877E-09
  300.0000  1.204E-04  1.009E-04  8.385E-05  6.900E-05  5.620E-05  4.529E-05  3.609E-05  2.841E-05  2.208E-05  1.694E-05  1.272E-05  9.440E-06  6.971E-06  5.058E-06  3.610E-06  2.535E-06  1.759E-06  1.210E-06  8.294E-07  5.706E-07  3.977E-07  2.837E-07  2.089E-07  1.595E-07  1.263E-07  1.033E-07  8.653E-08  7.381E-08  6.375E-08  5.550E-08  4.857E-08  4.264E-08  3.749E-08  3.295E-08  2.891E-08  2.527E-08  2.195E-08  1.887E-08  1.598E-08  1.323E-08  1.060E-08  8.124E-09
  301.0000  3.812E-04  3.255E-04  2.758E-04  2.317E-04  1.929E-04  1.591E-04  1.299E-04  1.049E-04  8.380E-05  6.613E-05  5.168E-05  3.925E-05  2.992E-05  2.246E-05  1.659E-05  1.207E-05  8.671E-06  6.160E-06  4.343E-06  3.052E-06  2.153E-06  1.537E-06  1.120E-06  8.392E-07  6.491E-07  5.183E-07  4.256E-07  3.572E-07  3.046E-07  2.626E-07  2.280E-07  1.987E-07  1.736E-07  1.516E-07  1.323E-07  1.150E-07  9.934E-08  8.499E-08  7.165E-08  5.909E-08  4.715E-08  3.603E-08
  302.0000  7.499E-04  6.508E-04  5.608E-04  4.796E-04  4.069E-04  3.424E-04  2.854E-04  2.357E-04  1.927E-04  1.559E-04  1.239E-04  9.766E-05  7.652E-05  5.914E-05  4.505E-05  3.380E-05  2.504E-05  1.833E-05  1.329E-05  9.563E-06  6.864E-06  4.943E-06  3.598E-06  2.667E-06  2.026E-06  1.583E-06  1.272E-06  1.048E-06  8.799E-07  7.496E-07  6.446E-07  5.575E-07  4.835E-07  4.197E-07  3.639E-07  3.144E-07  2.701E-07  2.298E-07  1.928E-07  1.582E-07  1.257E-07  9.575E-08
  303.0000  2.503E-03  2.208E-03  1.936E-03  1.686E-03  1.459E-03  1.252E-03  1.067E-03  9.009E-04  7.542E-04  6.255E-04  5.159E-04  4.142E-04  3.339E-04  2.659E-04  2.090E-04  1.620E-04  1.240E-04  9.382E-05  7.016E-05  5.196E-05  3.820E-05  2.799E-05  2.054E-05  1.519E-05  1.140E-05  8.727E-06  6.844E-06  5.500E-06  4.520E-06  3.782E-06  3.206E-06  2.741E-06  2.355E-06  2.026E-06  1.742E-06  1.494E-06  1.273E-06  1.076E-06  8.962E-07  7.310E-07  5.777E-07  4.378E-07
  304.0000  3.954E-03  3.524E-03  3.124E-03  2.752E-03  2.409E-03  2.095E-03  1.809E-03  1.549E-03  1.317E-03  1.110E-03  9.248E-04  7.609E-04  6.244E-04  5.070E-04  4.065E-04  3.217E-04  2.516E-04  1.944E-04  1.485E-04  1.122E-04  8.402E-05  6.249E-05  4.634E-05  3.443E-05  2.578E-05  1.956E-05  1.513E-05  1.196E-05  9.668E-06  7.970E-06  6.674E-06  5.650E-06  4.814E-06  4.114E-06  3.516E-06  2.996E-06  2.539E-06  2.133E-06  1.768E-06  1.435E-06  1.129E-06  8.518E-07
  305.0000  8.619E-03  7.786E-03  6.997E-03  6.255E-03  5.560E-03  4.914E-03  4.315E-03  3.764E-03  3.260E-03  2.803E-03  2.383E-03  2.009E-03  1.686E-03  1.403E-03  1.154E-03  9.379E-04  7.540E-04  5.993E-04  4.710E-04  3.660E-04  2.814E-04  2.143E-04  1.620E-04  1.220E-04  9.180E-05  6.942E-05  5.303E-05  4.112E-05  3.248E-05  2.615E-05  2.144E-05  1.783E-05  1.497E-05  1.264E-05  1.068E-05  9.017E-06  7.571E-06  6.303E-06  5.177E-06  4.168E-06  3.254E-06  2.440E-06
  306.0000  1.092E-02  9.946E-03  9.017E-03  8.135E-03  7.303E-03  6.520E-03  5.788E-03  5.107E-03  4.477E-03  3.898E-03  3.353E-03  2.873E-03  2.448E-03  2.068E-03  1.729E-03  1.430E-03  1.170E-03  9.472E-04  7.584E-04  6.005E-04  4.703E-04  3.645E-04  2.799E-04  2.134E-04  1.620E-04  1.229E-04  9.359E-05  7.195E-05  5.608E-05  4.444E-05  3.583E-05  2.935E-05  2.433E-05  2.033E-05  1.704E-05  1.427E-05  1.189E-05  9.828E-06  8.018E-06  6.412E-06  4.976E-06  3.711E-06
  307.0000  1.928E-02  1.771E-02  1.621E-02  1.477E-02  1.339E-02  1.209E-02  1.085E-02  9.692E-03  8.605E-03  7.593E-03  6.637E-03  5.766E-03  4.988E-03  4.285E-03  3.645E-03  3.069E-03  2.560E-03  2.114E-03  1.728E-03  1.397E-03  1.117E-03  8.837E-04  6.917E-04  5.363E-04  4.126E-04  3.157E-04  2.412E-04  1.847E-04  1.424E-04  1.110E-04  8.785E-05  7.057E-05  5.747E-05  4.728E-05  3.912E-05  3.240E-05  2.674E-05  2.190E-05  1.770E-05  1.403E-05  1.080E-05  8.002E-06
  308.0000  3.014E-02  2.792E-02  2.576E-02  2.368E-02  2.167E-02  1.976E-02  1.792E-02  1.618E-02  1.453E-02  1.298E-02  1.146E-02  1.013E-02  8.886E-03  7.748E-03  6.696E-03  5.734E-03  4.868E-03  4.095E-03  3.411E-03  2.813E-03  2.295E-03  1.852E-03  1.479E-03  1.168E-03  9.136E-04  7.085E-04  5.460E-04  4.193E-04  3.222E-04  2.488E-04  1.938E-04  1.528E-04  1.220E-04  9.856E-05  8.028E-05  6.562E-05  5.353E-05  4.336E-05  3.469E-05  2.722E-05  2.075E-05  1.524E-05
  309.0000  3.667E-02  3.411E-02  3.162E-02  2.921E-02  2.688E-02  2.463E-02  2.247E-02  2.041E-02  1.845E-02  1.659E-02  1.477E-02  1.314E-02  1.162E-02  1.022E-02  8.906E-03  7.698E-03  6.600E-03  5.609E-03  4.723E-03  3.938E-03  3.250E-03  2.654E-03  2.143E-03  1.712E-03  1.353E-03  1.059E-03  8.222E-04  6.343E-04  4.879E-04  3.756E-04  2.905E-04  2.268E-04  1.790E-04  1.429E-04  1.151E-04  9.318E-05  7.540E-05  6.063E-05  4.816E-05  3.753E-05  2.843E-05  2.076E-05
  310.0000  4.848E-02  4.546E-02  4.250E-02  3.962E-02  3.680E-02  3.407E-02  3.141E-02  2.885E-02  2.639E-02  2.403E-02  2.171E-02  1.956E-02  1.754E-02  1.567E-02  1.388E-02  1.221E-02  1.066E-02  9.237E-03  7.937E-03  6.759E-03  5.703E-03  4.764E-03  3.938E-03  3.220E-03  2.603E-03  2.082E-03  1.647E-03  1.289E-03  1.001E-03  7.729E-04  5.948E-04  4.580E-04  3.543E-04  2.761E-04  2.170E-04  1.717E-04  1.361E-04  1.075E-04  8.400E-05  6.442E-05  4.804E-05  3.458E-05
  311.0000  9.182E-02  8.640E-02  8.106E-02  7.583E-02  7.071E-02  6.572E-02  6.086E-02  5.616E-02  5.161E-02  4.723E-02  4.284E-02  3.887E-02  3.507E-02  3.152E-02  2.811E-02  2.490E-02  2.190E-02  1.912E-02  1.657E-02  1.423E-02  1.212E-02  1.022E-02  8.530E-03  7.044E-03  5.753E-03  4.645E-03  3.708E-03  2.928E-03  2.288E-03  1.773E-03  1.366E-03  1.049E-03  8.069E-04  6.232E-04  4.844E-04  3.789E-04  2.973E-04  2.327E-04  1.803E-04  1.372E-04  1.015E-04  7.256E-05
  312.0000  9.713E-02  9.181E-02  8.657E-02  8.140E-02  7.632E-02  7.134E-02  6.647E-02  6.172E-02  5.710E-02  5.263E-02  4.812E-02  4.401E-02  4.004E-02  3.632E-02  3.268E-02  2.924E-02  2.600E-02  2.296E-02  2.013E-02  1.751E-02  1.510E-02  1.291E-02  1.094E-02  9.167E-03  7.602E-03  6.232E-03  5.050E-03  4.043E-03  3.199E-03  2.503E-03  1.940E-03  1.491E-03  1.141E-03  8.718E-04  6.674E-04  5.129E-04  3.953E-04  3.044E-04  2.324E-04  1.744E-04  1.273E-04  8.983E-05
  313.0000  1.281E-01  1.216E-01  1.152E-01  1.089E-01  1.026E-01  9.645E-02  9.039E-02  8.445E-02  7.865E-02  7.299E-02  6.711E-02  6.197E-02  5.684E-02  5.199E-02  4.722E-02  4.266E-02  3.832E-02  3.422E-02  3.035E-02  2.673E-02  2.336E-02  2.025E-02  1.740E-02  1.481E-02  1.247E-02  1.039E-02  8.558E-03  6.962E-03  5.593E-03  4.436E-03  3.474E-03  2.689E-03  2.061E-03  1.568E-03  1.187E-03  8.973E-04  6.784E-04  5.122E-04  3.841E-04  2.834E-04  2.035E-04  1.413E-04
  314.0000  1.487E-01  1.415E-01  1.343E-01  1.271E-01  1.201E-01  1.131E-01  1.062E-01  9.949E-02  9.288E-02  8.642E-02  7.980E-02  7.381E-02  6.791E-02  6.232E-02  5.680E-02  5.151E-02  4.645E-02  4.165E-02  3.711E-02  3.283E-02  2.884E-02  2.513E-02  2.171E-02  1.859E-02  1.575E-02  1.320E-02  1.094E-02  8.961E-03  7.244E-03  5.779E-03  4.549E-03  3.535E-03  2.715E-03  2.064E-03  1.558E-03  1.171E-03  8.787E-04  6.578E-04  4.892E-04  3.583E-04  2.555E-04  1.762E-04
  315.0000  1.812E-01  1.732E-01  1.652E-01  1.572E-01  1.494E-01  1.415E-01  1.338E-01  1.261E-01  1.186E-01  1.112E-01  1.036E-01  9.654E-02  8.961E-02  8.299E-02  7.640E-02  7.002E-02  6.387E-02  5.796E-02  5.231E-02  4.692E-02  4.182E-02  3.701E-02  3.250E-02  2.831E-02  2.444E-02  2.089E-02  1.766E-02  1.477E-02  1.219E-02  9.928E-03  7.970E-03  6.302E-03  4.906E-03  3.760E-03  2.839E-03  2.115E-03  1.559E-03  1.139E-03  8.247E-04  5.880E-04  4.087E-04  2.747E-04
  316.0000  1.498E-01  1.433E-01  1.367E-01  1.302E-01  1.238E-01  1.174E-01  1.110E-01  1.047E-01  9.855E-02  9.246E-02  8.624E-02  8.043E-02  7.472E-02  6.926E-02  6.383E-02  5.856E-02  5.348E-02  4.859E-02  4.390E-02  3.943E-02  3.519E-02  3.119E-02  2.744E-02  2.394E-02  2.070E-02  1.772E-02  1.502E-02  1.258E-02  1.040E-02  8.490E-03  6.829E-03  5.410E-03  4.218E-03  3.236E-03  2.445E-03  1.821E-03  1.341E-03  9.778E-04  7.059E-04  5.021E-04  3.481E-04  2.334E-04
  317.0000  2.556E-01  2.453E-01  2.350E-01  2.247E-01  2.144E-01  2.042E-01  1.940E-01  1.839E-01  1.739E-01  1.640E-01  1.539E-01  1.444E-01  1.350E-01  1.259E-01  1.169E-01  1.081E-01  9.950E-02  9.118E-02  8.316E-02  7.543E-02  6.804E-02  6.098E-02  5.429E-02  4.798E-02  4.206E-02  3.654E-02  3.144E-02  2.677E-02  2.252E-02  1.871E-02  1.532E-02  1.235E-02  9.789E-03  7.617E-03  5.812E-03  4.347E-03  3.189E-03  2.296E-03  1.625E-03  1.128E-03  7.632E-04  4.991E-04
  318.0000  2.275E-01  2.184E-01  2.093E-01  2.002E-01  1.911E-01  1.821E-01  1.731E-01  1.642E-01  1.554E-01  1.466E-01  1.377E-01  1.292E-01  1.209E-01  1.129E-01  1.049E-01  9.703E-02  8.940E-02  8.201E-02  7.486E-02  6.798E-02  6.138E-02  5.508E-02  4.909E-02  4.344E-02  3.813E-02  3.318E-02  2.859E-02  2.438E-02  2.055E-02  1.710E-02  1.402E-02  1.133E-02  8.992E-03  7.007E-03  5.354E-03  4.007E-03  2.939E-03  2.115E-03  1.494E-03  1.035E-03  6.985E-04  4.558E-04
  319.0000  2.970E-01  2.863E-01  2.755E-01  2.647E-01  2.539E-01  2.431E-01  2.323E-01  2.215E-01  2.108E-01  2.002E-01  1.893E-01  1.789E-01  1.685E-01  1.586E-01  1.485E-01  1.386E-01  1.290E-01  1.195E-01  1.102E-01  1.013E-01  9.256E-02  8.417E-02  7.609E-02  6.836E-02  6.099E-02  5.401E-02  4.743E-02  4.127E-02  3.555E-02  3.027E-02  2.544E-02  2.107E-02  1.717E-02  1.373E-02  1.074E-02  8.202E-03  6.093E-03  4.394E-03  3.071E-03  2.078E-03  1.356E-03  8.527E-04
  320.0000  3.151E-01  3.032E-01  2.913E-01  2.794E-01  2.675E-01  2.556E-01  2.438E-01  2.320E-01  2.203E-01  2.087E-01  1.968E-01  1.855E-01  1.743E-01  1.635E-01  1.526E-01  1.419E-01  1.315E-01  1.214E-01  1.115E-01  1.020E-01  9.274E-02  8.387E-02  7.539E-02  6.731E-02  5.965E-02  5.244E-02  4.569E-02  3.942E-02  3.364E-02  2.836E-02  2.359E-02  1.933E-02  1.557E-02  1.230E-02  9.515E-03  7.191E-03  5.301E-03  3.809E-03  2.667E-03  1.820E-03  1.205E-03  7.702E-04
  321.0000  3.809E-01  3.680E-01  3.551E-01  3.422E-01  3.292E-01  3.162E-01  3.032E-01  2.901E-01  2.772E-01  2.642E-01  2.509E-01  2.382E-01  2.255E-01  2.132E-01  2.007E-01  1.884E-01  1.763E-01  1.644E-01  1.528E-01  1.414E-01  1.302E-01  1.194E-01  1.090E-01  9.886E-02  8.915E-02  7.985E-02  7.100E-02  6.261E-02  5.471E-02  4.732E-02  4.045E-02  3.412E-02  2.835E-02  2.314E-02  1.849E-02  1.442E-02  1.092E-02  7.992E-03  5.627E-03  3.794E-03  2.439E-03  1.497E-03
  322.0000  3.725E-01  3.597E-01  3.469E-01  3.340E-01  3.211E-01  3.082E-01  2.952E-01  2.823E-01  2.694E-01  2.566E-01  2.434E-01  2.308E-01  2.182E-01  2.061E-01  1.938E-01  1.817E-01  1.697E-01  1.580E-01  1.466E-01  1.354E-01  1.245E-01  1.139E-01  1.036E-01  9.378E-02  8.432E-02  7.529E-02  6.671E-02  5.861E-02  5.101E-02  4.392E-02  3.737E-02  3.136E-02  2.591E-02  2.102E-02  1.669E-02  1.293E-02  9.737E-03  7.091E-03  4.978E-03  3.356E-03  2.167E-03  1.340E-03
  323.0000  3.325E-01  3.213E-01  3.100E-01  2.987E-01  2.873E-01  2.759E-01  2.645E-01  2.531E-01  2.417E-01  2.304E-01  2.188E-01  2.076E-01  1.965E-01  1.858E-01  1.749E-01  1.641E-01  1.535E-01  1.431E-01  1.329E-01  1.229E-01  1.132E-01  1.037E-01  9.458E-02  8.575E-02  7.726E-02  6.914E-02  6.141E-02  5.409E-02  4.721E-02  4.077E-02  3.480E-02  2.931E-02  2.430E-02  1.979E-02  1.579E-02  1.228E-02  9.281E-03  6.780E-03  4.766E-03  3.210E-03  2.066E-03  1.270E-03
  324.0000  4.368E-01  4.234E-01  4.098E-01  3.962E-01  3.826E-01  3.688E-01  3.550E-01  3.412E-01  3.273E-01  3.135E-01  2.993E-01  2.856E-01  2.718E-01  2.585E-01  2.449E-01  2.315E-01  2.182E-01  2.050E-01  1.920E-01  1.792E-01  1.667E-01  1.544E-01  1.424E-01  1.307E-01  1.194E-01  1.084E-01  9.785E-02  8.771E-02  7.802E-02  6.880E-02  6.009E-02  5.190E-02  4.425E-02  3.715E-02  3.063E-02  2.470E-02  1.937E-02  1.469E-02  1.068E-02  7.367E-03  4.779E-03  2.904E-03
  325.0000  4.317E-01  4.177E-01  4.036E-01  3.895E-01  3.753E-01  3.610E-01  3.467E-01  3.324E-01  3.181E-01  3.038E-01  2.892E-01  2.751E-01  2.610E-01  2.474E-01  2.335E-01  2.198E-01  2.063E-01  1.930E-01  1.799E-01  1.670E-01  1.545E-01  1.422E-01  1.303E-01  1.187E-01  1.076E-01  9.688E-02  8.662E-02  7.685E-02  6.760E-02  5.888E-02  5.073E-02  4.316E-02  3.619E-02  2.984E-02  2.411E-02  1.901E-02  1.457E-02  1.078E-02  7.657E-03  5.187E-03  3.332E-03  2.030E-03
  326.0000  6.082E-01  5.895E-01  5.707E-01  5.517E-01  5.326E-01  5.134E-01  4.942E-01  4.749E-01  4.556E-01  4.363E-01  4.165E-01  3.973E-01  3.782E-01  3.596E-01  3.407E-01  3.219E-01  3.033E-01  2.849E-01  2.668E-01  2.490E-01  2.315E-01  2.144E-01  1.976E-01  1.813E-01  1.655E-01  1.502E-01  1.355E-01  1.213E-01  1.078E-01  9.500E-02  8.287E-02  7.149E-02  6.086E-02  5.102E-02  4.199E-02  3.379E-02  2.645E-02  2.001E-02  1.451E-02  9.990E-03  6.467E-03  3.926E-03
  327.0000  6.196E-01  6.013E-01  5.828E-01  5.642E-01  5.454E-01  5.266E-01  5.077E-01  4.887E-01  4.697E-01  4.506E-01  4.311E-01  4.121E-01  3.931E-01  3.746E-01  3.558E-01  3.371E-01  3.186E-01  3.002E-01  2.820E-01  2.641E-01  2.465E-01  2.292E-01  2.123E-01  1.957E-01  1.796E-01  1.639E-01  1.487E-01  1.341E-01  1.201E-01  1.067E-01  9.394E-02  8.187E-02  7.050E-02  5.987E-02  4.999E-02  4.089E-02  3.259E-02  2.515E-02  1.863E-02  1.309E-02  8.623E-03  5.290E-03
  328.0000  5.612E-01  5.439E-01  5.264E-01  5.089E-01  4.912E-01  4.734E-01  4.556E-01  4.378E-01  4.199E-01  4.020E-01  3.837E-01  3.659E-01  3.482E-01  3.310E-01  3.134E-01  2.961E-01  2.788E-01  2.618E-01  2.451E-01  2.286E-01  2.124E-01  1.965E-01  1.810E-01  1.660E-01  1.514E-01  1.372E-01  1.236E-01  1.106E-01  9.812E-02  8.631E-02  7.516E-02  6.471E-02  5.497E-02  4.597E-02  3.773E-02  3.028E-02  2.362E-02  1.781E-02  1.287E-02  8.834E-03  5.707E-03  3.464E-03
  329.0000  6.380E-01  6.196E-01  6.010E-01  5.822E-01  5.634E-01  5.444E-01  5.254E-01  5.062E-01  4.870E-01  4.678E-01  4.480E-01  4.288E-01  4.096E-01  3.909E-01  3.718E-01  3.528E-01  3.340E-01  3.153E-01  2.968E-01  2.785E-01  2.605E-01  2.428E-01  2.254E-01  2.084E-01  1.917E-01  1.756E-01  1.599E-01  1.447E-01  1.301E-01  1.161E-01  1.028E-01  9.006E-02  7.806E-02  6.676E-02  5.620E-02  4.640E-02  3.738E-02  2.919E-02  2.190E-02  1.560E-02  1.040E-02  6.439E-03
  330.0000  7.440E-01  7.227E-01  7.013E-01  6.796E-01  6.578E-01  6.359E-01  6.138E-01  5.916E-01  5.694E-01  5.471E-01  5.243E-01  5.020E-01  4.797E-01  4.580E-01  4.359E-01  4.139E-01  3.920E-01  3.703E-01  3.488E-01  3.275E-01  3.066E-01  2.859E-01  2.657E-01  2.458E-01  2.265E-01  2.076E-01  1.893E-01  1.715E-01  1.545E-01  1.381E-01  1.224E-01  1.075E-01  9.336E-02  8.006E-02  6.760E-02  5.600E-02  4.529E-02  3.554E-02  2.680E-02  1.921E-02  1.289E-02  8.029E-03
  331.0000  6.088E-01  5.908E-01  5.727E-01  5.545E-01  5.361E-01  5.176E-01  4.991E-01  4.804E-01  4.618E-01  4.431E-01  4.239E-01  4.052E-01  3.866E-01  3.685E-01  3.500E-01  3.316E-01  3.133E-01  2.953E-01  2.774E-01  2.598E-01  2.424E-01  2.254E-01  2.087E-01  1.923E-01  1.764E-01  1.610E-01  1.460E-01  1.316E-01  1.177E-01  1.045E-01  9.193E-02  8.003E-02  6.884E-02  5.838E-02  4.868E-02  3.975E-02  3.163E-02  2.436E-02  1.800E-02  1.261E-02  8.282E-03  5.065E-03
  332.0000  6.394E-01  6.214E-01  6.031E-01  5.847E-01  5.661E-01  5.475E-01  5.287E-01  5.099E-01  4.910E-01  4.720E-01  4.525E-01  4.335E-01  4.145E-01  3.960E-01  3.771E-01  3.583E-01  3.396E-01  3.210E-01  3.027E-01  2.845E-01  2.665E-01  2.488E-01  2.314E-01  2.144E-01  1.977E-01  1.815E-01  1.657E-01  1.504E-01  1.356E-01  1.215E-01  1.079E-01  9.496E-02  8.270E-02  7.112E-02  6.025E-02  5.010E-02  4.070E-02  3.210E-02  2.435E-02  1.756E-02  1.185E-02  7.422E-03
  333.0000  6.854E-01  6.663E-01  6.470E-01  6.276E-01  6.080E-01  5.883E-01  5.685E-01  5.485E-01  5.285E-01  5.084E-01  4.878E-01  4.677E-01  4.476E-01  4.279E-01  4.079E-01  3.879E-01  3.681E-01  3.483E-01  3.288E-01  3.094E-01  2.903E-01  2.714E-01  2.528E-01  2.346E-01  2.168E-01  1.994E-01  1.824E-01  1.660E-01  1.501E-01  1.348E-01  1.202E-01  1.062E-01  9.283E-02  8.022E-02  6.834E-02  5.720E-02  4.683E-02  3.725E-02  2.855E-02  2.083E-02  1.424E-02  9.027E-03
  334.0000  5.967E-01  5.797E-01  5.625E-01  5.452E-01  5.277E-01  5.101E-01  4.925E-01  4.747E-01  4.569E-01  4.390E-01  4.207E-01  4.029E-01  3.850E-01  3.676E-01  3.498E-01  3.321E-01  3.145E-01  2.971E-01  2.798E-01  2.627E-01  2.459E-01  2.293E-01  2.130E-01  1.970E-01  1.814E-01  1.662E-01  1.515E-01  1.372E-01  1.234E-01  1.102E-01  9.760E-02  8.561E-02  7.426E-02  6.358E-02  5.360E-02  4.431E-02  3.577E-02  2.799E-02  2.105E-02  1.503E-02  1.005E-02  6.228E-03
  335.0000  6.979E-01  6.786E-01  6.592E-01  6.396E-01  6.198E-01  5.999E-01  5.798E-01  5.597E-01  5.395E-01  5.192E-01  4.983E-01  4.780E-01  4.576E-01  4.377E-01  4.174E-01  3.972E-01  3.770E-01  3.570E-01  3.372E-01  3.175E-01  2.981E-01  2.789E-01  2.600E-01  2.415E-01  2.233E-01  2.056E-01  1.883E-01  1.715E-01  1.553E-01  1.396E-01  1.246E-01  1.103E-01  9.659E-02  8.364E-02  7.142E-02  5.995E-02  4.924E-02  3.933E-02  3.028E-02  2.221E-02  1.527E-02  9.729E-03
  336.0000  5.963E-01  5.800E-01  5.635E-01  5.469E-01  5.301E-01  5.132E-01  4.963E-01  4.792E-01  4.620E-01  4.448E-01  4.271E-01  4.098E-01  3.925E-01  3.756E-01  3.584E-01  3.412E-01  3.241E-01  3.070E-01  2.901E-01  2.734E-01  2.568E-01  2.405E-01  2.244E-01  2.086E-01  1.931E-01  1.779E-01  1.631E-01  1.488E-01  1.349E-01  1.215E-01  1.086E-01  9.624E-02  8.449E-02  7.334E-02  6.280E-02  5.289E-02  4.361E-02  3.499E-02  2.709E-02  1.999E-02  1.384E-02  8.882E-03
  337.0000  5.588E-01  5.432E-01  5.275E-01  5.117E-01  4.957E-01  4.796E-01  4.634E-01  4.472E-01  4.308E-01  4.144E-01  3.976E-01  3.812E-01  3.648E-01  3.487E-01  3.323E-01  3.160E-01  2.998E-01  2.837E-01  2.677E-01  2.518E-01  2.362E-01  2.207E-01  2.055E-01  1.906E-01  1.760E-01  1.618E-01  1.479E-01  1.344E-01  1.214E-01  1.089E-01  9.693E-02  8.548E-02  7.461E-02  6.434E-02  5.468E-02  4.564E-02  3.725E-02  2.953E-02  2.253E-02  1.635E-02  1.111E-02  6.999E-03
  338.0000  6.305E-01  6.131E-01  5.955E-01  5.778E-01  5.600E-01  5.420E-01  5.239E-01  5.058E-01  4.875E-01  4.692E-01  4.504E-01  4.320E-01  4.136E-01  3.956E-01  3.772E-01  3.590E-01  3.407E-01  3.226E-01  3.047E-01  2.869E-01  2.693E-01  2.519E-01  2.348E-01  2.180E-01  2.016E-01  1.855E-01  1.698E-01  1.546E-01  1.399E-01  1.257E-01  1.121E-01  9.912E-02  8.675E-02  7.504E-02  6.400E-02  5.365E-02  4.399E-02  3.508E-02  2.695E-02  1.971E-02  1.351E-02  8.575E-03
  339.0000  6.762E-01  6.579E-01  6.394E-01  6.207E-01  6.018E-01  5.828E-01  5.637E-01  5.445E-01  5.252E-01  5.058E-01  4.859E-01  4.664E-01  4.470E-01  4.279E-01  4.084E-01  3.890E-01  3.697E-01  3.504E-01  3.313E-01  3.124E-01  2.937E-01  2.751E-01  2.569E-01  2.389E-01  2.213E-01  2.041E-01  1.873E-01  1.710E-01  1.552E-01  1.399E-01  1.252E-01  1.111E-01  9.768E-02  8.493E-02  7.287E-02  6.151E-02  5.086E-02  4.095E-02  3.183E-02  2.359E-02  1.642E-02  1.059E-02
  340.0000  7.575E-01  7.369E-01  7.160E-01  6.949E-01  6.737E-01  6.523E-01  6.308E-01  6.091E-01  5.874E-01  5.655E-01  5.431E-01  5.212E-01  4.993E-01  4.778E-01  4.559E-01  4.340E-01  4.123E-01  3.906E-01  3.692E-01  3.479E-01  3.268E-01  3.060E-01  2.855E-01  2.653E-01  2.455E-01  2.262E-01  2.073E-01  1.890E-01  1.713E-01  1.542E-01  1.377E-01  1.220E-01  1.070E-01  9.280E-02  7.939E-02  6.678E-02  5.499E-02  4.406E-02  3.405E-02  2.507E-02  1.730E-02  1.106E-02
  341.0000  6.684E-01  6.503E-01  6.320E-01  6.135E-01  5.949E-01  5.761E-01  5.573E-01  5.383E-01  5.192E-01  5.000E-01  4.804E-01  4.611E-01  4.418E-01  4.230E-01  4.037E-01  3.845E-01  3.654E-01  3.464E-01  3.275E-01  3.087E-01  2.902E-01  2.719E-01  2.538E-01  2.360E-01  2.186E-01  2.015E-01  1.849E-01  1.687E-01  1.530E-01  1.379E-01  1.233E-01  1.094E-01  9.612E-02  8.351E-02  7.158E-02  6.037E-02  4.986E-02  4.009E-02  3.111E-02  2.302E-02  1.598E-02  1.028E-02
  342.0000  6.856E-01  6.672E-01  6.485E-01  6.298E-01  6.108E-01  5.917E-01  5.725E-01  5.531E-01  5.337E-01  5.142E-01  4.941E-01  4.745E-01  4.549E-01  4.356E-01  4.160E-01  3.964E-01  3.769E-01  3.574E-01  3.381E-01  3.190E-01  3.000E-01  2.813E-01  2.628E-01  2.446E-01  2.267E-01  2.092E-01  1.921E-01  1.755E-01  1.594E-01  1.438E-01  1.288E-01  1.145E-01  1.008E-01  8.776E-02  7.543E-02  6.381E-02  5.290E-02  4.272E-02  3.333E-02  2.482E-02  1.735E-02  1.124E-02
  343.0000  7.203E-01  7.009E-01  6.814E-01  6.617E-01  6.418E-01  6.217E-01  6.015E-01  5.812E-01  5.608E-01  5.403E-01  5.192E-01  4.986E-01  4.780E-01  4.578E-01  4.372E-01  4.166E-01  3.960E-01  3.756E-01  3.553E-01  3.352E-01  3.153E-01  2.956E-01  2.761E-01  2.570E-01  2.382E-01  2.198E-01  2.018E-01  1.844E-01  1.674E-01  1.510E-01  1.353E-01  1.202E-01  1.058E-01  9.206E-02  7.911E-02  6.689E-02  5.543E-02  4.475E-02  3.489E-02  2.596E-02  1.813E-02  1.174E-02
  344.0000  5.810E-01  5.653E-01  5.494E-01  5.334E-01  5.172E-01  5.010E-01  4.846E-01  4.681E-01  4.515E-01  4.349E-01  4.178E-01  4.011E-01  3.843E-01  3.679E-01  3.512E-01  3.345E-01  3.179E-01  3.013E-01  2.849E-01  2.686E-01  2.524E-01  2.364E-01  2.207E-01  2.052E-01  1.900E-01  1.751E-01  1.606E-01  1.465E-01  1.328E-01  1.196E-01  1.069E-01  9.479E-02  8.321E-02  7.223E-02  6.185E-02  5.210E-02  4.298E-02  3.451E-02  2.673E-02  1.973E-02  1.366E-02  8.751E-03
  345.0000  6.528E-01  6.353E-01  6.176E-01  5.998E-01  5.818E-01  5.637E-01  5.454E-01  5.270E-01  5.086E-01  4.900E-01  4.710E-01  4.523E-01  4.336E-01  4.153E-01  3.967E-01  3.780E-01  3.594E-01  3.409E-01  3.225E-01  3.043E-01  2.862E-01  2.683E-01  2.507E-01  2.333E-01  2.163E-01  1.996E-01  1.833E-01  1.674E-01  1.520E-01  1.371E-01  1.228E-01  1.091E-01  9.597E-02  8.353E-02  7.176E-02  6.067E-02  5.027E-02  4.058E-02  3.164E-02  2.353E-02  1.643E-02  1.063E-02
  346.0000  6.627E-01  6.449E-01  6.269E-01  6.087E-01  5.904E-01  5.720E-01  5.534E-01  5.346E-01  5.158E-01  4.969E-01  4.776E-01  4.586E-01  4.395E-01  4.209E-01  4.019E-01  3.829E-01  3.640E-01  3.451E-01  3.264E-01  3.078E-01  2.894E-01  2.713E-01  2.533E-01  2.356E-01  2.183E-01  2.013E-01  1.847E-01  1.686E-01  1.530E-01  1.378E-01  1.233E-01  1.094E-01  9.612E-02  8.352E-02  7.161E-02  6.041E-02  4.993E-02  4.018E-02  3.121E-02  2.311E-02  1.605E-02  1.032E-02
  347.0000  7.141E-01  6.950E-01  6.757E-01  6.562E-01  6.365E-01  6.166E-01  5.967E-01  5.766E-01  5.563E-01  5.360E-01  5.152E-01  4.948E-01  4.744E-01  4.543E-01  4.339E-01  4.134E-01  3.931E-01  3.728E-01  3.527E-01  3.327E-01  3.129E-01  2.933E-01  2.740E-01  2.549E-01  2.362E-01  2.179E-01  2.001E-01  1.826E-01  1.658E-01  1.495E-01  1.338E-01  1.187E-01  1.044E-01  9.076E-02  7.789E-02  6.577E-02  5.442E-02  4.385E-02  3.412E-02  2.532E-02  1.762E-02  1.135E-02
  348.0000  6.231E-01  6.064E-01  5.896E-01  5.727E-01  5.555E-01  5.383E-01  5.209E-01  5.034E-01  4.858E-01  4.682E-01  4.500E-01  4.323E-01  4.145E-01  3.970E-01  3.792E-01  3.614E-01  3.437E-01  3.260E-01  3.085E-01  2.910E-01  2.738E-01  2.567E-01  2.398E-01  2.232E-01  2.069E-01  1.909E-01  1.753E-01  1.601E-01  1.454E-01  1.311E-01  1.174E-01  1.043E-01  9.171E-02  7.979E-02  6.853E-02  5.792E-02  4.797E-02  3.871E-02  3.016E-02  2.242E-02  1.564E-02  1.010E-02
  349.0000  6.402E-01  6.231E-01  6.059E-01  5.885E-01  5.710E-01  5.533E-01  5.355E-01  5.175E-01  4.995E-01  4.814E-01  4.628E-01  4.446E-01  4.263E-01  4.084E-01  3.901E-01  3.719E-01  3.537E-01  3.356E-01  3.175E-01  2.996E-01  2.819E-01  2.644E-01  2.471E-01  2.300E-01  2.132E-01  1.968E-01  1.807E-01  1.651E-01  1.499E-01  1.353E-01  1.211E-01  1.076E-01  9.470E-02  8.242E-02  7.082E-02  5.989E-02  4.964E-02  4.009E-02  3.127E-02  2.327E-02  1.625E-02  1.051E-02
  350.0000  7.393E-01  7.196E-01  6.997E-01  6.797E-01  6.594E-01  6.390E-01  6.184E-01  5.977E-01  5.769E-01  5.560E-01  5.345E-01  5.135E-01  4.924E-01  4.717E-01  4.506E-01  4.295E-01  4.085E-01  3.876E-01  3.668E-01  3.461E-01  3.256E-01  3.053E-01  2.853E-01  2.656E-01  2.462E-01  2.272E-01  2.087E-01  1.906E-01  1.731E-01  1.561E-01  1.398E-01  1.241E-01  1.092E-01  9.501E-02  8.161E-02  6.898E-02  5.715E-02  4.613E-02  3.596E-02  2.674E-02  1.865E-02  1.204E-02
------------------------------------------------------------
