Spectral Irradiance, W m-2 nm-1
values at z =      3.233 km
Columns: wavelength (nm), solar zenith angles (deg.)
    wc, nm     50.000     51.000     52.000     53.000     54.000     55.000     56.000     57.000     58.000     59.000     60.000     61.000     62.000     63.000     64.000     65.000     66.000     67.000     68.000     69.000     70.000     71.000     72.000     73.000     74.000     75.000     76.000     77.000     78.000     79.000     80.000     81.000     82.000     83.000     84.000     85.000     86.000     87.000     88.000     89.000     90.000
  280.0000  0.000E+00  0.000E+00  0.000E+00  0.000E+00  0.000E+00  0.000E+00  0.000E+00  0.000E+00  0.000E+00  0.000E+00  0.000E+00  0.000E+00  0.000E+00  0.000E+00  0.000E+00  0.000E+00  0.000E+00  0.000E+00  0.000E+00  0.000E+00  0.000E+00  0.000E+00  0.000E+00  0.000E+00  0.000E+00  0.000E+00  0.000E+00  0.000E+00  0.000E+00  0.000E+00  0.000E+00  0.000E+00  0.000E+00  0.000E+00  0.000E+00  0.000E+00  0.000E+00  0.000E+00  0.000E+00  0.000E+00  0.000E+00
  281.0000  0.000E+00  0.000E+00  0.000E+00  0.000E+00  0.000E+00  0.000E+00  0.000E+00  0.000E+00  0.000E+00  0.000E+00  0.000E+00  0.000E+00  0.000E+00  0.000E+00  0.000E+00  0.000E+00  0.000E+00  0.000E+00  0.000E+00  0.000E+00  0.000E+00  0.000E+00  0.000E+00  0.000E+00  0.000E+00  0.000E+00  0.000E+00  0.000E+00  0.000E+00  0.000E+00  0.000E+00  0.000E+00  0.000E+00  0.000E+00  0.000E+00  0.000E+00  0.000E+00  0.000E+00  0.000E+00  0.000E+00  0.000E+00
  282.0000  0.000E+00  0.000E+00  0.000E+00  0.000E+00  0.000E+00  0.000E+00  0.000E+00  0.000E+00  0.000E+00  0.000E+00  0.000E+00  0.000E+00  0.000E+00  0.000E+00  0.000E+00  0.000E+00  0.000E+00  0.000E+00  0.000E+00  0.000E+00  0.000E+00  0.000E+00  0.000E+00  0.000E+00  0.000E+00  0.000E+00  0.000E+00  0.000E+00  0.000E+00  0.000E+00  0.000E+00  0.000E+00  0.000E+00  0.000E+00  0.000E+00  0.000E+00  0.000E+00  0.000E+00  0.000E+00  0.000E+00  0.000E+00
  283.0000  0.000E+00  0.000E+00  0.000E+00  0.000E+00  0.000E+00  0.000E+00  0.000E+00  0.000E+00  0.000E+00  0.000E+00  0.000E+00  0.000E+00  0.000E+00  0.000E+00  0.000E+00  0.000E+00  0.000E+00  0.000E+00  0.000E+00  0.000E+00  0.000E+00  0.000E+00  0.000E+00  0.000E+00  0.000E+00  0.000E+00  0.000E+00  0.000E+00  0.000E+00  0.000E+00  0.000E+00  0.000E+00  0.000E+00  0.000E+00  0.000E+00  0.000E+00  0.000E+00  0.000E+00  0.000E+00  0.000E+00  0.000E+00
  284.0000  0.000E+00  0.000E+00  0.000E+00  0.000E+00  0.000E+00  0.000E+00  0.000E+00  0.000E+00  0.000E+00  0.000E+00  0.000E+00  0.000E+00  0.000E+00  0.000E+00  0.000E+00  0.000E+00  0.000E+00  0.000E+00  0.000E+00  0.000E+00  0.000E+00  0.000E+00  0.000E+00  0.000E+00  0.000E+00  0.000E+00  0.000E+00  0.000E+00  0.000E+00  0.000E+00  0.000E+00  0.000E+00  0.000E+00  0.000E+00  0.000E+00  0.000E+00  0.000E+00  0.000E+00  0.000E+00  0.000E+00  0.000E+00
  285.0000  0.000E+00  0.000E+00  0.000E+00  0.000E+00  0.000E+00  0.000E+00  0.000E+00  0.000E+00  0.000E+00  0.000E+00  0.000E+00  0.000E+00  0.000E+00  0.000E+00  0.000E+00  0.000E+00  0.000E+00  0.000E+00  0.000E+00  0.000E+00  0.000E+00  0.000E+00  0.000E+00  0.000E+00  0.000E+00  0.000E+00  0.000E+00  0.000E+00  0.000E+00  0.000E+00  0.000E+00  0.000E+00  0.000E+00  0.000E+00  0.000E+00  0.000E+00  0.000E+00  0.000E+00  0.000E+00  0.000E+00  0.000E+00
  286.0000  0.000E+00  0.000E+00  0.000E+00  0.000E+00  0.000E+00  0.000E+00  0.000E+00  0.000E+00  0.000E+00  0.000E+00  0.000E+00  0.000E+00  0.000E+00  0.000E+00  0.000E+00  0.000E+00  0.000E+00  0.000E+00  0.000E+00  0.000E+00  0.000E+00  0.000E+00  0.000E+00  0.000E+00  0.000E+00  0.000E+00  0.000E+00  0.000E+00  0.000E+00  0.000E+00  0.000E+00  0.000E+00  0.000E+00  0.000E+00  0.000E+00  0.000E+00  0.000E+00  0.000E+00  0.000E+00  0.000E+00  0.000E+00
  287.0000  1.954E-08  1.352E-08  9.165E-09  6.073E-09  3.928E-09  2.475E-09  1.515E-09  9.000E-10  5.168E-10  2.861E-10  1.522E-10  7.749E-11  3.759E-11  1.728E-11  7.492E-12  3.041E-12  1.147E-12  3.983E-13  1.261E-13  3.596E-14  9.102E-15  2.011E-15  3.799E-16  5.991E-17  7.654E-18  7.641E-19  5.699E-20  3.005E-21  1.044E-22  2.191E-24  2.481E-26  1.311E-28  2.690E-31  1.688E-34  2.400E-38  5.367E-43  0.000E+00  0.000E+00  0.000E+00  0.000E+00  0.000E+00
  288.0000  9.414E-08  6.777E-08  4.789E-08  3.317E-08  2.249E-08  1.489E-08  9.617E-09  6.042E-09  3.685E-09  2.175E-09  1.239E-09  6.789E-10  3.563E-10  1.783E-10  8.468E-11  3.792E-11  1.591E-11  6.205E-12  2.228E-12  7.291E-13  2.146E-13  5.597E-14  1.270E-14  2.454E-15  3.932E-16  5.059E-17  5.021E-18  3.660E-19  1.841E-20  5.906E-22  1.093E-23  1.025E-25  4.124E-28  5.744E-31  2.107E-34  1.454E-38  1.275E-43  0.000E+00  0.000E+00  0.000E+00  0.000E+00
  289.0000  5.460E-07  4.043E-07  2.943E-07  2.104E-07  1.475E-07  1.012E-07  6.784E-08  4.437E-08  2.824E-08  1.745E-08  1.043E-08  6.022E-09  3.342E-09  1.776E-09  8.998E-10  4.322E-10  1.956E-10  8.280E-11  3.252E-11  1.173E-11  3.843E-12  1.127E-12  2.914E-13  6.503E-14  1.224E-14  1.885E-15  2.292E-16  2.102E-17  1.375E-18  5.961E-20  1.563E-21  2.203E-23  1.430E-25  3.509E-28  2.526E-31  3.889E-35  8.851E-40  1.401E-45  0.000E+00  0.000E+00  0.000E+00
  290.0000  2.689E-06  2.044E-06  1.530E-06  1.127E-06  8.147E-07  5.779E-07  4.014E-07  2.726E-07  1.805E-07  1.164E-07  7.287E-08  4.416E-08  2.583E-08  1.452E-08  7.818E-09  4.009E-09  1.948E-09  8.906E-10  3.804E-10  1.504E-10  5.446E-11  1.784E-11  5.209E-12  1.331E-12  2.912E-13  5.311E-14  7.811E-15  8.890E-16  7.433E-17  4.276E-18  1.556E-19  3.211E-21  3.265E-23  1.363E-25  1.847E-28  6.038E-32  3.347E-36  2.143E-41  0.000E+00  0.000E+00  0.000E+00
  291.0000  7.847E-06  6.095E-06  4.667E-06  3.519E-06  2.610E-06  1.902E-06  1.360E-06  9.517E-07  6.513E-07  4.347E-07  2.824E-07  1.781E-07  1.087E-07  6.397E-08  3.618E-08  1.957E-08  1.007E-08  4.902E-09  2.241E-09  9.546E-10  3.751E-10  1.344E-10  4.333E-11  1.236E-11  3.056E-12  6.393E-13  1.097E-13  1.488E-14  1.520E-15  1.100E-16  5.221E-18  1.470E-19  2.153E-21  1.384E-23  3.137E-26  1.893E-29  2.167E-33  3.209E-38  4.064E-44  0.000E+00  0.000E+00
  292.0000  2.467E-05  1.968E-05  1.550E-05  1.204E-05  9.220E-06  6.948E-06  5.147E-06  3.742E-06  2.667E-06  1.859E-06  1.264E-06  8.378E-07  5.391E-07  3.360E-07  2.020E-07  1.168E-07  6.456E-08  3.398E-08  1.691E-08  7.901E-09  3.436E-09  1.377E-09  5.022E-10  1.642E-10  4.730E-11  1.174E-11  2.443E-12  4.120E-13  5.396E-14  5.199E-15  3.437E-16  1.423E-17  3.283E-19  3.615E-21  1.552E-23  2.007E-26  5.650E-30  2.363E-34  9.360E-40  0.000E+00  0.000E+00
  293.0000  5.230E-05  4.241E-05  3.399E-05  2.690E-05  2.101E-05  1.616E-05  1.224E-05  9.113E-06  6.658E-06  4.767E-06  3.337E-06  2.280E-06  1.516E-06  9.790E-07  6.115E-07  3.683E-07  2.129E-07  1.176E-07  6.170E-08  3.054E-08  1.415E-08  6.075E-09  2.392E-09  8.516E-10  2.696E-10  7.441E-11  1.745E-11  3.370E-12  5.153E-13  5.930E-14  4.815E-15  2.536E-16  7.758E-18  1.194E-19  7.636E-22  1.588E-24  7.851E-28  6.308E-32  5.136E-37  1.850E-43  0.000E+00
  294.0000  1.307E-04  1.081E-04  8.853E-05  7.166E-05  5.731E-05  4.523E-05  3.519E-05  2.696E-05  2.031E-05  1.502E-05  1.089E-05  7.722E-06  5.345E-06  3.603E-06  2.357E-06  1.493E-06  9.110E-07  5.336E-07  2.985E-07  1.584E-07  7.923E-08  3.702E-08  1.600E-08  6.315E-09  2.244E-09  7.044E-10  1.910E-10  4.350E-11  8.026E-12  1.146E-12  1.195E-13  8.425E-15  3.633E-16  8.390E-18  8.705E-20  3.221E-22  3.150E-25  5.570E-29  1.078E-33  9.144E-40  0.000E+00
  295.0000  2.523E-04  2.118E-04  1.760E-04  1.448E-04  1.177E-04  9.461E-05  7.503E-05  5.865E-05  4.515E-05  3.417E-05  2.539E-05  1.849E-05  1.317E-05  9.148E-06  6.185E-06  4.058E-06  2.573E-06  1.572E-06  9.198E-07  5.130E-07  2.709E-07  1.343E-07  6.201E-08  2.634E-08  1.015E-08  3.492E-09  1.050E-09  2.686E-10  5.661E-11  9.423E-12  1.173E-12  1.017E-13  5.593E-15  1.723E-16  2.521E-18  1.406E-20  2.236E-23  6.952E-27  2.512E-31  4.007E-37  0.000E+00
  296.0000  6.516E-04  5.559E-04  4.701E-04  3.938E-04  3.266E-04  2.679E-04  2.171E-04  1.738E-04  1.371E-04  1.066E-04  8.147E-05  6.115E-05  4.499E-05  3.237E-05  2.273E-05  1.553E-05  1.029E-05  6.595E-06  4.066E-06  2.401E-06  1.349E-06  7.168E-07  3.569E-07  1.649E-07  6.979E-08  2.666E-08  9.021E-09  2.640E-09  6.484E-10  1.287E-10  1.964E-11  2.159E-12  1.570E-13  6.738E-15  1.462E-16  1.305E-18  3.623E-21  2.148E-24  1.580E-28  5.134E-34  0.000E+00
  297.0000  7.123E-04  6.145E-04  5.259E-04  4.461E-04  3.750E-04  3.119E-04  2.567E-04  2.087E-04  1.676E-04  1.326E-04  1.034E-04  7.922E-05  5.960E-05  4.393E-05  3.165E-05  2.224E-05  1.519E-05  1.006E-05  6.427E-06  3.946E-06  2.315E-06  1.289E-06  6.761E-07  3.309E-07  1.494E-07  6.133E-08  2.250E-08  7.221E-09  1.970E-09  4.412E-10  7.743E-11  1.002E-11  8.836E-13  4.761E-14  1.356E-15  1.674E-17  6.834E-20  6.349E-23  7.701E-27  4.178E-32 -7.006E-45
  298.0000  1.792E-03  1.566E-03  1.357E-03  1.168E-03  9.957E-04  8.414E-04  7.039E-04  5.825E-04  4.765E-04  3.847E-04  3.064E-04  2.402E-04  1.852E-04  1.402E-04  1.039E-04  7.529E-05  5.318E-05  3.650E-05  2.426E-05  1.555E-05  9.559E-06  5.606E-06  3.113E-06  1.623E-06  7.866E-07  3.496E-07  1.403E-07  4.979E-08  1.525E-08  3.900E-09  7.981E-10  1.237E-10  1.346E-11  9.318E-13  3.576E-14  6.303E-16  3.927E-18  5.964E-21  1.247E-24  1.176E-29 -3.454E-42
  299.0000  2.397E-03  2.112E-03  1.848E-03  1.605E-03  1.383E-03  1.181E-03  9.999E-04  8.378E-04  6.943E-04  5.685E-04  4.595E-04  3.662E-04  2.872E-04  2.214E-04  1.674E-04  1.240E-04  8.962E-05  6.309E-05  4.310E-05  2.846E-05  1.809E-05  1.100E-05  6.358E-06  3.466E-06  1.765E-06  8.291E-07  3.541E-07  1.350E-07  4.482E-08  1.258E-08  2.868E-09  5.039E-10  6.363E-11  5.251E-12  2.486E-13  5.633E-15  4.734E-17  1.020E-19  3.157E-23  4.477E-28 -1.944E-40
  300.0000  3.018E-03  2.685E-03  2.373E-03  2.083E-03  1.815E-03  1.569E-03  1.345E-03  1.142E-03  9.603E-04  7.986E-04  6.562E-04  5.321E-04  4.253E-04  3.346E-04  2.587E-04  1.961E-04  1.454E-04  1.052E-04  7.411E-05  5.058E-05  3.333E-05  2.109E-05  1.274E-05  7.292E-06  3.920E-06  1.957E-06  8.954E-07  3.689E-07  1.339E-07  4.162E-08  1.068E-08  2.155E-09  3.201E-10  3.204E-11  1.909E-12  5.695E-14  6.638E-16  2.094E-18  9.927E-22  2.184E-26 -1.430E-38
  301.0000  5.203E-03  4.662E-03  4.152E-03  3.675E-03  3.230E-03  2.818E-03  2.440E-03  2.093E-03  1.780E-03  1.498E-03  1.246E-03  1.024E-03  8.308E-04  6.639E-04  5.219E-04  4.029E-04  3.048E-04  2.253E-04  1.624E-04  1.137E-04  7.704E-05  5.027E-05  3.141E-05  1.867E-05  1.046E-05  5.476E-06  2.641E-06  1.155E-06  4.491E-07  1.510E-07  4.246E-08  9.531E-09  1.606E-09  1.865E-10  1.328E-11  4.903E-13  7.369E-15  3.133E-17  2.078E-20  6.507E-25 -6.023E-37
  302.0000  6.056E-03  5.460E-03  4.896E-03  4.364E-03  3.865E-03  3.399E-03  2.968E-03  2.570E-03  2.206E-03  1.875E-03  1.578E-03  1.312E-03  1.078E-03  8.731E-04  6.965E-04  5.462E-04  4.203E-04  3.166E-04  2.328E-04  1.667E-04  1.157E-04  7.753E-05  4.989E-05  3.064E-05  1.781E-05  9.708E-06  4.903E-06  2.260E-06  9.322E-07  3.358E-07  1.022E-07  2.517E-08  4.730E-09  6.256E-10  5.201E-11  2.313E-12  4.341E-14  2.397E-16  2.138E-19  9.186E-24 -1.169E-35
  303.0000  1.179E-02  1.070E-02  9.657E-03  8.670E-03  7.738E-03  6.862E-03  6.042E-03  5.281E-03  4.578E-03  3.933E-03  3.346E-03  2.817E-03  2.344E-03  1.925E-03  1.559E-03  1.242E-03  9.726E-04  7.467E-04  5.606E-04  4.104E-04  2.920E-04  2.011E-04  1.333E-04  8.464E-05  5.107E-05  2.902E-05  1.536E-05  7.465E-06  3.273E-06  1.264E-06  4.171E-07  1.129E-07  2.372E-08  3.581E-09  3.488E-10  1.874E-11  4.410E-13  3.176E-15  3.826E-18  2.258E-22 -3.934E-34
  304.0000  1.327E-02  1.209E-02  1.097E-02  9.893E-03  8.874E-03  7.911E-03  7.006E-03  6.160E-03  5.374E-03  4.649E-03  3.985E-03  3.381E-03  2.837E-03  2.351E-03  1.922E-03  1.548E-03  1.226E-03  9.532E-04  7.253E-04  5.389E-04  3.897E-04  2.731E-04  1.847E-04  1.199E-04  7.410E-05  4.327E-05  2.362E-05  1.189E-05  5.423E-06  2.193E-06  7.633E-07  2.199E-07  4.971E-08  8.190E-09  8.856E-10  5.398E-11  1.478E-12  1.275E-14  1.891E-17  1.407E-21 -3.158E-33
  305.0000  1.874E-02  1.717E-02  1.566E-02  1.421E-02  1.283E-02  1.151E-02  1.026E-02  9.093E-03  7.996E-03  6.977E-03  6.034E-03  5.170E-03  4.383E-03  3.674E-03  3.041E-03  2.481E-03  1.993E-03  1.573E-03  1.217E-03  9.212E-04  6.795E-04  4.869E-04  3.374E-04  2.249E-04  1.433E-04  8.656E-05  4.908E-05  2.579E-05  1.236E-05  5.289E-06  1.966E-06  6.116E-07  1.514E-07  2.777E-08  3.416E-09  2.430E-10  8.005E-12  8.585E-14  1.634E-16  1.588E-20 -4.688E-32
  306.0000  1.807E-02  1.661E-02  1.520E-02  1.385E-02  1.255E-02  1.131E-02  1.014E-02  9.025E-03  7.979E-03  7.000E-03  6.091E-03  5.253E-03  4.484E-03  3.787E-03  3.159E-03  2.600E-03  2.109E-03  1.681E-03  1.316E-03  1.008E-03  7.533E-04  5.477E-04  3.857E-04  2.618E-04  1.701E-04  1.051E-04  6.112E-05  3.305E-05  1.637E-05  7.274E-06  2.825E-06  9.250E-07  2.432E-07  4.796E-08  6.431E-09  5.078E-10  1.897E-11  2.366E-13  5.367E-16  6.364E-20 -2.348E-31
  307.0000  2.385E-02  2.200E-02  2.022E-02  1.849E-02  1.683E-02  1.524E-02  1.372E-02  1.228E-02  1.092E-02  9.636E-03  8.438E-03  7.325E-03  6.300E-03  5.361E-03  4.510E-03  3.747E-03  3.068E-03  2.473E-03  1.957E-03  1.518E-03  1.151E-03  8.497E-04  6.086E-04  4.209E-04  2.794E-04  1.767E-04  1.055E-04  5.879E-05  3.013E-05  1.393E-05  5.663E-06  1.957E-06  5.482E-07  1.166E-07  1.711E-08  1.507E-09  6.421E-11  9.363E-13  2.548E-15  3.700E-19 -1.705E-30
  308.0000  2.859E-02  2.647E-02  2.441E-02  2.241E-02  2.048E-02  1.862E-02  1.684E-02  1.514E-02  1.353E-02  1.201E-02  1.058E-02  9.238E-03  7.997E-03  6.855E-03  5.812E-03  4.868E-03  4.022E-03  3.273E-03  2.619E-03  2.055E-03  1.578E-03  1.182E-03  8.595E-04  6.047E-04  4.091E-04  2.644E-04  1.617E-04  9.265E-05  4.900E-05  2.349E-05  9.961E-06  3.615E-06  1.073E-06  2.446E-07  3.902E-08  3.799E-09  1.827E-10  3.079E-12  9.921E-15  1.743E-18 -9.944E-30
  309.0000  3.021E-02  2.802E-02  2.589E-02  2.383E-02  2.183E-02  1.990E-02  1.804E-02  1.627E-02  1.458E-02  1.298E-02  1.147E-02  1.006E-02  8.744E-03  7.528E-03  6.412E-03  5.397E-03  4.484E-03  3.671E-03  2.956E-03  2.336E-03  1.807E-03  1.365E-03  1.002E-03  7.124E-04  4.876E-04  3.192E-04  1.982E-04  1.154E-04  6.223E-05  3.050E-05  1.327E-05  4.962E-06  1.527E-06  3.630E-07  6.096E-08  6.318E-09  3.281E-10  6.072E-12  2.193E-14  4.421E-18 -2.997E-29
  310.0000  3.034E-02  2.824E-02  2.619E-02  2.419E-02  2.225E-02  2.037E-02  1.855E-02  1.681E-02  1.514E-02  1.356E-02  1.205E-02  1.063E-02  9.305E-03  8.068E-03  6.926E-03  5.879E-03  4.929E-03  4.075E-03  3.317E-03  2.653E-03  2.079E-03  1.592E-03  1.188E-03  8.592E-04  5.997E-04  4.012E-04  2.553E-04  1.529E-04  8.510E-05  4.326E-05  1.964E-05  7.720E-06  2.519E-06  6.424E-07  1.173E-07  1.346E-08  7.896E-10  1.691E-11  7.232E-14  1.762E-17 -1.472E-28
  311.0000  5.182E-02  4.831E-02  4.488E-02  4.152E-02  3.826E-02  3.510E-02  3.204E-02  2.910E-02  2.628E-02  2.358E-02  2.102E-02  1.860E-02  1.633E-02  1.421E-02  1.224E-02  1.043E-02  8.783E-03  7.295E-03  5.968E-03  4.799E-03  3.784E-03  2.918E-03  2.192E-03  1.599E-03  1.126E-03  7.613E-04  4.900E-04  2.974E-04  1.680E-04  8.692E-05  4.026E-05  1.621E-05  5.441E-06  1.435E-06  2.731E-07  3.294E-08  2.056E-09  4.755E-11  2.237E-13  6.143E-17 -6.001E-28
  312.0000  4.700E-02  4.391E-02  4.087E-02  3.791E-02  3.502E-02  3.221E-02  2.948E-02  2.685E-02  2.433E-02  2.191E-02  1.960E-02  1.741E-02  1.535E-02  1.341E-02  1.161E-02  9.946E-03  8.421E-03  7.038E-03  5.796E-03  4.694E-03  3.731E-03  2.902E-03  2.202E-03  1.623E-03  1.157E-03  7.928E-04  5.181E-04  3.199E-04  1.844E-04  9.756E-05  4.641E-05  1.927E-05  6.710E-06  1.850E-06  3.711E-07  4.774E-08  3.223E-09  8.200E-11  4.330E-13  1.363E-16 -1.575E-27
  313.0000  5.333E-02  4.992E-02  4.657E-02  4.329E-02  4.009E-02  3.696E-02  3.393E-02  3.099E-02  2.816E-02  2.544E-02  2.284E-02  2.037E-02  1.802E-02  1.582E-02  1.376E-02  1.185E-02  1.009E-02  8.479E-03  7.027E-03  5.732E-03  4.591E-03  3.602E-03  2.759E-03  2.055E-03  1.482E-03  1.029E-03  6.822E-04  4.283E-04  2.516E-04  1.361E-04  6.642E-05  2.842E-05  1.026E-05  2.950E-06  6.230E-07  8.530E-08  6.216E-09  1.735E-10  1.025E-12  3.690E-16 -5.028E-27
  314.0000  5.900E-02  5.529E-02  5.163E-02  4.805E-02  4.454E-02  4.112E-02  3.780E-02  3.457E-02  3.146E-02  2.847E-02  2.560E-02  2.287E-02  2.028E-02  1.784E-02  1.555E-02  1.342E-02  1.146E-02  9.658E-03  8.030E-03  6.572E-03  5.284E-03  4.163E-03  3.203E-03  2.398E-03  1.739E-03  1.215E-03  8.118E-04  5.139E-04  3.047E-04  1.667E-04  8.239E-05  3.579E-05  1.315E-05  3.865E-06  8.385E-07  1.187E-07  9.014E-09  2.654E-10  1.680E-12  6.638E-16 -1.034E-26
  315.0000  6.081E-02  5.710E-02  5.345E-02  4.986E-02  4.634E-02  4.289E-02  3.954E-02  3.628E-02  3.312E-02  3.007E-02  2.714E-02  2.434E-02  2.168E-02  1.916E-02  1.678E-02  1.456E-02  1.250E-02  1.061E-02  8.879E-03  7.322E-03  5.935E-03  4.717E-03  3.666E-03  2.776E-03  2.038E-03  1.444E-03  9.796E-04  6.312E-04  3.820E-04  2.139E-04  1.086E-04  4.871E-05  1.858E-05  5.713E-06  1.308E-06  1.977E-07  1.627E-08  5.280E-10  3.753E-12  1.701E-15 -3.121E-26
  316.0000  5.011E-02  4.708E-02  4.409E-02  4.115E-02  3.827E-02  3.545E-02  3.270E-02  3.002E-02  2.743E-02  2.493E-02  2.252E-02  2.022E-02  1.802E-02  1.594E-02  1.398E-02  1.215E-02  1.044E-02  8.875E-03  7.442E-03  6.148E-03  4.993E-03  3.978E-03  3.099E-03  2.353E-03  1.733E-03  1.232E-03  8.389E-04  5.430E-04  3.303E-04  1.860E-04  9.514E-05  4.303E-05  1.658E-05  5.161E-06  1.200E-06  1.850E-07  1.562E-08  5.250E-10  3.920E-12  1.911E-15 -3.944E-26
  317.0000  7.606E-02  7.157E-02  6.714E-02  6.278E-02  5.849E-02  5.429E-02  5.019E-02  4.619E-02  4.230E-02  3.854E-02  3.492E-02  3.144E-02  2.812E-02  2.496E-02  2.197E-02  1.917E-02  1.655E-02  1.413E-02  1.191E-02  9.894E-03  8.086E-03  6.485E-03  5.090E-03  3.897E-03  2.897E-03  2.081E-03  1.434E-03  9.408E-04  5.810E-04  3.331E-04  1.739E-04  8.056E-05  3.194E-05  1.029E-05  2.494E-06  4.044E-07  3.635E-08  1.318E-09  1.081E-11  5.908E-15 -1.410E-25
  318.0000  6.773E-02  6.377E-02  5.985E-02  5.599E-02  5.219E-02  4.847E-02  4.484E-02  4.129E-02  3.784E-02  3.451E-02  3.129E-02  2.820E-02  2.524E-02  2.243E-02  1.976E-02  1.726E-02  1.492E-02  1.276E-02  1.077E-02  8.961E-03  7.336E-03  5.896E-03  4.638E-03  3.559E-03  2.653E-03  1.911E-03  1.322E-03  8.708E-04  5.403E-04  3.114E-04  1.636E-04  7.637E-05  3.056E-05  9.955E-06  2.447E-06  4.040E-07  3.718E-08  1.393E-09  1.196E-11  7.008E-15 -1.871E-25
  319.0000  7.693E-02  7.256E-02  6.823E-02  6.396E-02  5.975E-02  5.562E-02  5.157E-02  4.761E-02  4.375E-02  4.001E-02  3.639E-02  3.290E-02  2.956E-02  2.636E-02  2.333E-02  2.047E-02  1.778E-02  1.528E-02  1.297E-02  1.086E-02  8.953E-03  7.249E-03  5.750E-03  4.453E-03  3.354E-03  2.445E-03  1.713E-03  1.145E-03  7.226E-04  4.247E-04  2.283E-04  1.094E-04  4.519E-05  1.529E-05  3.933E-06  6.863E-07  6.759E-08  2.750E-09  2.609E-11  1.722E-14 -5.324E-25
  320.0000  8.806E-02  8.303E-02  7.806E-02  7.315E-02  6.831E-02  6.357E-02  5.892E-02  5.437E-02  4.995E-02  4.566E-02  4.151E-02  3.751E-02  3.368E-02  3.002E-02  2.655E-02  2.328E-02  2.021E-02  1.735E-02  1.472E-02  1.231E-02  1.014E-02  8.202E-03  6.498E-03  5.026E-03  3.780E-03  2.751E-03  1.924E-03  1.284E-03  8.084E-04  4.739E-04  2.540E-04  1.214E-04  4.997E-05  1.685E-05  4.320E-06  7.517E-07  7.397E-08  3.022E-09  2.912E-11  2.000E-14 -6.757E-25
  321.0000  9.191E-02  8.682E-02  8.177E-02  7.679E-02  7.187E-02  6.703E-02  6.228E-02  5.762E-02  5.308E-02  4.867E-02  4.438E-02  4.025E-02  3.627E-02  3.245E-02  2.882E-02  2.538E-02  2.215E-02  1.912E-02  1.631E-02  1.373E-02  1.139E-02  9.283E-03  7.418E-03  5.792E-03  4.402E-03  3.241E-03  2.298E-03  1.556E-03  9.972E-04  5.964E-04  3.272E-04  1.607E-04  6.831E-05  2.393E-05  6.428E-06  1.184E-06  1.248E-07  5.542E-09  5.904E-11  4.569E-14 -1.782E-24
  322.0000  9.355E-02  8.837E-02  8.324E-02  7.817E-02  7.317E-02  6.825E-02  6.342E-02  5.869E-02  5.407E-02  4.957E-02  4.522E-02  4.101E-02  3.696E-02  3.308E-02  2.938E-02  2.588E-02  2.258E-02  1.950E-02  1.664E-02  1.402E-02  1.163E-02  9.479E-03  7.577E-03  5.919E-03  4.501E-03  3.316E-03  2.352E-03  1.594E-03  1.022E-03  6.122E-04  3.363E-04  1.655E-04  7.051E-05  2.478E-05  6.686E-06  1.239E-06  1.320E-07  5.959E-09  6.531E-11  5.320E-14 -2.283E-24
  323.0000  8.306E-02  7.850E-02  7.398E-02  6.952E-02  6.511E-02  6.076E-02  5.650E-02  5.232E-02  4.824E-02  4.426E-02  4.041E-02  3.668E-02  3.309E-02  2.965E-02  2.636E-02  2.325E-02  2.031E-02  1.757E-02  1.501E-02  1.267E-02  1.053E-02  8.601E-03  6.891E-03  5.397E-03  4.115E-03  3.042E-03  2.166E-03  1.474E-03  9.499E-04  5.720E-04  3.163E-04  1.568E-04  6.746E-05  2.399E-05  6.566E-06  1.239E-06  1.352E-07  6.304E-09  7.226E-11  6.286E-14 -2.992E-24
  324.0000  9.768E-02  9.245E-02  8.726E-02  8.212E-02  7.704E-02  7.204E-02  6.711E-02  6.227E-02  5.754E-02  5.292E-02  4.843E-02  4.408E-02  3.988E-02  3.584E-02  3.198E-02  2.830E-02  2.483E-02  2.156E-02  1.851E-02  1.570E-02  1.312E-02  1.078E-02  8.698E-03  6.863E-03  5.277E-03  3.937E-03  2.833E-03  1.952E-03  1.275E-03  7.799E-04  4.393E-04  2.226E-04  9.823E-05  3.602E-05  1.023E-05  2.021E-06  2.330E-07  1.164E-08  1.450E-10  1.397E-13 -7.574E-24
  325.0000  1.051E-01  9.947E-02  9.385E-02  8.829E-02  8.280E-02  7.738E-02  7.205E-02  6.683E-02  6.171E-02  5.673E-02  5.188E-02  4.719E-02  4.266E-02  3.831E-02  3.416E-02  3.020E-02  2.647E-02  2.296E-02  1.970E-02  1.668E-02  1.392E-02  1.143E-02  9.201E-03  7.247E-03  5.562E-03  4.140E-03  2.972E-03  2.042E-03  1.330E-03  8.106E-04  4.548E-04  2.294E-04  1.008E-04  3.674E-05  1.038E-05  2.038E-06  2.339E-07  1.168E-08  1.469E-10  1.462E-13 -8.572E-24
  326.0000  1.404E-01  1.330E-01  1.256E-01  1.183E-01  1.110E-01  1.039E-01  9.686E-02  8.995E-02  8.318E-02  7.658E-02  7.015E-02  6.391E-02  5.788E-02  5.208E-02  4.653E-02  4.124E-02  3.623E-02  3.151E-02  2.711E-02  2.303E-02  1.928E-02  1.589E-02  1.285E-02  1.017E-02  7.845E-03  5.874E-03  4.245E-03  2.938E-03  1.931E-03  1.189E-03  6.749E-04  3.452E-04  1.541E-04  5.732E-05  1.659E-05  3.357E-06  4.000E-07  2.094E-08  2.800E-10  3.018E-13 -1.976E-23
  327.0000  1.382E-01  1.309E-01  1.238E-01  1.166E-01  1.096E-01  1.026E-01  9.577E-02  8.903E-02  8.242E-02  7.597E-02  6.967E-02  6.356E-02  5.765E-02  5.196E-02  4.649E-02  4.128E-02  3.634E-02  3.167E-02  2.731E-02  2.326E-02  1.953E-02  1.614E-02  1.310E-02  1.040E-02  8.062E-03  6.065E-03  4.406E-03  3.069E-03  2.030E-03  1.260E-03  7.224E-04  3.737E-04  1.690E-04  6.391E-05  1.886E-05  3.913E-06  4.812E-07  2.623E-08  3.698E-10  4.286E-13 -3.121E-23
  328.0000  1.341E-01  1.271E-01  1.201E-01  1.132E-01  1.063E-01  9.951E-02  9.283E-02  8.627E-02  7.984E-02  7.356E-02  6.744E-02  6.150E-02  5.576E-02  5.022E-02  4.492E-02  3.986E-02  3.506E-02  3.055E-02  2.632E-02  2.240E-02  1.879E-02  1.552E-02  1.258E-02  9.981E-03  7.724E-03  5.803E-03  4.210E-03  2.927E-03  1.933E-03  1.198E-03  6.848E-04  3.533E-04  1.594E-04  6.009E-05  1.769E-05  3.661E-06  4.501E-07  2.463E-08  3.521E-10  4.226E-13 -3.325E-23
  329.0000  1.422E-01  1.349E-01  1.276E-01  1.204E-01  1.132E-01  1.061E-01  9.914E-02  9.227E-02  8.552E-02  7.893E-02  7.249E-02  6.623E-02  6.017E-02  5.432E-02  4.870E-02  4.332E-02  3.822E-02  3.339E-02  2.887E-02  2.465E-02  2.077E-02  1.722E-02  1.403E-02  1.119E-02  8.713E-03  6.590E-03  4.817E-03  3.378E-03  2.253E-03  1.412E-03  8.180E-04  4.287E-04  1.970E-04  7.596E-05  2.297E-05  4.916E-06  6.299E-07  3.629E-08  5.537E-10  7.216E-13 -6.341E-23
  330.0000  1.665E-01  1.580E-01  1.495E-01  1.411E-01  1.327E-01  1.245E-01  1.163E-01  1.083E-01  1.005E-01  9.277E-02  8.525E-02  7.794E-02  7.086E-02  6.402E-02  5.744E-02  5.115E-02  4.516E-02  3.950E-02  3.419E-02  2.924E-02  2.466E-02  2.049E-02  1.672E-02  1.336E-02  1.042E-02  7.902E-03  5.791E-03  4.074E-03  2.727E-03  1.716E-03  9.992E-04  5.267E-04  2.438E-04  9.482E-05  2.899E-05  6.294E-06  8.217E-07  4.859E-08  7.693E-10  1.061E-12 -1.022E-22
  331.0000  1.434E-01  1.361E-01  1.287E-01  1.215E-01  1.143E-01  1.072E-01  1.001E-01  9.324E-02  8.647E-02  7.983E-02  7.336E-02  6.706E-02  6.095E-02  5.506E-02  4.940E-02  4.398E-02  3.882E-02  3.395E-02  2.938E-02  2.511E-02  2.118E-02  1.759E-02  1.435E-02  1.146E-02  8.938E-03  6.774E-03  4.963E-03  3.490E-03  2.335E-03  1.468E-03  8.546E-04  4.503E-04  2.084E-04  8.104E-05  2.480E-05  5.393E-06  7.071E-07  4.219E-08  6.808E-10  9.759E-13 -1.016E-22
  332.0000  1.452E-01  1.379E-01  1.306E-01  1.233E-01  1.161E-01  1.090E-01  1.019E-01  9.499E-02  8.818E-02  8.150E-02  7.499E-02  6.864E-02  6.248E-02  5.652E-02  5.079E-02  4.530E-02  4.007E-02  3.511E-02  3.045E-02  2.610E-02  2.207E-02  1.838E-02  1.504E-02  1.206E-02  9.447E-03  7.194E-03  5.298E-03  3.748E-03  2.525E-03  1.601E-03  9.402E-04  5.009E-04  2.349E-04  9.280E-05  2.895E-05  6.451E-06  8.720E-07  5.410E-08  9.184E-10  1.410E-12 -1.620E-22
  333.0000  1.550E-01  1.472E-01  1.394E-01  1.317E-01  1.241E-01  1.165E-01  1.091E-01  1.017E-01  9.449E-02  8.740E-02  8.047E-02  7.371E-02  6.715E-02  6.081E-02  5.469E-02  4.883E-02  4.324E-02  3.794E-02  3.294E-02  2.828E-02  2.395E-02  1.998E-02  1.639E-02  1.317E-02  1.034E-02  7.893E-03  5.831E-03  4.140E-03  2.800E-03  1.784E-03  1.054E-03  5.652E-04  2.671E-04  1.066E-04  3.366E-05  7.618E-06  1.051E-06  6.702E-08  1.182E-09  1.921E-12 -2.413E-22
  334.0000  1.409E-01  1.339E-01  1.268E-01  1.198E-01  1.129E-01  1.060E-01  9.918E-02  9.249E-02  8.591E-02  7.946E-02  7.316E-02  6.701E-02  6.105E-02  5.527E-02  4.971E-02  4.438E-02  3.930E-02  3.448E-02  2.994E-02  2.570E-02  2.176E-02  1.816E-02  1.489E-02  1.196E-02  9.392E-03  7.171E-03  5.297E-03  3.761E-03  2.544E-03  1.621E-03  9.575E-04  5.137E-04  2.430E-04  9.705E-05  3.071E-05  6.972E-06  9.675E-07  6.236E-08  1.122E-09  1.896E-12 -2.568E-22
  335.0000  1.605E-01  1.526E-01  1.446E-01  1.367E-01  1.289E-01  1.211E-01  1.134E-01  1.059E-01  9.844E-02  9.114E-02  8.400E-02  7.703E-02  7.025E-02  6.369E-02  5.737E-02  5.129E-02  4.549E-02  3.998E-02  3.479E-02  2.992E-02  2.540E-02  2.125E-02  1.747E-02  1.408E-02  1.109E-02  8.504E-03  6.310E-03  4.503E-03  3.064E-03  1.965E-03  1.170E-03  6.338E-04  3.031E-04  1.227E-04  3.949E-05  9.156E-06  1.305E-06  8.703E-08  1.639E-09  2.948E-12 -4.379E-22
  336.0000  1.377E-01  1.309E-01  1.241E-01  1.174E-01  1.107E-01  1.041E-01  9.752E-02  9.106E-02  8.470E-02  7.846E-02  7.235E-02  6.639E-02  6.059E-02  5.497E-02  4.955E-02  4.434E-02  3.936E-02  3.463E-02  3.016E-02  2.597E-02  2.207E-02  1.849E-02  1.523E-02  1.230E-02  9.705E-03  7.455E-03  5.546E-03  3.969E-03  2.709E-03  1.744E-03  1.043E-03  5.682E-04  2.735E-04  1.116E-04  3.629E-05  8.522E-06  1.235E-06  8.438E-08  1.644E-09  3.112E-12 -5.025E-22
  337.0000  1.334E-01  1.268E-01  1.203E-01  1.138E-01  1.073E-01  1.009E-01  9.454E-02  8.828E-02  8.212E-02  7.608E-02  7.016E-02  6.438E-02  5.877E-02  5.332E-02  4.807E-02  4.302E-02  3.819E-02  3.361E-02  2.927E-02  2.521E-02  2.144E-02  1.796E-02  1.479E-02  1.195E-02  9.436E-03  7.252E-03  5.397E-03  3.865E-03  2.640E-03  1.701E-03  1.019E-03  5.555E-04  2.679E-04  1.096E-04  3.576E-05  8.442E-06  1.234E-06  8.536E-08  1.701E-09  3.351E-12 -5.828E-22
  338.0000  1.507E-01  1.433E-01  1.360E-01  1.286E-01  1.214E-01  1.142E-01  1.070E-01  1.000E-01  9.307E-02  8.627E-02  7.961E-02  7.310E-02  6.677E-02  6.063E-02  5.470E-02  4.899E-02  4.354E-02  3.835E-02  3.344E-02  2.883E-02  2.455E-02  2.060E-02  1.699E-02  1.375E-02  1.088E-02  8.381E-03  6.254E-03  4.491E-03  3.078E-03  1.992E-03  1.198E-03  6.570E-04  3.190E-04  1.316E-04  4.338E-05  1.038E-05  1.543E-06  1.094E-07  2.254E-09  4.671E-12 -8.813E-22
  339.0000  1.607E-01  1.529E-01  1.451E-01  1.374E-01  1.297E-01  1.220E-01  1.145E-01  1.070E-01  9.965E-02  9.242E-02  8.534E-02  7.843E-02  7.169E-02  6.515E-02  5.883E-02  5.275E-02  4.693E-02  4.138E-02  3.613E-02  3.120E-02  2.660E-02  2.236E-02  1.848E-02  1.499E-02  1.189E-02  9.179E-03  6.870E-03  4.950E-03  3.406E-03  2.214E-03  1.339E-03  7.390E-04  3.616E-04  1.506E-04  5.021E-05  1.219E-05  1.848E-06  1.344E-07  2.871E-09  6.269E-12 -1.284E-21
  340.0000  1.836E-01  1.747E-01  1.659E-01  1.570E-01  1.482E-01  1.395E-01  1.309E-01  1.224E-01  1.140E-01  1.058E-01  9.772E-02  8.982E-02  8.213E-02  7.467E-02  6.745E-02  6.050E-02  5.385E-02  4.751E-02  4.150E-02  3.586E-02  3.059E-02  2.573E-02  2.129E-02  1.728E-02  1.372E-02  1.060E-02  7.947E-03  5.735E-03  3.953E-03  2.575E-03  1.561E-03  8.640E-04  4.243E-04  1.775E-04  5.956E-05  1.458E-05  2.236E-06  1.653E-07  3.624E-09  8.259E-12 -1.822E-21
  341.0000  1.629E-01  1.550E-01  1.472E-01  1.394E-01  1.316E-01  1.239E-01  1.163E-01  1.088E-01  1.014E-01  9.413E-02  8.699E-02  8.001E-02  7.320E-02  6.659E-02  6.019E-02  5.403E-02  4.813E-02  4.249E-02  3.716E-02  3.214E-02  2.745E-02  2.312E-02  1.915E-02  1.557E-02  1.238E-02  9.590E-03  7.202E-03  5.211E-03  3.602E-03  2.354E-03  1.433E-03  7.970E-04  3.937E-04  1.659E-04  5.616E-05  1.391E-05  2.166E-06  1.637E-07  3.700E-09  8.840E-12 -2.107E-21
  342.0000  1.676E-01  1.596E-01  1.516E-01  1.436E-01  1.357E-01  1.278E-01  1.200E-01  1.123E-01  1.047E-01  9.723E-02  8.990E-02  8.273E-02  7.574E-02  6.894E-02  6.236E-02  5.602E-02  4.994E-02  4.413E-02  3.863E-02  3.345E-02  2.860E-02  2.412E-02  2.001E-02  1.629E-02  1.298E-02  1.007E-02  7.582E-03  5.500E-03  3.814E-03  2.501E-03  1.529E-03  8.544E-04  4.246E-04  1.802E-04  6.158E-05  1.544E-05  2.442E-06  1.885E-07  4.397E-09  1.101E-11 -2.832E-21
  343.0000  1.782E-01  1.697E-01  1.612E-01  1.528E-01  1.444E-01  1.360E-01  1.278E-01  1.196E-01  1.115E-01  1.036E-01  9.584E-02  8.823E-02  8.081E-02  7.359E-02  6.661E-02  5.987E-02  5.340E-02  4.722E-02  4.136E-02  3.584E-02  3.068E-02  2.589E-02  2.150E-02  1.753E-02  1.398E-02  1.087E-02  8.195E-03  5.956E-03  4.139E-03  2.722E-03  1.669E-03  9.363E-04  4.674E-04  1.996E-04  6.870E-05  1.739E-05  2.787E-06  2.192E-07  5.254E-09  1.374E-11 -3.801E-21
  344.0000  1.466E-01  1.396E-01  1.327E-01  1.257E-01  1.188E-01  1.120E-01  1.052E-01  9.852E-02  9.190E-02  8.539E-02  7.901E-02  7.275E-02  6.665E-02  6.072E-02  5.497E-02  4.943E-02  4.410E-02  3.902E-02  3.419E-02  2.964E-02  2.539E-02  2.144E-02  1.782E-02  1.454E-02  1.160E-02  9.030E-03  6.816E-03  4.961E-03  3.453E-03  2.274E-03  1.398E-03  7.862E-04  3.938E-04  1.688E-04  5.843E-05  1.490E-05  2.413E-06  1.927E-07  4.731E-09  1.288E-11 -3.821E-21
  345.0000  1.650E-01  1.572E-01  1.494E-01  1.417E-01  1.339E-01  1.263E-01  1.187E-01  1.112E-01  1.037E-01  9.645E-02  8.928E-02  8.226E-02  7.541E-02  6.874E-02  6.228E-02  5.604E-02  5.004E-02  4.431E-02  3.887E-02  3.373E-02  2.892E-02  2.446E-02  2.036E-02  1.663E-02  1.330E-02  1.037E-02  7.848E-03  5.726E-03  3.998E-03  2.643E-03  1.631E-03  9.219E-04  4.645E-04  2.006E-04  7.008E-05  1.808E-05  2.975E-06  2.427E-07  6.142E-09  1.750E-11 -5.588E-21
  346.0000  1.701E-01  1.621E-01  1.541E-01  1.461E-01  1.382E-01  1.303E-01  1.225E-01  1.148E-01  1.071E-01  9.964E-02  9.226E-02  8.503E-02  7.797E-02  7.111E-02  6.445E-02  5.801E-02  5.183E-02  4.592E-02  4.031E-02  3.500E-02  3.003E-02  2.541E-02  2.117E-02  1.731E-02  1.386E-02  1.082E-02  8.198E-03  5.991E-03  4.190E-03  2.776E-03  1.717E-03  9.737E-04  4.925E-04  2.137E-04  7.510E-05  1.953E-05  3.251E-06  2.695E-07  6.993E-09  2.074E-11 -7.098E-21
  347.0000  1.848E-01  1.761E-01  1.675E-01  1.588E-01  1.503E-01  1.417E-01  1.333E-01  1.249E-01  1.167E-01  1.085E-01  1.005E-01  9.269E-02  8.504E-02  7.758E-02  7.036E-02  6.337E-02  5.666E-02  5.023E-02  4.412E-02  3.835E-02  3.293E-02  2.790E-02  2.326E-02  1.905E-02  1.527E-02  1.194E-02  9.064E-03  6.638E-03  4.654E-03  3.092E-03  1.919E-03  1.093E-03  5.552E-04  2.424E-04  8.584E-05  2.255E-05  3.803E-06  3.212E-07  8.564E-09  2.649E-11 -9.723E-21
  348.0000  1.625E-01  1.550E-01  1.474E-01  1.398E-01  1.323E-01  1.248E-01  1.174E-01  1.101E-01  1.028E-01  9.570E-02  8.869E-02  8.181E-02  7.509E-02  6.855E-02  6.219E-02  5.605E-02  5.015E-02  4.449E-02  3.911E-02  3.402E-02  2.924E-02  2.479E-02  2.070E-02  1.697E-02  1.362E-02  1.067E-02  8.113E-03  5.954E-03  4.184E-03  2.787E-03  1.736E-03  9.919E-04  5.065E-04  2.225E-04  7.937E-05  2.105E-05  3.597E-06  3.095E-07  8.473E-09  2.732E-11 -1.074E-20
  349.0000  1.685E-01  1.606E-01  1.528E-01  1.450E-01  1.372E-01  1.295E-01  1.219E-01  1.143E-01  1.068E-01  9.944E-02  9.219E-02  8.507E-02  7.812E-02  7.135E-02  6.477E-02  5.841E-02  5.228E-02  4.642E-02  4.083E-02  3.554E-02  3.058E-02  2.595E-02  2.169E-02  1.780E-02  1.431E-02  1.123E-02  8.550E-03  6.287E-03  4.428E-03  2.958E-03  1.848E-03  1.060E-03  5.437E-04  2.402E-04  8.630E-05  2.311E-05  3.999E-06  3.502E-07  9.841E-09  3.305E-11 -1.390E-20
  350.0000  1.966E-01  1.875E-01  1.785E-01  1.694E-01  1.604E-01  1.514E-01  1.425E-01  1.337E-01  1.249E-01  1.163E-01  1.079E-01  9.961E-02  9.150E-02  8.360E-02  7.593E-02  6.851E-02  6.136E-02  5.450E-02  4.797E-02  4.179E-02  3.598E-02  3.057E-02  2.557E-02  2.101E-02  1.691E-02  1.328E-02  1.013E-02  7.463E-03  5.267E-03  3.527E-03  2.210E-03  1.272E-03  6.551E-04  2.909E-04  1.052E-04  2.842E-05  4.977E-06  4.431E-07  1.277E-08  4.459E-11 -2.004E-20
------------------------------------------------------------
