Spectral Irradiance, W m-2 nm-1
values at z =      3.233 km
Columns: wavelength (nm), solar zenith angles (deg.)
    wc, nm     50.000     51.000     52.000     53.000     54.000     55.000     56.000     57.000     58.000     59.000     60.000     61.000     62.000     63.000     64.000     65.000     66.000     67.000     68.000     69.000     70.000     71.000     72.000     73.000     74.000     75.000     76.000     77.000     78.000     79.000     80.000     81.000     82.000     83.000     84.000     85.000     86.000     87.000     88.000     89.000     90.000
  280.0000  0.000E+00  0.000E+00  0.000E+00  0.000E+00  0.000E+00  0.000E+00  0.000E+00  0.000E+00  0.000E+00  0.000E+00  0.000E+00  0.000E+00  0.000E+00  0.000E+00  0.000E+00  0.000E+00  0.000E+00  0.000E+00  0.000E+00  0.000E+00  0.000E+00  0.000E+00  0.000E+00  0.000E+00  0.000E+00  0.000E+00  0.000E+00  0.000E+00  0.000E+00  0.000E+00  0.000E+00  0.000E+00  0.000E+00  0.000E+00  0.000E+00  0.000E+00  0.000E+00  0.000E+00  0.000E+00  0.000E+00  0.000E+00
  281.0000  0.000E+00  0.000E+00  0.000E+00  0.000E+00  0.000E+00  0.000E+00  0.000E+00  0.000E+00  0.000E+00  0.000E+00  0.000E+00  0.000E+00  0.000E+00  0.000E+00  0.000E+00  0.000E+00  0.000E+00  0.000E+00  0.000E+00  0.000E+00  0.000E+00  0.000E+00  0.000E+00  0.000E+00  0.000E+00  0.000E+00  0.000E+00  0.000E+00  0.000E+00  0.000E+00  0.000E+00  0.000E+00  0.000E+00  0.000E+00  0.000E+00  0.000E+00  0.000E+00  0.000E+00  0.000E+00  0.000E+00  0.000E+00
  282.0000  0.000E+00  0.000E+00  0.000E+00  0.000E+00  0.000E+00  0.000E+00  0.000E+00  0.000E+00  0.000E+00  0.000E+00  0.000E+00  0.000E+00  0.000E+00  0.000E+00  0.000E+00  0.000E+00  0.000E+00  0.000E+00  0.000E+00  0.000E+00  0.000E+00  0.000E+00  0.000E+00  0.000E+00  0.000E+00  0.000E+00  0.000E+00  0.000E+00  0.000E+00  0.000E+00  0.000E+00  0.000E+00  0.000E+00  0.000E+00  0.000E+00  0.000E+00  0.000E+00  0.000E+00  0.000E+00  0.000E+00  0.000E+00
  283.0000  0.000E+00  0.000E+00  0.000E+00  0.000E+00  0.000E+00  0.000E+00  0.000E+00  0.000E+00  0.000E+00  0.000E+00  0.000E+00  0.000E+00  0.000E+00  0.000E+00  0.000E+00  0.000E+00  0.000E+00  0.000E+00  0.000E+00  0.000E+00  0.000E+00  0.000E+00  0.000E+00  0.000E+00  0.000E+00  0.000E+00  0.000E+00  0.000E+00  0.000E+00  0.000E+00  0.000E+00  0.000E+00  0.000E+00  0.000E+00  0.000E+00  0.000E+00  0.000E+00  0.000E+00  0.000E+00  0.000E+00  0.000E+00
  284.0000  0.000E+00  0.000E+00  0.000E+00  0.000E+00  0.000E+00  0.000E+00  0.000E+00  0.000E+00  0.000E+00  0.000E+00  0.000E+00  0.000E+00  0.000E+00  0.000E+00  0.000E+00  0.000E+00  0.000E+00  0.000E+00  0.000E+00  0.000E+00  0.000E+00  0.000E+00  0.000E+00  0.000E+00  0.000E+00  0.000E+00  0.000E+00  0.000E+00  0.000E+00  0.000E+00  0.000E+00  0.000E+00  0.000E+00  0.000E+00  0.000E+00  0.000E+00  0.000E+00  0.000E+00  0.000E+00  0.000E+00  0.000E+00
  285.0000  0.000E+00  0.000E+00  0.000E+00  0.000E+00  0.000E+00  0.000E+00  0.000E+00  0.000E+00  0.000E+00  0.000E+00  0.000E+00  0.000E+00  0.000E+00  0.000E+00  0.000E+00  0.000E+00  0.000E+00  0.000E+00  0.000E+00  0.000E+00  0.000E+00  0.000E+00  0.000E+00  0.000E+00  0.000E+00  0.000E+00  0.000E+00  0.000E+00  0.000E+00  0.000E+00  0.000E+00  0.000E+00  0.000E+00  0.000E+00  0.000E+00  0.000E+00  0.000E+00  0.000E+00  0.000E+00  0.000E+00  0.000E+00
  286.0000  0.000E+00  0.000E+00  0.000E+00  0.000E+00  0.000E+00  0.000E+00  0.000E+00  0.000E+00  0.000E+00  0.000E+00  0.000E+00  0.000E+00  0.000E+00  0.000E+00  0.000E+00  0.000E+00  0.000E+00  0.000E+00  0.000E+00  0.000E+00  0.000E+00  0.000E+00  0.000E+00  0.000E+00  0.000E+00  0.000E+00  0.000E+00  0.000E+00  0.000E+00  0.000E+00  0.000E+00  0.000E+00  0.000E+00  0.000E+00  0.000E+00  0.000E+00  0.000E+00  0.000E+00  0.000E+00  0.000E+00  0.000E+00
  287.0000  0.000E+00  0.000E+00  0.000E+00  0.000E+00  0.000E+00  0.000E+00  0.000E+00  0.000E+00  0.000E+00  0.000E+00  0.000E+00  0.000E+00  0.000E+00  0.000E+00  0.000E+00  0.000E+00  0.000E+00  0.000E+00  0.000E+00  0.000E+00  0.000E+00  0.000E+00  0.000E+00  0.000E+00  0.000E+00  0.000E+00  0.000E+00  0.000E+00  0.000E+00  0.000E+00  0.000E+00  0.000E+00  0.000E+00  0.000E+00  0.000E+00  0.000E+00  0.000E+00  0.000E+00  0.000E+00  0.000E+00  0.000E+00
  288.0000  1.612E-08  1.118E-08  7.596E-09  5.047E-09  3.273E-09  2.069E-09  1.271E-09  7.573E-10  4.365E-10  2.426E-10  1.296E-10  6.627E-11  3.230E-11  1.493E-11  6.507E-12  2.657E-12  1.008E-12  3.528E-13  1.126E-13  3.236E-14  8.268E-15  1.845E-15  3.526E-16  5.630E-17  7.293E-18  7.395E-19  5.615E-20  3.020E-21  1.074E-22  2.315E-24  2.702E-26  1.482E-28  3.174E-31  2.098E-34  3.176E-38  7.665E-43  0.000E+00  0.000E+00  0.000E+00  0.000E+00  0.000E+00
  289.0000  1.127E-07  8.072E-08  5.673E-08  3.907E-08  2.632E-08  1.732E-08  1.111E-08  6.928E-09  4.192E-09  2.454E-09  1.386E-09  7.519E-10  3.906E-10  1.933E-10  9.073E-11  4.012E-11  1.660E-11  6.377E-12  2.253E-12  7.241E-13  2.090E-13  5.334E-14  1.182E-14  2.225E-15  3.462E-16  4.310E-17  4.124E-18  2.883E-19  1.383E-20  4.201E-22  7.299E-24  6.363E-26  2.351E-28  2.963E-31  9.663E-35  5.811E-39  4.344E-44  0.000E+00  0.000E+00  0.000E+00  0.000E+00
  290.0000  6.612E-07  4.880E-07  3.540E-07  2.522E-07  1.761E-07  1.203E-07  8.033E-08  5.229E-08  3.312E-08  2.035E-08  1.211E-08  6.946E-09  3.830E-09  2.022E-09  1.017E-09  4.844E-10  2.173E-10  9.115E-11  3.543E-11  1.264E-11  4.091E-12  1.184E-12  3.016E-13  6.621E-14  1.223E-14  1.847E-15  2.194E-16  1.962E-17  1.245E-18  5.221E-20  1.317E-21  1.774E-23  1.093E-25  2.523E-28  1.691E-31  2.397E-35  4.968E-40  1.401E-45  0.000E+00  0.000E+00  0.000E+00
  291.0000  2.223E-06  1.681E-06  1.251E-06  9.160E-07  6.584E-07  4.640E-07  3.200E-07  2.157E-07  1.418E-07  9.064E-08  5.624E-08  3.376E-08  1.954E-08  1.087E-08  5.780E-09  2.926E-09  1.402E-09  6.315E-10  2.653E-10  1.030E-10  3.658E-11  1.173E-11  3.344E-12  8.321E-13  1.768E-13  3.119E-14  4.420E-15  4.824E-16  3.846E-17  2.095E-18  7.154E-20  1.372E-21  1.281E-23  4.835E-26  5.818E-29  1.656E-32  7.829E-37  4.210E-42  0.000E+00  0.000E+00  0.000E+00
  292.0000  8.344E-06  6.505E-06  5.001E-06  3.787E-06  2.822E-06  2.066E-06  1.485E-06  1.045E-06  7.191E-07  4.830E-07  3.159E-07  2.006E-07  1.234E-07  7.320E-08  4.176E-08  2.280E-08  1.186E-08  5.837E-09  2.701E-09  1.166E-09  4.648E-10  1.693E-10  5.554E-11  1.615E-11  4.084E-12  8.755E-13  1.545E-13  2.163E-14  2.290E-15  1.728E-16  8.605E-18  2.563E-19  4.014E-21  2.795E-23  6.969E-26  4.722E-29  6.217E-33  1.089E-37  1.682E-43  0.000E+00  0.000E+00
  293.0000  1.972E-05  1.566E-05  1.228E-05  9.502E-06  7.240E-06  5.429E-06  4.000E-06  2.892E-06  2.048E-06  1.418E-06  9.581E-07  6.301E-07  4.023E-07  2.485E-07  1.481E-07  8.474E-08  4.636E-08  2.411E-08  1.185E-08  5.460E-09  2.339E-09  9.216E-10  3.299E-10  1.057E-10  2.976E-11  7.201E-12  1.456E-12  2.378E-13  3.002E-14  2.772E-15  1.745E-16  6.832E-18  1.475E-19  1.503E-21  5.896E-24  6.856E-27  1.711E-30  6.280E-35  2.198E-40  0.000E+00  0.000E+00
  294.0000  5.628E-05  4.575E-05  3.676E-05  2.917E-05  2.284E-05  1.763E-05  1.339E-05  1.000E-05  7.336E-06  5.272E-06  3.706E-06  2.543E-06  1.699E-06  1.103E-06  6.926E-07  4.196E-07  2.441E-07  1.358E-07  7.177E-08  3.582E-08  1.674E-08  7.263E-09  2.891E-09  1.042E-09  3.345E-10  9.373E-11  2.236E-11  4.405E-12  6.889E-13  8.137E-14  6.810E-15  3.716E-16  1.186E-17  1.919E-19  1.305E-21  2.923E-24  1.584E-27  1.423E-31  1.328E-36  5.619E-43  0.000E+00
  295.0000  1.193E-04  9.854E-05  8.055E-05  6.509E-05  5.196E-05  4.093E-05  3.178E-05  2.429E-05  1.826E-05  1.347E-05  9.738E-06  6.886E-06  4.752E-06  3.192E-06  2.081E-06  1.313E-06  7.979E-07  4.653E-07  2.590E-07  1.367E-07  6.798E-08  3.156E-08  1.354E-08  5.305E-09  1.868E-09  5.809E-10  1.558E-10  3.505E-11  6.377E-12  8.965E-13  9.178E-14  6.336E-15  2.667E-16  5.988E-18  6.017E-20  2.147E-22  2.020E-25  3.441E-29  6.499E-34  5.587E-40  0.000E+00
  296.0000  3.431E-04  2.888E-04  2.407E-04  1.986E-04  1.621E-04  1.307E-04  1.041E-04  8.169E-05  6.316E-05  4.803E-05  3.586E-05  2.625E-05  1.880E-05  1.314E-05  8.945E-06  5.910E-06  3.777E-06  2.326E-06  1.374E-06  7.739E-07  4.131E-07  2.074E-07  9.701E-08  4.182E-08  1.639E-08  5.741E-09  1.762E-09  4.617E-10  1.000E-10  1.717E-11  2.217E-12  2.006E-13  1.160E-14  3.796E-16  5.973E-18  3.637E-20  6.441E-23  2.282E-26  9.631E-31  1.843E-36  0.000E+00
  297.0000  4.035E-04  3.439E-04  2.906E-04  2.433E-04  2.016E-04  1.652E-04  1.338E-04  1.069E-04  8.428E-05  6.543E-05  4.995E-05  3.744E-05  2.750E-05  1.976E-05  1.385E-05  9.446E-06  6.249E-06  3.994E-06  2.457E-06  1.447E-06  8.109E-07  4.295E-07  2.131E-07  9.809E-08  4.135E-08  1.573E-08  5.293E-09  1.540E-09  3.758E-10  7.404E-11  1.120E-11  1.220E-12  8.779E-14  3.721E-15  7.968E-17  7.011E-19  1.922E-21  1.131E-24  8.385E-29  2.846E-34  0.000E+00
  298.0000  1.100E-03  9.513E-04  8.159E-04  6.938E-04  5.845E-04  4.875E-04  4.023E-04  3.281E-04  2.642E-04  2.098E-04  1.641E-04  1.263E-04  9.538E-05  7.061E-05  5.112E-05  3.611E-05  2.481E-05  1.652E-05  1.063E-05  6.572E-06  3.886E-06  2.183E-06  1.156E-06  5.718E-07  2.613E-07  1.087E-07  4.050E-08  1.322E-08  3.679E-09  8.429E-10  1.519E-10  2.029E-11  1.856E-12  1.045E-13  3.141E-15  4.140E-17  1.832E-19  1.881E-22  2.578E-26  1.625E-31 -3.503E-44
  299.0000  1.556E-03  1.358E-03  1.177E-03  1.012E-03  8.626E-04  7.285E-04  6.090E-04  5.037E-04  4.117E-04  3.322E-04  2.643E-04  2.071E-04  1.595E-04  1.206E-04  8.931E-05  6.464E-05  4.560E-05  3.125E-05  2.074E-05  1.327E-05  8.146E-06  4.768E-06  2.643E-06  1.375E-06  6.645E-07  2.945E-07  1.178E-07  4.167E-08  1.271E-08  3.237E-09  6.592E-10  1.016E-10  1.099E-11  7.557E-13  2.880E-14  5.045E-16  3.131E-18  4.766E-21  1.015E-24  1.007E-29 -3.325E-42
  300.0000  2.083E-03  1.838E-03  1.611E-03  1.402E-03  1.210E-03  1.036E-03  8.789E-04  7.382E-04  6.133E-04  5.036E-04  4.082E-04  3.263E-04  2.568E-04  1.987E-04  1.508E-04  1.121E-04  8.143E-05  5.760E-05  3.956E-05  2.628E-05  1.681E-05  1.029E-05  5.997E-06  3.298E-06  1.695E-06  8.052E-07  3.482E-07  1.346E-07  4.541E-08  1.298E-08  3.024E-09  5.450E-10  7.093E-11  6.070E-12  3.003E-13  7.182E-15  6.454E-17  1.512E-19  5.195E-23  8.409E-28 -4.352E-40
  301.0000  3.762E-03  3.347E-03  2.960E-03  2.600E-03  2.267E-03  1.961E-03  1.682E-03  1.429E-03  1.202E-03  1.001E-03  8.229E-04  6.679E-04  5.344E-04  4.208E-04  3.257E-04  2.471E-04  1.835E-04  1.330E-04  9.381E-05  6.414E-05  4.234E-05  2.685E-05  1.625E-05  9.327E-06  5.028E-06  2.519E-06  1.156E-06  4.784E-07  1.745E-07  5.454E-08  1.409E-08  2.865E-09  4.299E-10  4.355E-11  2.635E-12  8.019E-14  9.600E-16  3.145E-18  1.575E-21  3.772E-26 -2.840E-38
  302.0000  4.557E-03  4.085E-03  3.639E-03  3.222E-03  2.834E-03  2.473E-03  2.142E-03  1.839E-03  1.564E-03  1.317E-03  1.097E-03  9.021E-04  7.322E-04  5.856E-04  4.607E-04  3.560E-04  2.695E-04  1.995E-04  1.440E-04  1.009E-04  6.847E-05  4.475E-05  2.801E-05  1.668E-05  9.370E-06  4.916E-06  2.378E-06  1.043E-06  4.071E-07  1.375E-07  3.887E-08  8.779E-09  1.491E-09  1.748E-10  1.261E-11  4.732E-13  7.277E-15  3.197E-17  2.230E-20  7.574E-25 -8.047E-37
  303.0000  9.241E-03  8.344E-03  7.493E-03  6.688E-03  5.933E-03  5.227E-03  4.571E-03  3.966E-03  3.411E-03  2.907E-03  2.451E-03  2.044E-03  1.683E-03  1.368E-03  1.094E-03  8.611E-04  6.650E-04  5.029E-04  3.715E-04  2.672E-04  1.864E-04  1.256E-04  8.135E-05  5.031E-05  2.948E-05  1.621E-05  8.268E-06  3.854E-06  1.611E-06  5.889E-07  1.824E-07  4.586E-08  8.832E-09  1.203E-09  1.037E-10  4.822E-12  9.567E-14  5.666E-16  5.528E-19  2.668E-23 -3.982E-35
  304.0000  1.068E-02  9.686E-03  8.742E-03  7.846E-03  6.999E-03  6.204E-03  5.460E-03  4.770E-03  4.133E-03  3.548E-03  3.017E-03  2.538E-03  2.111E-03  1.732E-03  1.402E-03  1.116E-03  8.731E-04  6.696E-04  5.022E-04  3.672E-04  2.609E-04  1.794E-04  1.188E-04  7.530E-05  4.535E-05  2.572E-05  1.358E-05  6.585E-06  2.878E-06  1.108E-06  3.645E-07  9.829E-08  2.056E-08  3.090E-09  2.997E-10  1.605E-11  3.773E-13  2.732E-15  3.359E-18  2.088E-22 -4.082E-34
  305.0000  1.558E-02  1.422E-02  1.292E-02  1.167E-02  1.048E-02  9.363E-03  8.307E-03  7.318E-03  6.398E-03  5.547E-03  4.765E-03  4.053E-03  3.410E-03  2.835E-03  2.325E-03  1.879E-03  1.494E-03  1.166E-03  8.909E-04  6.651E-04  4.834E-04  3.408E-04  2.320E-04  1.516E-04  9.445E-05  5.565E-05  3.068E-05  1.562E-05  7.218E-06  2.963E-06  1.050E-06  3.087E-07  7.154E-08  1.214E-08  1.361E-09  8.675E-11  2.511E-12  2.322E-14  3.765E-17  3.142E-21 -8.247E-33
  306.0000  1.534E-02  1.405E-02  1.282E-02  1.163E-02  1.050E-02  9.421E-03  8.403E-03  7.444E-03  6.547E-03  5.712E-03  4.941E-03  4.233E-03  3.589E-03  3.009E-03  2.490E-03  2.032E-03  1.633E-03  1.289E-03  9.974E-04  7.548E-04  5.569E-04  3.991E-04  2.766E-04  1.845E-04  1.176E-04  7.103E-05  4.029E-05  2.118E-05  1.016E-05  4.351E-06  1.619E-06  5.044E-07  1.251E-07  2.302E-08  2.843E-09  2.037E-10  6.785E-12  7.417E-14  1.460E-16  1.512E-20 -5.028E-32
  307.0000  2.070E-02  1.904E-02  1.744E-02  1.590E-02  1.442E-02  1.301E-02  1.167E-02  1.040E-02  9.200E-03  8.081E-03  7.039E-03  6.077E-03  5.195E-03  4.394E-03  3.671E-03  3.027E-03  2.459E-03  1.964E-03  1.540E-03  1.182E-03  8.862E-04  6.462E-04  4.565E-04  3.109E-04  2.029E-04  1.259E-04  7.355E-05  4.000E-05  1.994E-05  8.928E-06  3.498E-06  1.158E-06  3.083E-07  6.176E-08  8.444E-09  6.835E-10  2.637E-11  3.432E-13  8.260E-16  1.067E-19 -4.491E-31
  308.0000  2.532E-02  2.338E-02  2.150E-02  1.968E-02  1.793E-02  1.625E-02  1.465E-02  1.312E-02  1.168E-02  1.032E-02  9.051E-03  7.869E-03  6.778E-03  5.778E-03  4.870E-03  4.053E-03  3.326E-03  2.686E-03  2.132E-03  1.658E-03  1.261E-03  9.339E-04  6.714E-04  4.662E-04  3.108E-04  1.976E-04  1.187E-04  6.657E-05  3.438E-05  1.603E-05  6.587E-06  2.304E-06  6.549E-07  1.418E-07  2.128E-08  1.927E-09  8.508E-11  1.300E-12  3.770E-15  5.989E-19 -3.161E-30
  309.0000  2.705E-02  2.503E-02  2.307E-02  2.118E-02  1.934E-02  1.758E-02  1.590E-02  1.429E-02  1.276E-02  1.132E-02  9.960E-03  8.695E-03  7.523E-03  6.444E-03  5.459E-03  4.569E-03  3.772E-03  3.067E-03  2.451E-03  1.922E-03  1.474E-03  1.102E-03  8.005E-04  5.623E-04  3.798E-04  2.450E-04  1.495E-04  8.547E-05  4.508E-05  2.155E-05  9.108E-06  3.294E-06  9.742E-07  2.211E-07  3.512E-08  3.408E-09  1.638E-10  2.773E-12  9.098E-15  1.674E-18 -1.057E-29
  310.0000  2.772E-02  2.575E-02  2.384E-02  2.197E-02  2.016E-02  1.841E-02  1.673E-02  1.512E-02  1.358E-02  1.212E-02  1.074E-02  9.441E-03  8.230E-03  7.107E-03  6.074E-03  5.132E-03  4.281E-03  3.520E-03  2.848E-03  2.262E-03  1.760E-03  1.337E-03  9.889E-04  7.084E-04  4.891E-04  3.233E-04  2.029E-04  1.196E-04  6.542E-05  3.259E-05  1.445E-05  5.526E-06  1.746E-06  4.287E-07  7.483E-08  8.134E-09  4.479E-10  8.920E-12  3.528E-14  7.976E-18 -6.284E-29
  311.0000  4.774E-02  4.443E-02  4.120E-02  3.804E-02  3.498E-02  3.202E-02  2.917E-02  2.642E-02  2.380E-02  2.130E-02  1.893E-02  1.669E-02  1.460E-02  1.266E-02  1.086E-02  9.219E-03  7.726E-03  6.385E-03  5.195E-03  4.152E-03  3.253E-03  2.490E-03  1.856E-03  1.342E-03  9.357E-04  6.255E-04  3.977E-04  2.380E-04  1.323E-04  6.718E-05  3.046E-05  1.196E-05  3.899E-06  9.936E-07  1.815E-07  2.084E-08  1.228E-09  2.659E-11  1.165E-13  2.988E-17 -2.769E-28
  312.0000  4.380E-02  4.086E-02  3.798E-02  3.517E-02  3.243E-02  2.977E-02  2.720E-02  2.472E-02  2.234E-02  2.007E-02  1.791E-02  1.587E-02  1.394E-02  1.215E-02  1.048E-02  8.945E-03  7.544E-03  6.277E-03  5.145E-03  4.146E-03  3.277E-03  2.533E-03  1.909E-03  1.397E-03  9.871E-04  6.699E-04  4.331E-04  2.642E-04  1.502E-04  7.822E-05  3.653E-05  1.485E-05  5.041E-06  1.349E-06  2.613E-07  3.223E-08  2.071E-09  4.980E-11  2.474E-13  7.346E-17 -8.110E-28
  313.0000  5.027E-02  4.700E-02  4.379E-02  4.065E-02  3.758E-02  3.460E-02  3.170E-02  2.891E-02  2.622E-02  2.364E-02  2.118E-02  1.884E-02  1.663E-02  1.456E-02  1.263E-02  1.084E-02  9.195E-03  7.702E-03  6.358E-03  5.164E-03  4.116E-03  3.212E-03  2.446E-03  1.811E-03  1.297E-03  8.928E-04  5.868E-04  3.647E-04  2.118E-04  1.130E-04  5.432E-05  2.283E-05  8.065E-06  2.263E-06  4.639E-07  6.132E-08  4.287E-09  1.141E-10  6.403E-13  2.194E-16 -2.877E-27
  314.0000  5.585E-02  5.227E-02  4.876E-02  4.531E-02  4.195E-02  3.867E-02  3.549E-02  3.241E-02  2.944E-02  2.659E-02  2.387E-02  2.127E-02  1.882E-02  1.651E-02  1.436E-02  1.236E-02  1.051E-02  8.834E-03  7.318E-03  5.966E-03  4.775E-03  3.744E-03  2.865E-03  2.133E-03  1.537E-03  1.066E-03  7.059E-04  4.427E-04  2.597E-04  1.403E-04  6.836E-05  2.921E-05  1.052E-05  3.022E-06  6.378E-07  8.736E-08  6.386E-09  1.799E-10  1.086E-12  4.099E-16 -6.158E-27
  315.0000  5.827E-02  5.466E-02  5.112E-02  4.763E-02  4.422E-02  4.089E-02  3.765E-02  3.450E-02  3.145E-02  2.852E-02  2.570E-02  2.301E-02  2.045E-02  1.804E-02  1.577E-02  1.365E-02  1.169E-02  9.895E-03  8.260E-03  6.790E-03  5.485E-03  4.343E-03  3.361E-03  2.533E-03  1.851E-03  1.303E-03  8.786E-04  5.620E-04  3.372E-04  1.870E-04  9.392E-05  4.158E-05  1.562E-05  4.717E-06  1.057E-06  1.558E-07  1.244E-08  3.901E-10  2.672E-12  1.168E-15 -2.084E-26
  316.0000  4.807E-02  4.512E-02  4.222E-02  3.937E-02  3.657E-02  3.384E-02  3.118E-02  2.859E-02  2.609E-02  2.367E-02  2.136E-02  1.914E-02  1.703E-02  1.504E-02  1.316E-02  1.141E-02  9.788E-03  8.296E-03  6.937E-03  5.713E-03  4.625E-03  3.671E-03  2.848E-03  2.153E-03  1.578E-03  1.115E-03  7.548E-04  4.851E-04  2.926E-04  1.633E-04  8.261E-05  3.689E-05  1.401E-05  4.284E-06  9.757E-07  1.467E-07  1.204E-08  3.911E-10  2.817E-12  1.327E-15 -2.665E-26
  317.0000  7.359E-02  6.921E-02  6.488E-02  6.061E-02  5.643E-02  5.233E-02  4.833E-02  4.443E-02  4.065E-02  3.700E-02  3.348E-02  3.011E-02  2.689E-02  2.383E-02  2.095E-02  1.824E-02  1.572E-02  1.339E-02  1.126E-02  9.336E-03  7.610E-03  6.086E-03  4.761E-03  3.632E-03  2.689E-03  1.923E-03  1.319E-03  8.603E-04  5.279E-04  3.004E-04  1.555E-04  7.132E-05  2.795E-05  8.879E-06  2.117E-06  3.366E-07  2.956E-08  1.044E-09  8.320E-12  4.424E-15 -1.033E-25
  318.0000  6.560E-02  6.172E-02  5.788E-02  5.411E-02  5.040E-02  4.677E-02  4.322E-02  3.976E-02  3.641E-02  3.316E-02  3.003E-02  2.703E-02  2.416E-02  2.144E-02  1.886E-02  1.645E-02  1.419E-02  1.211E-02  1.020E-02  8.469E-03  6.916E-03  5.542E-03  4.346E-03  3.324E-03  2.468E-03  1.770E-03  1.219E-03  7.982E-04  4.922E-04  2.816E-04  1.467E-04  6.783E-05  2.683E-05  8.624E-06  2.086E-06  3.379E-07  3.041E-08  1.110E-09  9.272E-12  5.290E-15 -1.383E-25
  319.0000  7.525E-02  7.094E-02  6.667E-02  6.247E-02  5.833E-02  5.426E-02  5.028E-02  4.639E-02  4.260E-02  3.893E-02  3.538E-02  3.196E-02  2.868E-02  2.556E-02  2.259E-02  1.979E-02  1.718E-02  1.474E-02  1.249E-02  1.045E-02  8.595E-03  6.946E-03  5.498E-03  4.248E-03  3.191E-03  2.318E-03  1.619E-03  1.078E-03  6.776E-04  3.962E-04  2.117E-04  1.008E-04  4.131E-05  1.385E-05  3.523E-06  6.067E-07  5.882E-08  2.351E-09  2.188E-11  1.418E-14 -4.318E-25
  320.0000  8.580E-02  8.085E-02  7.596E-02  7.114E-02  6.640E-02  6.174E-02  5.718E-02  5.273E-02  4.840E-02  4.420E-02  4.015E-02  3.624E-02  3.251E-02  2.894E-02  2.556E-02  2.238E-02  1.940E-02  1.663E-02  1.408E-02  1.176E-02  9.664E-03  7.799E-03  6.163E-03  4.754E-03  3.564E-03  2.584E-03  1.801E-03  1.196E-03  7.492E-04  4.367E-04  2.325E-04  1.102E-04  4.495E-05  1.499E-05  3.793E-06  6.499E-07  6.279E-08  2.512E-09  2.366E-11  1.591E-14 -5.283E-25
  321.0000  9.046E-02  8.542E-02  8.043E-02  7.550E-02  7.063E-02  6.585E-02  6.115E-02  5.656E-02  5.208E-02  4.772E-02  4.349E-02  3.941E-02  3.549E-02  3.174E-02  2.817E-02  2.479E-02  2.160E-02  1.863E-02  1.588E-02  1.336E-02  1.106E-02  9.003E-03  7.183E-03  5.599E-03  4.247E-03  3.121E-03  2.207E-03  1.491E-03  9.522E-04  5.675E-04  3.100E-04  1.515E-04  6.405E-05  2.229E-05  5.941E-06  1.084E-06  1.130E-07  4.954E-09  5.205E-11  3.974E-14 -1.534E-24
  322.0000  9.193E-02  8.681E-02  8.174E-02  7.673E-02  7.179E-02  6.693E-02  6.216E-02  5.749E-02  5.294E-02  4.851E-02  4.422E-02  4.007E-02  3.609E-02  3.228E-02  2.864E-02  2.521E-02  2.197E-02  1.895E-02  1.616E-02  1.359E-02  1.126E-02  9.164E-03  7.313E-03  5.702E-03  4.327E-03  3.180E-03  2.250E-03  1.520E-03  9.717E-04  5.795E-04  3.169E-04  1.551E-04  6.568E-05  2.291E-05  6.129E-06  1.124E-06  1.182E-07  5.265E-09  5.683E-11  4.562E-14 -1.936E-24
  323.0000  8.172E-02  7.721E-02  7.274E-02  6.832E-02  6.396E-02  5.967E-02  5.545E-02  5.133E-02  4.730E-02  4.338E-02  3.957E-02  3.590E-02  3.236E-02  2.898E-02  2.575E-02  2.269E-02  1.980E-02  1.711E-02  1.461E-02  1.231E-02  1.022E-02  8.335E-03  6.667E-03  5.212E-03  3.967E-03  2.926E-03  2.078E-03  1.410E-03  9.060E-04  5.435E-04  2.993E-04  1.477E-04  6.315E-05  2.230E-05  6.055E-06  1.132E-06  1.221E-07  5.618E-09  6.349E-11  5.449E-14 -2.565E-24
  324.0000  9.685E-02  9.165E-02  8.649E-02  8.138E-02  7.633E-02  7.135E-02  6.646E-02  6.165E-02  5.695E-02  5.237E-02  4.791E-02  4.359E-02  3.942E-02  3.542E-02  3.159E-02  2.794E-02  2.450E-02  2.126E-02  1.825E-02  1.546E-02  1.291E-02  1.061E-02  8.548E-03  6.739E-03  5.177E-03  3.857E-03  2.772E-03  1.907E-03  1.244E-03  7.593E-04  4.268E-04  2.157E-04  9.489E-05  3.467E-05  9.807E-06  1.927E-06  2.209E-07  1.096E-08  1.355E-10  1.296E-13 -6.984E-24
  325.0000  1.038E-01  9.816E-02  9.259E-02  8.708E-02  8.163E-02  7.627E-02  7.099E-02  6.581E-02  6.075E-02  5.582E-02  5.103E-02  4.639E-02  4.192E-02  3.762E-02  3.352E-02  2.962E-02  2.594E-02  2.248E-02  1.927E-02  1.630E-02  1.359E-02  1.114E-02  8.962E-03  7.049E-03  5.401E-03  4.014E-03  2.875E-03  1.971E-03  1.280E-03  7.783E-04  4.352E-04  2.187E-04  9.559E-05  3.467E-05  9.728E-06  1.896E-06  2.157E-07  1.065E-08  1.325E-10  1.305E-13 -7.585E-24
  326.0000  1.392E-01  1.318E-01  1.245E-01  1.172E-01  1.100E-01  1.029E-01  9.589E-02  8.902E-02  8.230E-02  7.574E-02  6.936E-02  6.317E-02  5.719E-02  5.144E-02  4.594E-02  4.069E-02  3.573E-02  3.106E-02  2.670E-02  2.267E-02  1.897E-02  1.562E-02  1.262E-02  9.978E-03  7.690E-03  5.752E-03  4.151E-03  2.869E-03  1.882E-03  1.156E-03  6.549E-04  3.341E-04  1.487E-04  5.510E-05  1.587E-05  3.196E-06  3.785E-07  1.967E-08  2.610E-10  2.792E-13 -1.818E-23
  327.0000  1.374E-01  1.302E-01  1.230E-01  1.159E-01  1.089E-01  1.020E-01  9.513E-02  8.842E-02  8.184E-02  7.542E-02  6.915E-02  6.307E-02  5.719E-02  5.153E-02  4.610E-02  4.092E-02  3.600E-02  3.137E-02  2.704E-02  2.302E-02  1.932E-02  1.596E-02  1.294E-02  1.028E-02  7.956E-03  5.981E-03  4.341E-03  3.020E-03  1.996E-03  1.238E-03  7.081E-04  3.656E-04  1.651E-04  6.225E-05  1.832E-05  3.787E-06  4.639E-07  2.516E-08  3.530E-10  4.070E-13 -2.952E-23
  328.0000  1.329E-01  1.259E-01  1.189E-01  1.120E-01  1.052E-01  9.848E-02  9.185E-02  8.533E-02  7.895E-02  7.271E-02  6.664E-02  6.075E-02  5.505E-02  4.957E-02  4.432E-02  3.931E-02  3.456E-02  3.009E-02  2.591E-02  2.203E-02  1.847E-02  1.524E-02  1.234E-02  9.785E-03  7.563E-03  5.676E-03  4.111E-03  2.854E-03  1.881E-03  1.163E-03  6.634E-04  3.413E-04  1.535E-04  5.763E-05  1.689E-05  3.476E-06  4.245E-07  2.305E-08  3.270E-10  3.894E-13 -3.046E-23
  329.0000  1.416E-01  1.343E-01  1.271E-01  1.198E-01  1.127E-01  1.056E-01  9.866E-02  9.181E-02  8.509E-02  7.851E-02  7.210E-02  6.586E-02  5.982E-02  5.400E-02  4.840E-02  4.305E-02  3.797E-02  3.316E-02  2.866E-02  2.447E-02  2.061E-02  1.708E-02  1.391E-02  1.109E-02  8.630E-03  6.524E-03  4.765E-03  3.340E-03  2.226E-03  1.393E-03  8.064E-04  4.221E-04  1.937E-04  7.453E-05  2.249E-05  4.802E-06  6.134E-07  3.523E-08  5.354E-10  6.952E-13 -6.090E-23
  330.0000  1.659E-01  1.574E-01  1.489E-01  1.405E-01  1.322E-01  1.240E-01  1.158E-01  1.079E-01  1.000E-01  9.234E-02  8.485E-02  7.757E-02  7.051E-02  6.369E-02  5.714E-02  5.087E-02  4.491E-02  3.927E-02  3.398E-02  2.905E-02  2.450E-02  2.034E-02  1.659E-02  1.325E-02  1.034E-02  7.833E-03  5.738E-03  4.034E-03  2.698E-03  1.696E-03  9.868E-04  5.196E-04  2.402E-04  9.327E-05  2.847E-05  6.167E-06  8.031E-07  4.734E-08  7.472E-10  1.027E-12 -9.873E-23
  331.0000  1.425E-01  1.352E-01  1.279E-01  1.207E-01  1.135E-01  1.064E-01  9.946E-02  9.259E-02  8.584E-02  7.924E-02  7.279E-02  6.653E-02  6.046E-02  5.460E-02  4.896E-02  4.358E-02  3.846E-02  3.362E-02  2.908E-02  2.485E-02  2.095E-02  1.738E-02  1.417E-02  1.131E-02  8.817E-03  6.677E-03  4.887E-03  3.433E-03  2.294E-03  1.441E-03  8.373E-04  4.404E-04  2.034E-04  7.888E-05  2.407E-05  5.215E-06  6.809E-07  4.043E-08  6.489E-10  9.256E-13 -9.597E-23
  332.0000  1.448E-01  1.374E-01  1.301E-01  1.229E-01  1.157E-01  1.086E-01  1.016E-01  9.465E-02  8.786E-02  8.120E-02  7.470E-02  6.837E-02  6.222E-02  5.629E-02  5.057E-02  4.510E-02  3.988E-02  3.494E-02  3.030E-02  2.596E-02  2.195E-02  1.828E-02  1.495E-02  1.199E-02  9.383E-03  7.142E-03  5.257E-03  3.717E-03  2.503E-03  1.586E-03  9.307E-04  4.954E-04  2.320E-04  9.156E-05  2.852E-05  6.344E-06  8.557E-07  5.296E-08  8.967E-10  1.373E-12 -1.574E-22
  333.0000  1.547E-01  1.469E-01  1.392E-01  1.315E-01  1.238E-01  1.163E-01  1.088E-01  1.015E-01  9.427E-02  8.719E-02  8.026E-02  7.352E-02  6.697E-02  6.064E-02  5.454E-02  4.868E-02  4.311E-02  3.782E-02  3.283E-02  2.818E-02  2.386E-02  1.991E-02  1.632E-02  1.311E-02  1.029E-02  7.856E-03  5.802E-03  4.118E-03  2.784E-03  1.773E-03  1.047E-03  5.610E-04  2.650E-04  1.056E-04  3.333E-05  7.535E-06  1.038E-06  6.609E-08  1.164E-09  1.887E-12 -2.367E-22
  334.0000  1.404E-01  1.333E-01  1.263E-01  1.193E-01  1.124E-01  1.055E-01  9.874E-02  9.207E-02  8.551E-02  7.908E-02  7.279E-02  6.667E-02  6.072E-02  5.497E-02  4.943E-02  4.412E-02  3.906E-02  3.426E-02  2.974E-02  2.552E-02  2.161E-02  1.802E-02  1.477E-02  1.187E-02  9.310E-03  7.104E-03  5.245E-03  3.721E-03  2.515E-03  1.601E-03  9.449E-04  5.064E-04  2.392E-04  9.537E-05  3.012E-05  6.823E-06  9.442E-07  6.066E-08  1.088E-09  1.832E-12 -2.475E-22
  335.0000  1.603E-01  1.523E-01  1.444E-01  1.365E-01  1.287E-01  1.209E-01  1.133E-01  1.057E-01  9.826E-02  9.097E-02  8.383E-02  7.687E-02  7.011E-02  6.356E-02  5.724E-02  5.118E-02  4.538E-02  3.988E-02  3.470E-02  2.984E-02  2.533E-02  2.118E-02  1.742E-02  1.404E-02  1.106E-02  8.472E-03  6.286E-03  4.484E-03  3.050E-03  1.956E-03  1.164E-03  6.302E-04  3.013E-04  1.219E-04  3.920E-05  9.078E-06  1.292E-06  8.609E-08  1.620E-09  2.908E-12 -4.315E-22
  336.0000  1.375E-01  1.308E-01  1.240E-01  1.173E-01  1.106E-01  1.040E-01  9.741E-02  9.095E-02  8.460E-02  7.836E-02  7.226E-02  6.630E-02  6.051E-02  5.489E-02  4.948E-02  4.427E-02  3.930E-02  3.457E-02  3.010E-02  2.592E-02  2.203E-02  1.845E-02  1.519E-02  1.227E-02  9.682E-03  7.437E-03  5.531E-03  3.958E-03  2.701E-03  1.739E-03  1.040E-03  5.660E-04  2.724E-04  1.111E-04  3.610E-05  8.474E-06  1.228E-06  8.377E-08  1.631E-09  3.084E-12 -4.975E-22
  337.0000  1.331E-01  1.265E-01  1.200E-01  1.135E-01  1.070E-01  1.006E-01  9.428E-02  8.804E-02  8.189E-02  7.586E-02  6.995E-02  6.419E-02  5.858E-02  5.315E-02  4.790E-02  4.287E-02  3.805E-02  3.348E-02  2.916E-02  2.511E-02  2.134E-02  1.788E-02  1.472E-02  1.189E-02  9.386E-03  7.211E-03  5.365E-03  3.840E-03  2.622E-03  1.689E-03  1.011E-03  5.507E-04  2.654E-04  1.085E-04  3.534E-05  8.332E-06  1.216E-06  8.395E-08  1.669E-09  3.282E-12 -5.699E-22
  338.0000  1.505E-01  1.431E-01  1.357E-01  1.284E-01  1.211E-01  1.139E-01  1.068E-01  9.980E-02  9.288E-02  8.609E-02  7.943E-02  7.294E-02  6.661E-02  6.048E-02  5.456E-02  4.887E-02  4.342E-02  3.824E-02  3.334E-02  2.875E-02  2.447E-02  2.053E-02  1.694E-02  1.370E-02  1.084E-02  8.347E-03  6.227E-03  4.471E-03  3.063E-03  1.981E-03  1.191E-03  6.529E-04  3.168E-04  1.306E-04  4.301E-05  1.028E-05  1.527E-06  1.080E-07  2.223E-09  4.601E-12 -8.672E-22
  339.0000  1.606E-01  1.528E-01  1.450E-01  1.373E-01  1.296E-01  1.219E-01  1.144E-01  1.069E-01  9.957E-02  9.235E-02  8.527E-02  7.836E-02  7.163E-02  6.509E-02  5.878E-02  5.270E-02  4.688E-02  4.134E-02  3.609E-02  3.116E-02  2.657E-02  2.233E-02  1.846E-02  1.497E-02  1.187E-02  9.165E-03  6.859E-03  4.942E-03  3.400E-03  2.209E-03  1.336E-03  7.372E-04  3.606E-04  1.501E-04  5.005E-05  1.215E-05  1.841E-06  1.338E-07  2.856E-09  6.234E-12 -1.276E-21
  340.0000  1.834E-01  1.745E-01  1.657E-01  1.568E-01  1.481E-01  1.394E-01  1.308E-01  1.222E-01  1.139E-01  1.056E-01  9.757E-02  8.969E-02  8.200E-02  7.455E-02  6.734E-02  6.040E-02  5.375E-02  4.742E-02  4.142E-02  3.579E-02  3.053E-02  2.567E-02  2.124E-02  1.724E-02  1.368E-02  1.058E-02  7.924E-03  5.717E-03  3.940E-03  2.565E-03  1.555E-03  8.604E-04  4.223E-04  1.766E-04  5.922E-05  1.449E-05  2.220E-06  1.640E-07  3.591E-09  8.176E-12 -1.802E-21
  341.0000  1.627E-01  1.549E-01  1.471E-01  1.393E-01  1.315E-01  1.238E-01  1.162E-01  1.087E-01  1.013E-01  9.404E-02  8.690E-02  7.993E-02  7.312E-02  6.652E-02  6.013E-02  5.397E-02  4.807E-02  4.244E-02  3.711E-02  3.209E-02  2.741E-02  2.308E-02  1.912E-02  1.554E-02  1.236E-02  9.572E-03  7.188E-03  5.200E-03  3.594E-03  2.348E-03  1.429E-03  7.947E-04  3.925E-04  1.653E-04  5.595E-05  1.385E-05  2.156E-06  1.628E-07  3.677E-09  8.780E-12 -2.091E-21
  342.0000  1.676E-01  1.596E-01  1.515E-01  1.436E-01  1.356E-01  1.278E-01  1.200E-01  1.123E-01  1.047E-01  9.720E-02  8.987E-02  8.270E-02  7.571E-02  6.891E-02  6.234E-02  5.600E-02  4.992E-02  4.411E-02  3.861E-02  3.343E-02  2.859E-02  2.410E-02  2.000E-02  1.628E-02  1.297E-02  1.007E-02  7.576E-03  5.495E-03  3.810E-03  2.498E-03  1.527E-03  8.534E-04  4.240E-04  1.800E-04  6.149E-05  1.541E-05  2.438E-06  1.881E-07  4.386E-09  1.098E-11 -2.823E-21
  343.0000  1.781E-01  1.696E-01  1.611E-01  1.527E-01  1.443E-01  1.360E-01  1.277E-01  1.195E-01  1.115E-01  1.036E-01  9.580E-02  8.819E-02  8.077E-02  7.356E-02  6.657E-02  5.984E-02  5.337E-02  4.720E-02  4.134E-02  3.582E-02  3.066E-02  2.587E-02  2.149E-02  1.751E-02  1.397E-02  1.086E-02  8.188E-03  5.951E-03  4.135E-03  2.719E-03  1.667E-03  9.351E-04  4.668E-04  1.993E-04  6.858E-05  1.735E-05  2.781E-06  2.186E-07  5.239E-09  1.370E-11 -3.788E-21
  344.0000  1.465E-01  1.395E-01  1.326E-01  1.256E-01  1.187E-01  1.119E-01  1.051E-01  9.841E-02  9.180E-02  8.530E-02  7.891E-02  7.266E-02  6.657E-02  6.064E-02  5.490E-02  4.936E-02  4.404E-02  3.896E-02  3.414E-02  2.959E-02  2.534E-02  2.140E-02  1.778E-02  1.451E-02  1.158E-02  9.010E-03  6.801E-03  4.949E-03  3.444E-03  2.268E-03  1.394E-03  7.836E-04  3.923E-04  1.681E-04  5.816E-05  1.482E-05  2.399E-06  1.915E-07  4.697E-09  1.278E-11 -3.789E-21
  345.0000  1.650E-01  1.572E-01  1.494E-01  1.416E-01  1.339E-01  1.262E-01  1.186E-01  1.111E-01  1.037E-01  9.641E-02  8.924E-02  8.222E-02  7.537E-02  6.870E-02  6.224E-02  5.601E-02  5.001E-02  4.429E-02  3.885E-02  3.371E-02  2.890E-02  2.444E-02  2.034E-02  1.662E-02  1.329E-02  1.036E-02  7.841E-03  5.721E-03  3.994E-03  2.640E-03  1.629E-03  9.207E-04  4.638E-04  2.003E-04  6.995E-05  1.804E-05  2.968E-06  2.421E-07  6.125E-09  1.744E-11 -5.569E-21
  346.0000  1.700E-01  1.620E-01  1.540E-01  1.460E-01  1.381E-01  1.302E-01  1.224E-01  1.147E-01  1.071E-01  9.955E-02  9.218E-02  8.496E-02  7.790E-02  7.104E-02  6.438E-02  5.796E-02  5.178E-02  4.587E-02  4.026E-02  3.496E-02  2.999E-02  2.538E-02  2.114E-02  1.729E-02  1.384E-02  1.080E-02  8.184E-03  5.980E-03  4.182E-03  2.770E-03  1.714E-03  9.713E-04  4.911E-04  2.131E-04  7.486E-05  1.946E-05  3.237E-06  2.683E-07  6.956E-09  2.062E-11 -7.054E-21
  347.0000  1.847E-01  1.760E-01  1.674E-01  1.588E-01  1.502E-01  1.417E-01  1.332E-01  1.248E-01  1.166E-01  1.084E-01  1.005E-01  9.263E-02  8.498E-02  7.753E-02  7.030E-02  6.332E-02  5.661E-02  5.019E-02  4.408E-02  3.831E-02  3.290E-02  2.787E-02  2.324E-02  1.903E-02  1.526E-02  1.193E-02  9.053E-03  6.629E-03  4.647E-03  3.087E-03  1.916E-03  1.090E-03  5.541E-04  2.419E-04  8.562E-05  2.249E-05  3.791E-06  3.201E-07  8.529E-09  2.637E-11 -9.676E-21
  348.0000  1.625E-01  1.549E-01  1.473E-01  1.398E-01  1.322E-01  1.248E-01  1.174E-01  1.100E-01  1.028E-01  9.566E-02  8.865E-02  8.177E-02  7.505E-02  6.851E-02  6.216E-02  5.602E-02  5.012E-02  4.446E-02  3.908E-02  3.399E-02  2.922E-02  2.477E-02  2.068E-02  1.696E-02  1.361E-02  1.066E-02  8.105E-03  5.948E-03  4.179E-03  2.784E-03  1.734E-03  9.906E-04  5.058E-04  2.221E-04  7.922E-05  2.101E-05  3.589E-06  3.086E-07  8.448E-09  2.723E-11 -1.070E-20
  349.0000  1.684E-01  1.606E-01  1.528E-01  1.450E-01  1.372E-01  1.295E-01  1.218E-01  1.143E-01  1.068E-01  9.941E-02  9.215E-02  8.504E-02  7.809E-02  7.132E-02  6.474E-02  5.838E-02  5.226E-02  4.639E-02  4.081E-02  3.552E-02  3.056E-02  2.594E-02  2.168E-02  1.779E-02  1.430E-02  1.122E-02  8.544E-03  6.282E-03  4.425E-03  2.955E-03  1.846E-03  1.059E-03  5.431E-04  2.398E-04  8.618E-05  2.307E-05  3.992E-06  3.495E-07  9.819E-09  3.296E-11 -1.387E-20
  350.0000  1.966E-01  1.875E-01  1.784E-01  1.693E-01  1.603E-01  1.513E-01  1.424E-01  1.336E-01  1.249E-01  1.163E-01  1.079E-01  9.957E-02  9.146E-02  8.357E-02  7.589E-02  6.847E-02  6.132E-02  5.447E-02  4.795E-02  4.177E-02  3.596E-02  3.055E-02  2.555E-02  2.100E-02  1.690E-02  1.327E-02  1.012E-02  7.456E-03  5.262E-03  3.523E-03  2.207E-03  1.270E-03  6.542E-04  2.904E-04  1.050E-04  2.837E-05  4.966E-06  4.421E-07  1.273E-08  4.446E-11 -1.998E-20
------------------------------------------------------------
