Spectral Irradiance, W m-2 nm-1
values at z =      3.233 km
Columns: wavelength (nm), solar zenith angles (deg.)
    wc, nm     50.000     51.000     52.000     53.000     54.000     55.000     56.000     57.000     58.000     59.000     60.000     61.000     62.000     63.000     64.000     65.000     66.000     67.000     68.000     69.000     70.000     71.000     72.000     73.000     74.000     75.000     76.000     77.000     78.000     79.000     80.000     81.000     82.000     83.000     84.000     85.000     86.000     87.000     88.000     89.000     90.000
  280.0000  0.000E+00  0.000E+00  0.000E+00  0.000E+00  0.000E+00  0.000E+00  0.000E+00  0.000E+00  0.000E+00  0.000E+00  0.000E+00  0.000E+00  0.000E+00  0.000E+00  0.000E+00  0.000E+00  0.000E+00  0.000E+00  0.000E+00  0.000E+00  0.000E+00  0.000E+00  0.000E+00  0.000E+00  0.000E+00  0.000E+00  0.000E+00  0.000E+00  0.000E+00  0.000E+00  0.000E+00  0.000E+00  0.000E+00  0.000E+00  0.000E+00  0.000E+00  0.000E+00  0.000E+00  0.000E+00  0.000E+00  0.000E+00
  281.0000  0.000E+00  0.000E+00  0.000E+00  0.000E+00  0.000E+00  0.000E+00  0.000E+00  0.000E+00  0.000E+00  0.000E+00  0.000E+00  0.000E+00  0.000E+00  0.000E+00  0.000E+00  0.000E+00  0.000E+00  0.000E+00  0.000E+00  0.000E+00  0.000E+00  0.000E+00  0.000E+00  0.000E+00  0.000E+00  0.000E+00  0.000E+00  0.000E+00  0.000E+00  0.000E+00  0.000E+00  0.000E+00  0.000E+00  0.000E+00  0.000E+00  0.000E+00  0.000E+00  0.000E+00  0.000E+00  0.000E+00  0.000E+00
  282.0000  0.000E+00  0.000E+00  0.000E+00  0.000E+00  0.000E+00  0.000E+00  0.000E+00  0.000E+00  0.000E+00  0.000E+00  0.000E+00  0.000E+00  0.000E+00  0.000E+00  0.000E+00  0.000E+00  0.000E+00  0.000E+00  0.000E+00  0.000E+00  0.000E+00  0.000E+00  0.000E+00  0.000E+00  0.000E+00  0.000E+00  0.000E+00  0.000E+00  0.000E+00  0.000E+00  0.000E+00  0.000E+00  0.000E+00  0.000E+00  0.000E+00  0.000E+00  0.000E+00  0.000E+00  0.000E+00  0.000E+00  0.000E+00
  283.0000  0.000E+00  0.000E+00  0.000E+00  0.000E+00  0.000E+00  0.000E+00  0.000E+00  0.000E+00  0.000E+00  0.000E+00  0.000E+00  0.000E+00  0.000E+00  0.000E+00  0.000E+00  0.000E+00  0.000E+00  0.000E+00  0.000E+00  0.000E+00  0.000E+00  0.000E+00  0.000E+00  0.000E+00  0.000E+00  0.000E+00  0.000E+00  0.000E+00  0.000E+00  0.000E+00  0.000E+00  0.000E+00  0.000E+00  0.000E+00  0.000E+00  0.000E+00  0.000E+00  0.000E+00  0.000E+00  0.000E+00  0.000E+00
  284.0000  0.000E+00  0.000E+00  0.000E+00  0.000E+00  0.000E+00  0.000E+00  0.000E+00  0.000E+00  0.000E+00  0.000E+00  0.000E+00  0.000E+00  0.000E+00  0.000E+00  0.000E+00  0.000E+00  0.000E+00  0.000E+00  0.000E+00  0.000E+00  0.000E+00  0.000E+00  0.000E+00  0.000E+00  0.000E+00  0.000E+00  0.000E+00  0.000E+00  0.000E+00  0.000E+00  0.000E+00  0.000E+00  0.000E+00  0.000E+00  0.000E+00  0.000E+00  0.000E+00  0.000E+00  0.000E+00  0.000E+00  0.000E+00
  285.0000  0.000E+00  0.000E+00  0.000E+00  0.000E+00  0.000E+00  0.000E+00  0.000E+00  0.000E+00  0.000E+00  0.000E+00  0.000E+00  0.000E+00  0.000E+00  0.000E+00  0.000E+00  0.000E+00  0.000E+00  0.000E+00  0.000E+00  0.000E+00  0.000E+00  0.000E+00  0.000E+00  0.000E+00  0.000E+00  0.000E+00  0.000E+00  0.000E+00  0.000E+00  0.000E+00  0.000E+00  0.000E+00  0.000E+00  0.000E+00  0.000E+00  0.000E+00  0.000E+00  0.000E+00  0.000E+00  0.000E+00  0.000E+00
  286.0000  0.000E+00  0.000E+00  0.000E+00  0.000E+00  0.000E+00  0.000E+00  0.000E+00  0.000E+00  0.000E+00  0.000E+00  0.000E+00  0.000E+00  0.000E+00  0.000E+00  0.000E+00  0.000E+00  0.000E+00  0.000E+00  0.000E+00  0.000E+00  0.000E+00  0.000E+00  0.000E+00  0.000E+00  0.000E+00  0.000E+00  0.000E+00  0.000E+00  0.000E+00  0.000E+00  0.000E+00  0.000E+00  0.000E+00  0.000E+00  0.000E+00  0.000E+00  0.000E+00  0.000E+00  0.000E+00  0.000E+00  0.000E+00
  287.0000  0.000E+00  0.000E+00  0.000E+00  0.000E+00  0.000E+00  0.000E+00  0.000E+00  0.000E+00  0.000E+00  0.000E+00  0.000E+00  0.000E+00  0.000E+00  0.000E+00  0.000E+00  0.000E+00  0.000E+00  0.000E+00  0.000E+00  0.000E+00  0.000E+00  0.000E+00  0.000E+00  0.000E+00  0.000E+00  0.000E+00  0.000E+00  0.000E+00  0.000E+00  0.000E+00  0.000E+00  0.000E+00  0.000E+00  0.000E+00  0.000E+00  0.000E+00  0.000E+00  0.000E+00  0.000E+00  0.000E+00  0.000E+00
  288.0000  0.000E+00  0.000E+00  0.000E+00  0.000E+00  0.000E+00  0.000E+00  0.000E+00  0.000E+00  0.000E+00  0.000E+00  0.000E+00  0.000E+00  0.000E+00  0.000E+00  0.000E+00  0.000E+00  0.000E+00  0.000E+00  0.000E+00  0.000E+00  0.000E+00  0.000E+00  0.000E+00  0.000E+00  0.000E+00  0.000E+00  0.000E+00  0.000E+00  0.000E+00  0.000E+00  0.000E+00  0.000E+00  0.000E+00  0.000E+00  0.000E+00  0.000E+00  0.000E+00  0.000E+00  0.000E+00  0.000E+00  0.000E+00
  289.0000  0.000E+00  0.000E+00  0.000E+00  0.000E+00  0.000E+00  0.000E+00  0.000E+00  0.000E+00  0.000E+00  0.000E+00  0.000E+00  0.000E+00  0.000E+00  0.000E+00  0.000E+00  0.000E+00  0.000E+00  0.000E+00  0.000E+00  0.000E+00  0.000E+00  0.000E+00  0.000E+00  0.000E+00  0.000E+00  0.000E+00  0.000E+00  0.000E+00  0.000E+00  0.000E+00  0.000E+00  0.000E+00  0.000E+00  0.000E+00  0.000E+00  0.000E+00  0.000E+00  0.000E+00  0.000E+00  0.000E+00  0.000E+00
  290.0000  3.997E-08  2.781E-08  1.895E-08  1.263E-08  8.222E-09  5.215E-09  3.217E-09  1.925E-09  1.114E-09  6.224E-10  3.341E-10  1.718E-10  8.423E-11  3.918E-11  1.719E-11  7.072E-12  2.706E-12  9.547E-13  3.075E-13  8.934E-14  2.308E-14  5.216E-15  1.011E-15  1.638E-16  2.159E-17  2.232E-18  1.732E-19  9.551E-21  3.495E-22  7.782E-24  9.442E-26  5.417E-28  1.225E-30  8.643E-34  1.418E-37  3.776E-42  0.000E+00  0.000E+00  0.000E+00  0.000E+00  0.000E+00
  291.0000  1.783E-07  1.279E-07  9.001E-08  6.207E-08  4.188E-08  2.760E-08  1.773E-08  1.108E-08  6.717E-09  3.940E-09  2.230E-09  1.213E-09  6.316E-10  3.135E-10  1.475E-10  6.544E-11  2.717E-11  1.048E-11  3.717E-12  1.200E-12  3.480E-13  8.931E-14  1.991E-14  3.773E-15  5.915E-16  7.427E-17  7.174E-18  5.071E-19  2.464E-20  7.596E-22  1.343E-23  1.196E-25  4.533E-28  5.896E-31  2.001E-34  1.267E-38  1.023E-43  0.000E+00  0.000E+00  0.000E+00  0.000E+00
  292.0000  9.543E-07  7.108E-07  5.206E-07  3.746E-07  2.644E-07  1.828E-07  1.235E-07  8.145E-08  5.230E-08  3.262E-08  1.971E-08  1.150E-08  6.458E-09  3.476E-09  1.785E-09  8.699E-10  4.000E-10  1.723E-10  6.894E-11  2.539E-11  8.505E-12  2.558E-12  6.794E-13  1.563E-13  3.044E-14  4.871E-15  6.184E-16  5.959E-17  4.121E-18  1.907E-19  5.395E-21  8.310E-23  5.998E-25  1.672E-27  1.405E-30  2.615E-34  7.529E-39  2.242E-44  0.000E+00  0.000E+00  0.000E+00
  293.0000  2.803E-06  2.137E-06  1.605E-06  1.185E-06  8.602E-07  6.124E-07  4.270E-07  2.912E-07  1.937E-07  1.255E-07  7.897E-08  4.813E-08  2.831E-08  1.602E-08  8.682E-09  4.486E-09  2.197E-09  1.013E-09  4.368E-10  1.745E-10  6.393E-11  2.121E-11  6.278E-12  1.629E-12  3.626E-13  6.744E-14  1.014E-14  1.183E-15  1.019E-16  6.060E-18  2.293E-19  4.959E-21  5.334E-23  2.384E-25  3.515E-28  1.278E-31  8.126E-36  6.225E-41  0.000E+00  0.000E+00  0.000E+00
  294.0000  1.044E-05  8.190E-06  6.338E-06  4.834E-06  3.628E-06  2.678E-06  1.940E-06  1.378E-06  9.572E-07  6.495E-07  4.293E-07  2.758E-07  1.718E-07  1.033E-07  5.979E-08  3.316E-08  1.754E-08  8.792E-09  4.151E-09  1.831E-09  7.477E-10  2.795E-10  9.443E-11  2.837E-11  7.434E-12  1.660E-12  3.066E-13  4.519E-14  5.076E-15  4.101E-16  2.211E-17  7.229E-19  1.264E-20  1.004E-22  2.932E-25  2.407E-28  4.003E-32  9.297E-37  2.018E-42  0.000E+00  0.000E+00
  295.0000  2.666E-05  2.134E-05  1.687E-05  1.316E-05  1.012E-05  7.659E-06  5.700E-06  4.166E-06  2.984E-06  2.092E-06  1.432E-06  9.550E-07  6.189E-07  3.886E-07  2.356E-07  1.374E-07  7.671E-08  4.079E-08  2.053E-08  9.714E-09  4.283E-09  1.742E-09  6.460E-10  2.152E-10  6.328E-11  1.607E-11  3.434E-12  5.969E-13  8.093E-14  8.115E-15  5.620E-16  2.460E-17  6.062E-19  7.230E-21  3.426E-23  5.008E-26  1.648E-29  8.426E-34  4.349E-39  1.401E-45  0.000E+00
  296.0000  9.513E-05  7.793E-05  6.314E-05  5.054E-05  3.995E-05  3.113E-05  2.390E-05  1.805E-05  1.340E-05  9.751E-06  6.948E-06  4.838E-06  3.283E-06  2.166E-06  1.385E-06  8.558E-07  5.086E-07  2.894E-07  1.568E-07  8.043E-08  3.874E-08  1.737E-08  7.169E-09  2.690E-09  9.032E-10  2.662E-10  6.723E-11  1.413E-11  2.378E-12  3.059E-13  2.825E-14  1.730E-15  6.330E-17  1.205E-18  9.964E-21  2.826E-23  2.036E-26  2.574E-30  3.578E-35  2.374E-41  0.000E+00
  297.0000  1.294E-04  1.077E-04  8.876E-05  7.233E-05  5.824E-05  4.631E-05  3.632E-05  2.806E-05  2.133E-05  1.593E-05  1.166E-05  8.363E-06  5.858E-06  3.998E-06  2.652E-06  1.704E-06  1.057E-06  6.299E-07  3.590E-07  1.945E-07  9.953E-08  4.768E-08  2.118E-08  8.622E-09  3.170E-09  1.034E-09  2.928E-10  7.006E-11  1.368E-11  2.085E-12  2.345E-13  1.808E-14  8.666E-16  2.273E-17  2.752E-19  1.230E-21  1.519E-24  3.588E-28  9.940E-33  1.320E-38  0.000E+00
  298.0000  4.148E-04  3.513E-04  2.948E-04  2.450E-04  2.014E-04  1.637E-04  1.314E-04  1.041E-04  8.123E-05  6.240E-05  4.710E-05  3.488E-05  2.529E-05  1.792E-05  1.237E-05  8.304E-06  5.398E-06  3.385E-06  2.040E-06  1.174E-06  6.421E-07  3.309E-07  1.594E-07  7.094E-08  2.882E-08  1.051E-08  3.378E-09  9.321E-10  2.142E-10  3.937E-11  5.501E-12  5.461E-13  3.525E-14  1.315E-15  2.423E-17  1.786E-19  3.989E-22  1.870E-25  1.101E-29  3.099E-35  0.000E+00
  299.0000  6.553E-04  5.618E-04  4.776E-04  4.023E-04  3.356E-04  2.769E-04  2.260E-04  1.821E-04  1.448E-04  1.134E-04  8.744E-05  6.623E-05  4.920E-05  3.578E-05  2.541E-05  1.757E-05  1.180E-05  7.671E-06  4.804E-06  2.885E-06  1.652E-06  8.961E-07  4.565E-07  2.163E-07  9.421E-08  3.716E-08  1.303E-08  3.973E-09  1.023E-09  2.143E-10  3.483E-11  4.126E-12  3.279E-13  1.565E-14  3.866E-16  4.045E-18  1.369E-20  1.041E-23  1.048E-27  5.091E-33 -1.401E-45
  300.0000  9.918E-04  8.617E-04  7.429E-04  6.352E-04  5.383E-04  4.518E-04  3.753E-04  3.083E-04  2.501E-04  2.002E-04  1.580E-04  1.227E-04  9.358E-05  7.002E-05  5.128E-05  3.667E-05  2.553E-05  1.725E-05  1.128E-05  7.094E-06  4.275E-06  2.452E-06  1.329E-06  6.745E-07  3.171E-07  1.363E-07  5.264E-08  1.791E-08  5.223E-09  1.263E-09  2.425E-10  3.488E-11  3.482E-12  2.178E-13  7.428E-15  1.142E-16  6.100E-19  7.873E-22  1.423E-25  1.247E-30 -4.022E-43
  301.0000  1.966E-03  1.726E-03  1.504E-03  1.301E-03  1.116E-03  9.489E-04  7.991E-04  6.660E-04  5.488E-04  4.467E-04  3.588E-04  2.839E-04  2.211E-04  1.691E-04  1.268E-04  9.300E-05  6.657E-05  4.636E-05  3.130E-05  2.041E-05  1.279E-05  7.658E-06  4.352E-06  2.328E-06  1.161E-06  5.328E-07  2.216E-07  8.200E-08  2.633E-08  7.111E-09  1.551E-09  2.589E-10  3.081E-11  2.373E-12  1.037E-13  2.145E-15  1.629E-17  3.170E-20  9.046E-24  1.267E-28 -6.317E-41
  302.0000  2.581E-03  2.286E-03  2.011E-03  1.757E-03  1.523E-03  1.310E-03  1.116E-03  9.420E-04  7.868E-04  6.497E-04  5.299E-04  4.263E-04  3.379E-04  2.634E-04  2.016E-04  1.512E-04  1.108E-04  7.921E-05  5.502E-05  3.700E-05  2.398E-05  1.491E-05  8.828E-06  4.944E-06  2.593E-06  1.260E-06  5.591E-07  2.225E-07  7.763E-08  2.307E-08  5.622E-09  1.068E-09  1.480E-10  1.366E-11  7.404E-13  1.981E-14  2.045E-16  5.691E-19  2.425E-22  5.149E-27 -3.814E-39
  303.0000  5.681E-03  5.077E-03  4.510E-03  3.980E-03  3.488E-03  3.033E-03  2.617E-03  2.237E-03  1.895E-03  1.588E-03  1.315E-03  1.076E-03  8.685E-04  6.902E-04  5.394E-04  4.138E-04  3.109E-04  2.282E-04  1.631E-04  1.132E-04  7.596E-05  4.904E-05  3.029E-05  1.777E-05  9.820E-06  5.057E-06  2.396E-06  1.027E-06  3.901E-07  1.278E-07  3.487E-08  7.562E-09  1.224E-09  1.358E-10  9.171E-12  3.191E-13  4.502E-15  1.804E-17  1.154E-20  3.725E-25 -4.078E-37
  304.0000  6.913E-03  6.214E-03  5.554E-03  4.934E-03  4.354E-03  3.815E-03  3.317E-03  2.860E-03  2.444E-03  2.067E-03  1.730E-03  1.431E-03  1.168E-03  9.404E-04  7.450E-04  5.799E-04  4.426E-04  3.305E-04  2.407E-04  1.705E-04  1.170E-04  7.744E-05  4.915E-05  2.972E-05  1.699E-05  9.084E-06  4.491E-06  2.020E-06  8.109E-07  2.831E-07  8.312E-08  1.964E-08  3.517E-09  4.400E-10  3.431E-11  1.418E-12  2.459E-14  1.256E-16  1.059E-19  4.598E-24 -6.821E-36
  305.0000  1.078E-02  9.758E-03  8.789E-03  7.872E-03  7.007E-03  6.197E-03  5.441E-03  4.740E-03  4.095E-03  3.506E-03  2.972E-03  2.492E-03  2.064E-03  1.688E-03  1.360E-03  1.078E-03  8.390E-04  6.400E-04  4.772E-04  3.468E-04  2.447E-04  1.670E-04  1.096E-04  6.884E-05  4.103E-05  2.300E-05  1.199E-05  5.727E-06  2.462E-06  9.300E-07  2.992E-07  7.866E-08  1.598E-08  2.320E-09  2.161E-10  1.106E-11  2.471E-13  1.698E-15  2.000E-18  1.230E-22 -2.552E-34
  306.0000  1.106E-02  1.006E-02  9.109E-03  8.202E-03  7.343E-03  6.533E-03  5.773E-03  5.064E-03  4.407E-03  3.803E-03  3.250E-03  2.749E-03  2.299E-03  1.899E-03  1.547E-03  1.241E-03  9.788E-04  7.572E-04  5.733E-04  4.236E-04  3.044E-04  2.120E-04  1.423E-04  9.159E-05  5.611E-05  3.244E-05  1.751E-05  8.701E-06  3.913E-06  1.557E-06  5.318E-07  1.500E-07  3.310E-08  5.304E-09  5.559E-10  3.276E-11  8.676E-13  7.291E-15  1.081E-17  8.539E-22 -2.305E-33
  307.0000  1.559E-02  1.426E-02  1.298E-02  1.175E-02  1.058E-02  9.476E-03  8.431E-03  7.449E-03  6.532E-03  5.682E-03  4.899E-03  4.183E-03  3.534E-03  2.951E-03  2.432E-03  1.975E-03  1.579E-03  1.240E-03  9.538E-04  7.172E-04  5.254E-04  3.737E-04  2.568E-04  1.696E-04  1.070E-04  6.387E-05  3.576E-05  1.852E-05  8.732E-06  3.668E-06  1.335E-06  4.054E-07  9.756E-08  1.734E-08  2.057E-09  1.406E-10  4.448E-12  4.610E-14  8.679E-17  8.865E-21 -3.114E-32
  308.0000  1.985E-02  1.824E-02  1.668E-02  1.518E-02  1.375E-02  1.238E-02  1.108E-02  9.857E-03  8.705E-03  7.629E-03  6.630E-03  5.710E-03  4.868E-03  4.105E-03  3.419E-03  2.809E-03  2.274E-03  1.809E-03  1.413E-03  1.079E-03  8.048E-04  5.835E-04  4.096E-04  2.771E-04  1.794E-04  1.104E-04  6.387E-05  3.436E-05  1.692E-05  7.469E-06  2.880E-06  9.354E-07  2.438E-07  4.762E-08  6.326E-09  4.955E-10  1.845E-11  2.319E-13  5.446E-16  7.071E-20 -3.193E-31
  309.0000  2.168E-02  1.997E-02  1.832E-02  1.672E-02  1.519E-02  1.373E-02  1.233E-02  1.101E-02  9.765E-03  8.595E-03  7.505E-03  6.496E-03  5.568E-03  4.722E-03  3.958E-03  3.274E-03  2.669E-03  2.141E-03  1.686E-03  1.301E-03  9.798E-04  7.185E-04  5.108E-04  3.504E-04  2.304E-04  1.442E-04  8.515E-05  4.685E-05  2.366E-05  1.076E-05  4.293E-06  1.451E-06  3.967E-07  8.199E-08  1.166E-08  9.915E-10  4.080E-11  5.783E-13  1.566E-15  2.399E-19 -1.315E-30
  310.0000  2.314E-02  2.142E-02  1.974E-02  1.812E-02  1.655E-02  1.505E-02  1.360E-02  1.223E-02  1.092E-02  9.683E-03  8.524E-03  7.442E-03  6.438E-03  5.515E-03  4.672E-03  3.911E-03  3.229E-03  2.625E-03  2.098E-03  1.645E-03  1.262E-03  9.435E-04  6.855E-04  4.816E-04  3.253E-04  2.098E-04  1.281E-04  7.326E-05  3.866E-05  1.849E-05  7.821E-06  2.832E-06  8.389E-07  1.908E-07  3.043E-08  2.971E-09  1.442E-10  2.483E-12  8.398E-15  1.634E-18 -1.146E-29
  311.0000  4.052E-02  3.758E-02  3.471E-02  3.194E-02  2.925E-02  2.665E-02  2.416E-02  2.178E-02  1.951E-02  1.737E-02  1.534E-02  1.345E-02  1.168E-02  1.005E-02  8.558E-03  7.200E-03  5.978E-03  4.891E-03  3.936E-03  3.108E-03  2.403E-03  1.813E-03  1.330E-03  9.447E-04  6.459E-04  4.224E-04  2.619E-04  1.524E-04  8.202E-05  4.014E-05  1.744E-05  6.514E-06  2.002E-06  4.761E-07  8.009E-08  8.343E-09  4.382E-10  8.314E-12  3.160E-14  7.073E-18 -5.896E-29
  312.0000  3.805E-02  3.539E-02  3.279E-02  3.026E-02  2.781E-02  2.543E-02  2.314E-02  2.095E-02  1.885E-02  1.685E-02  1.496E-02  1.318E-02  1.151E-02  9.967E-03  8.541E-03  7.236E-03  6.054E-03  4.994E-03  4.055E-03  3.234E-03  2.527E-03  1.929E-03  1.434E-03  1.033E-03  7.182E-04  4.782E-04  3.027E-04  1.802E-04  9.963E-05  5.027E-05  2.263E-05  8.813E-06  2.846E-06  7.176E-07  1.295E-07  1.469E-08  8.555E-10  1.837E-11  8.073E-14  2.133E-17 -2.149E-28
  313.0000  4.466E-02  4.165E-02  3.870E-02  3.583E-02  3.303E-02  3.031E-02  2.768E-02  2.515E-02  2.272E-02  2.041E-02  1.820E-02  1.612E-02  1.416E-02  1.233E-02  1.063E-02  9.068E-03  7.643E-03  6.355E-03  5.205E-03  4.191E-03  3.309E-03  2.556E-03  1.924E-03  1.406E-03  9.925E-04  6.726E-04  4.342E-04  2.644E-04  1.500E-04  7.797E-05  3.633E-05  1.473E-05  4.988E-06  1.331E-06  2.573E-07  3.169E-08  2.039E-09  4.936E-11  2.499E-13  7.761E-17 -9.420E-28
  314.0000  5.005E-02  4.673E-02  4.348E-02  4.031E-02  3.721E-02  3.420E-02  3.129E-02  2.848E-02  2.578E-02  2.320E-02  2.074E-02  1.841E-02  1.621E-02  1.415E-02  1.224E-02  1.047E-02  8.856E-03  7.391E-03  6.078E-03  4.915E-03  3.900E-03  3.028E-03  2.293E-03  1.686E-03  1.199E-03  8.193E-04  5.338E-04  3.285E-04  1.886E-04  9.940E-05  4.707E-05  1.945E-05  6.737E-06  1.848E-06  3.690E-07  4.735E-08  3.205E-09  8.267E-11  4.536E-13  1.563E-16 -2.186E-27
  315.0000  5.349E-02  5.010E-02  4.676E-02  4.348E-02  4.028E-02  3.716E-02  3.413E-02  3.120E-02  2.836E-02  2.564E-02  2.304E-02  2.056E-02  1.821E-02  1.600E-02  1.393E-02  1.200E-02  1.023E-02  8.612E-03  7.148E-03  5.839E-03  4.685E-03  3.682E-03  2.826E-03  2.110E-03  1.526E-03  1.062E-03  7.068E-04  4.455E-04  2.629E-04  1.430E-04  7.024E-05  3.030E-05  1.104E-05  3.216E-06  6.906E-07  9.671E-08  7.275E-09  2.130E-10  1.354E-12  5.513E-16 -9.297E-27
  316.0000  4.424E-02  4.145E-02  3.871E-02  3.603E-02  3.340E-02  3.083E-02  2.834E-02  2.593E-02  2.359E-02  2.135E-02  1.920E-02  1.715E-02  1.521E-02  1.338E-02  1.167E-02  1.007E-02  8.596E-03  7.248E-03  6.027E-03  4.934E-03  3.968E-03  3.126E-03  2.406E-03  1.802E-03  1.308E-03  9.139E-04  6.109E-04  3.870E-04  2.297E-04  1.258E-04  6.228E-05  2.712E-05  9.994E-06  2.952E-06  6.449E-07  9.230E-08  7.143E-09  2.171E-10  1.455E-12  6.396E-16 -1.217E-26
  317.0000  6.891E-02  6.471E-02  6.057E-02  5.650E-02  5.252E-02  4.862E-02  4.482E-02  4.112E-02  3.754E-02  3.409E-02  3.078E-02  2.761E-02  2.459E-02  2.173E-02  1.903E-02  1.652E-02  1.418E-02  1.204E-02  1.008E-02  8.312E-03  6.740E-03  5.359E-03  4.166E-03  3.155E-03  2.318E-03  1.643E-03  1.115E-03  7.194E-04  4.358E-04  2.443E-04  1.243E-04  5.589E-05  2.139E-05  6.611E-06  1.525E-06  2.332E-07  1.956E-08  6.551E-10  4.930E-12  2.481E-15 -5.548E-26
  318.0000  6.153E-02  5.781E-02  5.414E-02  5.054E-02  4.700E-02  4.354E-02  4.016E-02  3.688E-02  3.370E-02  3.063E-02  2.767E-02  2.484E-02  2.215E-02  1.959E-02  1.719E-02  1.494E-02  1.284E-02  1.091E-02  9.154E-03  7.564E-03  6.145E-03  4.897E-03  3.816E-03  2.898E-03  2.136E-03  1.519E-03  1.035E-03  6.707E-04  4.084E-04  2.303E-04  1.180E-04  5.351E-05  2.069E-05  6.472E-06  1.516E-06  2.364E-07  2.034E-08  7.054E-10  5.573E-12  3.014E-15 -7.557E-26
  319.0000  7.200E-02  6.781E-02  6.367E-02  5.959E-02  5.558E-02  5.164E-02  4.779E-02  4.403E-02  4.038E-02  3.684E-02  3.343E-02  3.015E-02  2.701E-02  2.402E-02  2.118E-02  1.852E-02  1.603E-02  1.372E-02  1.159E-02  9.661E-03  7.922E-03  6.377E-03  5.025E-03  3.864E-03  2.887E-03  2.086E-03  1.447E-03  9.562E-04  5.956E-04  3.449E-04  1.822E-04  8.559E-05  3.452E-05  1.136E-05  2.826E-06  4.741E-07  4.456E-08  1.719E-09  1.539E-11  9.610E-15 -2.841E-25
  320.0000  8.143E-02  7.666E-02  7.194E-02  6.729E-02  6.272E-02  5.824E-02  5.386E-02  4.959E-02  4.544E-02  4.143E-02  3.755E-02  3.383E-02  3.028E-02  2.690E-02  2.370E-02  2.069E-02  1.788E-02  1.528E-02  1.289E-02  1.073E-02  8.777E-03  7.051E-03  5.544E-03  4.252E-03  3.168E-03  2.281E-03  1.577E-03  1.038E-03  6.435E-04  3.707E-04  1.947E-04  9.086E-05  3.637E-05  1.186E-05  2.925E-06  4.857E-07  4.525E-08  1.736E-09  1.563E-11  1.006E-14 -3.229E-25
  321.0000  8.764E-02  8.271E-02  7.782E-02  7.299E-02  6.823E-02  6.356E-02  5.897E-02  5.449E-02  5.012E-02  4.587E-02  4.176E-02  3.780E-02  3.400E-02  3.036E-02  2.690E-02  2.363E-02  2.056E-02  1.770E-02  1.505E-02  1.263E-02  1.043E-02  8.468E-03  6.735E-03  5.232E-03  3.954E-03  2.893E-03  2.036E-03  1.368E-03  8.682E-04  5.138E-04  2.784E-04  1.348E-04  5.632E-05  1.934E-05  5.073E-06  9.081E-07  9.259E-08  3.959E-09  4.046E-11  3.007E-14 -1.136E-24
  322.0000  8.877E-02  8.377E-02  7.881E-02  7.392E-02  6.910E-02  6.436E-02  5.972E-02  5.517E-02  5.075E-02  4.645E-02  4.228E-02  3.827E-02  3.441E-02  3.073E-02  2.723E-02  2.391E-02  2.081E-02  1.791E-02  1.523E-02  1.278E-02  1.055E-02  8.565E-03  6.812E-03  5.291E-03  3.998E-03  2.925E-03  2.058E-03  1.383E-03  8.776E-04  5.193E-04  2.814E-04  1.363E-04  5.698E-05  1.959E-05  5.149E-06  9.249E-07  9.493E-08  4.110E-09  4.304E-11  3.355E-14 -1.391E-24
  323.0000  7.911E-02  7.469E-02  7.031E-02  6.599E-02  6.173E-02  5.754E-02  5.342E-02  4.940E-02  4.548E-02  4.166E-02  3.796E-02  3.439E-02  3.096E-02  2.768E-02  2.456E-02  2.160E-02  1.882E-02  1.623E-02  1.383E-02  1.162E-02  9.621E-03  7.827E-03  6.241E-03  4.862E-03  3.686E-03  2.706E-03  1.913E-03  1.291E-03  8.241E-04  4.908E-04  2.680E-04  1.309E-04  5.534E-05  1.928E-05  5.149E-06  9.442E-07  9.952E-08  4.463E-09  4.903E-11  4.094E-14 -1.887E-24
  324.0000  9.521E-02  9.007E-02  8.497E-02  7.991E-02  7.492E-02  7.001E-02  6.517E-02  6.043E-02  5.579E-02  5.127E-02  4.687E-02  4.262E-02  3.852E-02  3.458E-02  3.081E-02  2.724E-02  2.386E-02  2.068E-02  1.773E-02  1.500E-02  1.251E-02  1.026E-02  8.258E-03  6.497E-03  4.981E-03  3.703E-03  2.654E-03  1.821E-03  1.183E-03  7.198E-04  4.027E-04  2.025E-04  8.855E-05  3.212E-05  9.009E-06  1.753E-06  1.985E-07  9.711E-09  1.183E-10  1.116E-13 -5.939E-24
  325.0000  1.011E-01  9.560E-02  9.012E-02  8.471E-02  7.936E-02  7.409E-02  6.891E-02  6.384E-02  5.888E-02  5.405E-02  4.937E-02  4.483E-02  4.047E-02  3.628E-02  3.228E-02  2.849E-02  2.491E-02  2.156E-02  1.844E-02  1.557E-02  1.296E-02  1.060E-02  8.502E-03  6.668E-03  5.094E-03  3.772E-03  2.692E-03  1.837E-03  1.187E-03  7.175E-04  3.985E-04  1.987E-04  8.604E-05  3.086E-05  8.549E-06  1.640E-06  1.833E-07  8.866E-09  1.079E-10  1.039E-13 -5.938E-24
  326.0000  1.368E-01  1.295E-01  1.222E-01  1.150E-01  1.079E-01  1.009E-01  9.397E-02  8.720E-02  8.057E-02  7.410E-02  6.781E-02  6.172E-02  5.584E-02  5.018E-02  4.477E-02  3.963E-02  3.476E-02  3.019E-02  2.592E-02  2.198E-02  1.837E-02  1.510E-02  1.218E-02  9.609E-03  7.390E-03  5.514E-03  3.969E-03  2.735E-03  1.787E-03  1.094E-03  6.169E-04  3.130E-04  1.384E-04  5.092E-05  1.454E-05  2.897E-06  3.389E-07  1.736E-08  2.269E-10  2.391E-13 -1.538E-23
  327.0000  1.358E-01  1.286E-01  1.215E-01  1.145E-01  1.075E-01  1.006E-01  9.386E-02  8.721E-02  8.069E-02  7.433E-02  6.813E-02  6.211E-02  5.629E-02  5.069E-02  4.532E-02  4.020E-02  3.535E-02  3.078E-02  2.651E-02  2.255E-02  1.891E-02  1.560E-02  1.264E-02  1.002E-02  7.748E-03  5.815E-03  4.214E-03  2.926E-03  1.929E-03  1.193E-03  6.805E-04  3.501E-04  1.574E-04  5.907E-05  1.728E-05  3.548E-06  4.310E-07  2.316E-08  3.216E-10  3.671E-13 -2.641E-23
  328.0000  1.305E-01  1.235E-01  1.167E-01  1.098E-01  1.031E-01  9.645E-02  8.991E-02  8.348E-02  7.719E-02  7.105E-02  6.507E-02  5.928E-02  5.368E-02  4.829E-02  4.313E-02  3.822E-02  3.357E-02  2.919E-02  2.510E-02  2.132E-02  1.785E-02  1.470E-02  1.189E-02  9.403E-03  7.252E-03  5.428E-03  3.921E-03  2.713E-03  1.782E-03  1.097E-03  6.227E-04  3.186E-04  1.423E-04  5.302E-05  1.539E-05  3.133E-06  3.776E-07  2.020E-08  2.820E-10  3.307E-13 -2.555E-23
  329.0000  1.404E-01  1.332E-01  1.259E-01  1.188E-01  1.117E-01  1.046E-01  9.771E-02  9.090E-02  8.423E-02  7.769E-02  7.132E-02  6.513E-02  5.914E-02  5.336E-02  4.781E-02  4.251E-02  3.747E-02  3.271E-02  2.825E-02  2.411E-02  2.029E-02  1.681E-02  1.367E-02  1.089E-02  8.467E-03  6.393E-03  4.664E-03  3.264E-03  2.171E-03  1.357E-03  7.836E-04  4.091E-04  1.872E-04  7.177E-05  2.157E-05  4.581E-06  5.818E-07  3.318E-08  5.006E-10  6.454E-13 -5.618E-23
  330.0000  1.647E-01  1.562E-01  1.478E-01  1.394E-01  1.311E-01  1.230E-01  1.149E-01  1.069E-01  9.914E-02  9.151E-02  8.406E-02  7.682E-02  6.981E-02  6.304E-02  5.653E-02  5.031E-02  4.440E-02  3.881E-02  3.356E-02  2.868E-02  2.417E-02  2.006E-02  1.635E-02  1.305E-02  1.017E-02  7.697E-03  5.632E-03  3.955E-03  2.641E-03  1.658E-03  9.625E-04  5.057E-04  2.332E-04  9.026E-05  2.745E-05  5.920E-06  7.670E-07  4.495E-08  7.049E-10  9.632E-13 -9.209E-23
  331.0000  1.408E-01  1.336E-01  1.263E-01  1.192E-01  1.120E-01  1.050E-01  9.810E-02  9.128E-02  8.460E-02  7.806E-02  7.168E-02  6.548E-02  5.947E-02  5.368E-02  4.811E-02  4.280E-02  3.774E-02  3.297E-02  2.849E-02  2.433E-02  2.049E-02  1.698E-02  1.383E-02  1.103E-02  8.581E-03  6.487E-03  4.740E-03  3.323E-03  2.215E-03  1.387E-03  8.037E-04  4.212E-04  1.937E-04  7.474E-05  2.266E-05  4.876E-06  6.313E-07  3.712E-08  5.896E-10  8.326E-13 -8.565E-23
  332.0000  1.439E-01  1.366E-01  1.293E-01  1.221E-01  1.149E-01  1.079E-01  1.009E-01  9.398E-02  8.722E-02  8.060E-02  7.413E-02  6.783E-02  6.172E-02  5.581E-02  5.013E-02  4.469E-02  3.951E-02  3.460E-02  2.999E-02  2.569E-02  2.171E-02  1.807E-02  1.477E-02  1.183E-02  9.257E-03  7.040E-03  5.178E-03  3.657E-03  2.459E-03  1.556E-03  9.119E-04  4.845E-04  2.264E-04  8.913E-05  2.768E-05  6.135E-06  8.240E-07  5.076E-08  8.549E-10  1.302E-12 -1.486E-22
  333.0000  1.541E-01  1.463E-01  1.386E-01  1.309E-01  1.233E-01  1.158E-01  1.083E-01  1.010E-01  9.381E-02  8.676E-02  7.986E-02  7.314E-02  6.661E-02  6.030E-02  5.422E-02  4.839E-02  4.284E-02  3.757E-02  3.261E-02  2.798E-02  2.369E-02  1.976E-02  1.619E-02  1.300E-02  1.020E-02  7.782E-03  5.744E-03  4.074E-03  2.752E-03  1.751E-03  1.033E-03  5.529E-04  2.608E-04  1.038E-04  3.268E-05  7.370E-06  1.013E-06  6.426E-08  1.128E-09  1.822E-12 -2.280E-22
  334.0000  1.393E-01  1.323E-01  1.253E-01  1.183E-01  1.114E-01  1.046E-01  9.787E-02  9.123E-02  8.471E-02  7.832E-02  7.207E-02  6.599E-02  6.008E-02  5.438E-02  4.888E-02  4.361E-02  3.859E-02  3.383E-02  2.935E-02  2.517E-02  2.130E-02  1.775E-02  1.454E-02  1.167E-02  9.147E-03  6.973E-03  5.142E-03  3.643E-03  2.459E-03  1.562E-03  9.203E-04  4.920E-04  2.317E-04  9.211E-05  2.898E-05  6.533E-06  8.992E-07  5.741E-08  1.023E-09  1.711E-12 -2.300E-22
  335.0000  1.598E-01  1.518E-01  1.439E-01  1.361E-01  1.282E-01  1.205E-01  1.129E-01  1.053E-01  9.790E-02  9.062E-02  8.350E-02  7.656E-02  6.982E-02  6.328E-02  5.699E-02  5.094E-02  4.517E-02  3.969E-02  3.452E-02  2.968E-02  2.519E-02  2.106E-02  1.731E-02  1.395E-02  1.098E-02  8.411E-03  6.237E-03  4.447E-03  3.023E-03  1.937E-03  1.152E-03  6.231E-04  2.976E-04  1.202E-04  3.860E-05  8.925E-06  1.268E-06  8.425E-08  1.581E-09  2.831E-12 -4.191E-22
  336.0000  1.373E-01  1.305E-01  1.237E-01  1.170E-01  1.103E-01  1.037E-01  9.718E-02  9.073E-02  8.439E-02  7.816E-02  7.207E-02  6.612E-02  6.034E-02  5.474E-02  4.933E-02  4.413E-02  3.917E-02  3.445E-02  3.000E-02  2.583E-02  2.195E-02  1.838E-02  1.513E-02  1.222E-02  9.638E-03  7.401E-03  5.503E-03  3.936E-03  2.685E-03  1.728E-03  1.033E-03  5.617E-04  2.701E-04  1.101E-04  3.574E-05  8.378E-06  1.212E-06  8.257E-08  1.604E-09  3.028E-12 -4.878E-22
  337.0000  1.325E-01  1.259E-01  1.194E-01  1.129E-01  1.065E-01  1.001E-01  9.377E-02  8.755E-02  8.143E-02  7.541E-02  6.953E-02  6.379E-02  5.821E-02  5.280E-02  4.758E-02  4.257E-02  3.778E-02  3.322E-02  2.893E-02  2.490E-02  2.116E-02  1.772E-02  1.458E-02  1.177E-02  9.287E-03  7.130E-03  5.301E-03  3.791E-03  2.586E-03  1.664E-03  9.947E-04  5.412E-04  2.604E-04  1.062E-04  3.452E-05  8.116E-06  1.180E-06  8.120E-08  1.608E-09  3.149E-12 -5.451E-22
  338.0000  1.499E-01  1.426E-01  1.352E-01  1.279E-01  1.207E-01  1.135E-01  1.064E-01  9.940E-02  9.250E-02  8.573E-02  7.909E-02  7.261E-02  6.631E-02  6.019E-02  5.429E-02  4.862E-02  4.319E-02  3.803E-02  3.315E-02  2.858E-02  2.432E-02  2.040E-02  1.682E-02  1.360E-02  1.076E-02  8.279E-03  6.173E-03  4.429E-03  3.033E-03  1.960E-03  1.178E-03  6.447E-04  3.125E-04  1.286E-04  4.229E-05  1.009E-05  1.495E-06  1.055E-07  2.164E-09  4.466E-12 -8.397E-22
  339.0000  1.604E-01  1.526E-01  1.448E-01  1.371E-01  1.294E-01  1.218E-01  1.142E-01  1.068E-01  9.942E-02  9.220E-02  8.513E-02  7.823E-02  7.150E-02  6.497E-02  5.867E-02  5.260E-02  4.678E-02  4.125E-02  3.601E-02  3.109E-02  2.651E-02  2.227E-02  1.841E-02  1.493E-02  1.183E-02  9.137E-03  6.836E-03  4.925E-03  3.387E-03  2.201E-03  1.330E-03  7.337E-04  3.588E-04  1.493E-04  4.973E-05  1.206E-05  1.826E-06  1.326E-07  2.827E-09  6.163E-12 -1.260E-21
  340.0000  1.830E-01  1.741E-01  1.653E-01  1.564E-01  1.477E-01  1.390E-01  1.304E-01  1.219E-01  1.136E-01  1.053E-01  9.729E-02  8.942E-02  8.175E-02  7.431E-02  6.711E-02  6.019E-02  5.356E-02  4.724E-02  4.126E-02  3.564E-02  3.040E-02  2.556E-02  2.114E-02  1.715E-02  1.361E-02  1.052E-02  7.877E-03  5.682E-03  3.914E-03  2.547E-03  1.543E-03  8.531E-04  4.184E-04  1.748E-04  5.854E-05  1.430E-05  2.188E-06  1.613E-07  3.526E-09  8.012E-12 -1.763E-21
  341.0000  1.625E-01  1.546E-01  1.468E-01  1.390E-01  1.313E-01  1.236E-01  1.160E-01  1.085E-01  1.011E-01  9.386E-02  8.673E-02  7.976E-02  7.297E-02  6.637E-02  5.999E-02  5.384E-02  4.795E-02  4.233E-02  3.701E-02  3.201E-02  2.733E-02  2.301E-02  1.906E-02  1.549E-02  1.231E-02  9.537E-03  7.160E-03  5.178E-03  3.578E-03  2.337E-03  1.422E-03  7.902E-04  3.900E-04  1.642E-04  5.552E-05  1.373E-05  2.135E-06  1.610E-07  3.633E-09  8.661E-12 -2.060E-21
  342.0000  1.675E-01  1.595E-01  1.514E-01  1.435E-01  1.355E-01  1.277E-01  1.199E-01  1.122E-01  1.046E-01  9.712E-02  8.980E-02  8.263E-02  7.564E-02  6.885E-02  6.228E-02  5.594E-02  4.987E-02  4.407E-02  3.857E-02  3.339E-02  2.855E-02  2.407E-02  1.997E-02  1.626E-02  1.295E-02  1.005E-02  7.564E-03  5.486E-03  3.803E-03  2.494E-03  1.524E-03  8.515E-04  4.230E-04  1.795E-04  6.130E-05  1.536E-05  2.428E-06  1.873E-07  4.365E-09  1.092E-11 -2.806E-21
  343.0000  1.780E-01  1.695E-01  1.610E-01  1.526E-01  1.442E-01  1.359E-01  1.276E-01  1.194E-01  1.114E-01  1.035E-01  9.571E-02  8.811E-02  8.070E-02  7.349E-02  6.650E-02  5.977E-02  5.331E-02  4.714E-02  4.129E-02  3.577E-02  3.062E-02  2.584E-02  2.146E-02  1.749E-02  1.395E-02  1.084E-02  8.173E-03  5.939E-03  4.127E-03  2.713E-03  1.663E-03  9.327E-04  4.655E-04  1.987E-04  6.834E-05  1.728E-05  2.769E-06  2.176E-07  5.210E-09  1.361E-11 -3.763E-21
  344.0000  1.462E-01  1.392E-01  1.323E-01  1.254E-01  1.185E-01  1.117E-01  1.049E-01  9.820E-02  9.160E-02  8.511E-02  7.873E-02  7.249E-02  6.640E-02  6.049E-02  5.475E-02  4.922E-02  4.392E-02  3.885E-02  3.404E-02  2.950E-02  2.526E-02  2.133E-02  1.772E-02  1.445E-02  1.153E-02  8.971E-03  6.769E-03  4.924E-03  3.426E-03  2.255E-03  1.385E-03  7.783E-04  3.894E-04  1.668E-04  5.764E-05  1.467E-05  2.372E-06  1.890E-07  4.630E-09  1.257E-11 -3.724E-21
  345.0000  1.648E-01  1.570E-01  1.493E-01  1.415E-01  1.338E-01  1.261E-01  1.185E-01  1.110E-01  1.036E-01  9.632E-02  8.916E-02  8.214E-02  7.530E-02  6.864E-02  6.218E-02  5.595E-02  4.996E-02  4.424E-02  3.880E-02  3.367E-02  2.887E-02  2.441E-02  2.031E-02  1.660E-02  1.327E-02  1.035E-02  7.827E-03  5.710E-03  3.986E-03  2.634E-03  1.625E-03  9.182E-04  4.625E-04  1.997E-04  6.971E-05  1.797E-05  2.955E-06  2.409E-07  6.090E-09  1.733E-11 -5.531E-21
  346.0000  1.698E-01  1.618E-01  1.538E-01  1.458E-01  1.379E-01  1.300E-01  1.222E-01  1.145E-01  1.069E-01  9.939E-02  9.202E-02  8.481E-02  7.776E-02  7.091E-02  6.426E-02  5.784E-02  5.167E-02  4.577E-02  4.017E-02  3.488E-02  2.992E-02  2.531E-02  2.108E-02  1.724E-02  1.380E-02  1.077E-02  8.156E-03  5.959E-03  4.166E-03  2.758E-03  1.706E-03  9.665E-04  4.885E-04  2.118E-04  7.436E-05  1.932E-05  3.210E-06  2.658E-07  6.883E-09  2.038E-11 -6.966E-21
  347.0000  1.845E-01  1.758E-01  1.672E-01  1.586E-01  1.500E-01  1.415E-01  1.330E-01  1.247E-01  1.164E-01  1.083E-01  1.003E-01  9.250E-02  8.486E-02  7.742E-02  7.020E-02  6.323E-02  5.652E-02  5.011E-02  4.401E-02  3.824E-02  3.284E-02  2.781E-02  2.319E-02  1.899E-02  1.522E-02  1.190E-02  9.029E-03  6.611E-03  4.633E-03  3.077E-03  1.909E-03  1.086E-03  5.518E-04  2.408E-04  8.519E-05  2.236E-05  3.766E-06  3.178E-07  8.460E-09  2.614E-11 -9.583E-21
  348.0000  1.624E-01  1.548E-01  1.472E-01  1.397E-01  1.321E-01  1.247E-01  1.173E-01  1.099E-01  1.027E-01  9.557E-02  8.856E-02  8.169E-02  7.498E-02  6.844E-02  6.209E-02  5.596E-02  5.006E-02  4.441E-02  3.903E-02  3.395E-02  2.918E-02  2.474E-02  2.065E-02  1.693E-02  1.359E-02  1.064E-02  8.090E-03  5.935E-03  4.170E-03  2.777E-03  1.729E-03  9.878E-04  5.042E-04  2.213E-04  7.892E-05  2.092E-05  3.572E-06  3.070E-07  8.397E-09  2.705E-11 -1.063E-20
  349.0000  1.683E-01  1.605E-01  1.527E-01  1.449E-01  1.371E-01  1.294E-01  1.218E-01  1.142E-01  1.067E-01  9.933E-02  9.209E-02  8.498E-02  7.803E-02  7.126E-02  6.469E-02  5.833E-02  5.221E-02  4.635E-02  4.077E-02  3.549E-02  3.053E-02  2.591E-02  2.165E-02  1.777E-02  1.428E-02  1.120E-02  8.532E-03  6.272E-03  4.417E-03  2.950E-03  1.842E-03  1.057E-03  5.418E-04  2.392E-04  8.593E-05  2.300E-05  3.977E-06  3.480E-07  9.774E-09  3.280E-11 -1.379E-20
  350.0000  1.964E-01  1.874E-01  1.783E-01  1.692E-01  1.602E-01  1.512E-01  1.423E-01  1.335E-01  1.248E-01  1.162E-01  1.078E-01  9.948E-02  9.138E-02  8.349E-02  7.582E-02  6.840E-02  6.126E-02  5.442E-02  4.789E-02  4.172E-02  3.591E-02  3.051E-02  2.552E-02  2.097E-02  1.687E-02  1.325E-02  1.011E-02  7.443E-03  5.252E-03  3.515E-03  2.202E-03  1.267E-03  6.524E-04  2.896E-04  1.047E-04  2.826E-05  4.945E-06  4.400E-07  1.267E-08  4.420E-11 -1.986E-20
------------------------------------------------------------
