Spectral Irradiance, W m-2 nm-1
values at z =      3.233 km
Columns: wavelength (nm), solar zenith angles (deg.)
    wc, nm     50.000     51.000     52.000     53.000     54.000     55.000     56.000     57.000     58.000     59.000     60.000     61.000     62.000     63.000     64.000     65.000     66.000     67.000     68.000     69.000     70.000     71.000     72.000     73.000     74.000     75.000     76.000     77.000     78.000     79.000     80.000     81.000     82.000     83.000     84.000     85.000     86.000     87.000     88.000     89.000     90.000
  280.0000  0.000E+00  0.000E+00  0.000E+00  0.000E+00  0.000E+00  0.000E+00  0.000E+00  0.000E+00  0.000E+00  0.000E+00  0.000E+00  0.000E+00  0.000E+00  0.000E+00  0.000E+00  0.000E+00  0.000E+00  0.000E+00  0.000E+00  0.000E+00  0.000E+00  0.000E+00  0.000E+00  0.000E+00  0.000E+00  0.000E+00  0.000E+00  0.000E+00  0.000E+00  0.000E+00  0.000E+00  0.000E+00  0.000E+00  0.000E+00  0.000E+00  0.000E+00  0.000E+00  0.000E+00  0.000E+00  0.000E+00  0.000E+00
  281.0000  0.000E+00  0.000E+00  0.000E+00  0.000E+00  0.000E+00  0.000E+00  0.000E+00  0.000E+00  0.000E+00  0.000E+00  0.000E+00  0.000E+00  0.000E+00  0.000E+00  0.000E+00  0.000E+00  0.000E+00  0.000E+00  0.000E+00  0.000E+00  0.000E+00  0.000E+00  0.000E+00  0.000E+00  0.000E+00  0.000E+00  0.000E+00  0.000E+00  0.000E+00  0.000E+00  0.000E+00  0.000E+00  0.000E+00  0.000E+00  0.000E+00  0.000E+00  0.000E+00  0.000E+00  0.000E+00  0.000E+00  0.000E+00
  282.0000  0.000E+00  0.000E+00  0.000E+00  0.000E+00  0.000E+00  0.000E+00  0.000E+00  0.000E+00  0.000E+00  0.000E+00  0.000E+00  0.000E+00  0.000E+00  0.000E+00  0.000E+00  0.000E+00  0.000E+00  0.000E+00  0.000E+00  0.000E+00  0.000E+00  0.000E+00  0.000E+00  0.000E+00  0.000E+00  0.000E+00  0.000E+00  0.000E+00  0.000E+00  0.000E+00  0.000E+00  0.000E+00  0.000E+00  0.000E+00  0.000E+00  0.000E+00  0.000E+00  0.000E+00  0.000E+00  0.000E+00  0.000E+00
  283.0000  0.000E+00  0.000E+00  0.000E+00  0.000E+00  0.000E+00  0.000E+00  0.000E+00  0.000E+00  0.000E+00  0.000E+00  0.000E+00  0.000E+00  0.000E+00  0.000E+00  0.000E+00  0.000E+00  0.000E+00  0.000E+00  0.000E+00  0.000E+00  0.000E+00  0.000E+00  0.000E+00  0.000E+00  0.000E+00  0.000E+00  0.000E+00  0.000E+00  0.000E+00  0.000E+00  0.000E+00  0.000E+00  0.000E+00  0.000E+00  0.000E+00  0.000E+00  0.000E+00  0.000E+00  0.000E+00  0.000E+00  0.000E+00
  284.0000  0.000E+00  0.000E+00  0.000E+00  0.000E+00  0.000E+00  0.000E+00  0.000E+00  0.000E+00  0.000E+00  0.000E+00  0.000E+00  0.000E+00  0.000E+00  0.000E+00  0.000E+00  0.000E+00  0.000E+00  0.000E+00  0.000E+00  0.000E+00  0.000E+00  0.000E+00  0.000E+00  0.000E+00  0.000E+00  0.000E+00  0.000E+00  0.000E+00  0.000E+00  0.000E+00  0.000E+00  0.000E+00  0.000E+00  0.000E+00  0.000E+00  0.000E+00  0.000E+00  0.000E+00  0.000E+00  0.000E+00  0.000E+00
  285.0000  0.000E+00  0.000E+00  0.000E+00  0.000E+00  0.000E+00  0.000E+00  0.000E+00  0.000E+00  0.000E+00  0.000E+00  0.000E+00  0.000E+00  0.000E+00  0.000E+00  0.000E+00  0.000E+00  0.000E+00  0.000E+00  0.000E+00  0.000E+00  0.000E+00  0.000E+00  0.000E+00  0.000E+00  0.000E+00  0.000E+00  0.000E+00  0.000E+00  0.000E+00  0.000E+00  0.000E+00  0.000E+00  0.000E+00  0.000E+00  0.000E+00  0.000E+00  0.000E+00  0.000E+00  0.000E+00  0.000E+00  0.000E+00
  286.0000  0.000E+00  0.000E+00  0.000E+00  0.000E+00  0.000E+00  0.000E+00  0.000E+00  0.000E+00  0.000E+00  0.000E+00  0.000E+00  0.000E+00  0.000E+00  0.000E+00  0.000E+00  0.000E+00  0.000E+00  0.000E+00  0.000E+00  0.000E+00  0.000E+00  0.000E+00  0.000E+00  0.000E+00  0.000E+00  0.000E+00  0.000E+00  0.000E+00  0.000E+00  0.000E+00  0.000E+00  0.000E+00  0.000E+00  0.000E+00  0.000E+00  0.000E+00  0.000E+00  0.000E+00  0.000E+00  0.000E+00  0.000E+00
  287.0000  0.000E+00  0.000E+00  0.000E+00  0.000E+00  0.000E+00  0.000E+00  0.000E+00  0.000E+00  0.000E+00  0.000E+00  0.000E+00  0.000E+00  0.000E+00  0.000E+00  0.000E+00  0.000E+00  0.000E+00  0.000E+00  0.000E+00  0.000E+00  0.000E+00  0.000E+00  0.000E+00  0.000E+00  0.000E+00  0.000E+00  0.000E+00  0.000E+00  0.000E+00  0.000E+00  0.000E+00  0.000E+00  0.000E+00  0.000E+00  0.000E+00  0.000E+00  0.000E+00  0.000E+00  0.000E+00  0.000E+00  0.000E+00
  288.0000  0.000E+00  0.000E+00  0.000E+00  0.000E+00  0.000E+00  0.000E+00  0.000E+00  0.000E+00  0.000E+00  0.000E+00  0.000E+00  0.000E+00  0.000E+00  0.000E+00  0.000E+00  0.000E+00  0.000E+00  0.000E+00  0.000E+00  0.000E+00  0.000E+00  0.000E+00  0.000E+00  0.000E+00  0.000E+00  0.000E+00  0.000E+00  0.000E+00  0.000E+00  0.000E+00  0.000E+00  0.000E+00  0.000E+00  0.000E+00  0.000E+00  0.000E+00  0.000E+00  0.000E+00  0.000E+00  0.000E+00  0.000E+00
  289.0000  0.000E+00  0.000E+00  0.000E+00  0.000E+00  0.000E+00  0.000E+00  0.000E+00  0.000E+00  0.000E+00  0.000E+00  0.000E+00  0.000E+00  0.000E+00  0.000E+00  0.000E+00  0.000E+00  0.000E+00  0.000E+00  0.000E+00  0.000E+00  0.000E+00  0.000E+00  0.000E+00  0.000E+00  0.000E+00  0.000E+00  0.000E+00  0.000E+00  0.000E+00  0.000E+00  0.000E+00  0.000E+00  0.000E+00  0.000E+00  0.000E+00  0.000E+00  0.000E+00  0.000E+00  0.000E+00  0.000E+00  0.000E+00
  290.0000  9.827E-09  6.638E-09  4.384E-09  2.827E-09  1.777E-09  1.086E-09  6.437E-10  3.693E-10  2.044E-10  1.088E-10  5.551E-11  2.702E-11  1.249E-11  5.454E-12  2.236E-12  8.544E-13  3.019E-13  9.771E-14  2.865E-14  7.510E-15  1.734E-15  3.462E-16  5.850E-17  8.150E-18  9.071E-19  7.760E-20  4.866E-21  2.107E-22  5.855E-24  9.502E-26  7.994E-28  2.993E-30  4.100E-33  1.600E-36  1.298E-40  1.401E-45  0.000E+00  0.000E+00  0.000E+00  0.000E+00  0.000E+00
  291.0000  5.052E-08  3.528E-08  2.414E-08  1.616E-08  1.056E-08  6.733E-09  4.174E-09  2.511E-09  1.462E-09  8.216E-10  4.440E-10  2.299E-10  1.135E-10  5.325E-11  2.357E-11  9.786E-12  3.783E-12  1.350E-12  4.399E-13  1.295E-13  3.394E-14  7.793E-15  1.537E-15  2.540E-16  3.421E-17  3.624E-18  2.890E-19  1.644E-20  6.235E-22  1.447E-23  1.841E-25  1.117E-27  2.697E-30  2.059E-33  3.712E-37  1.109E-41  0.000E+00  0.000E+00  0.000E+00  0.000E+00  0.000E+00
  292.0000  3.227E-07  2.349E-07  1.680E-07  1.178E-07  8.093E-08  5.435E-08  3.563E-08  2.274E-08  1.410E-08  8.478E-09  4.924E-09  2.754E-09  1.478E-09  7.573E-10  3.690E-10  1.699E-10  7.345E-11  2.959E-11  1.101E-11  3.746E-12  1.151E-12  3.144E-13  7.515E-14  1.538E-14  2.628E-15  3.633E-16  3.912E-17  3.128E-18  1.749E-19  6.337E-21  1.351E-22  1.496E-24  7.332E-27  1.293E-29  6.306E-33  6.154E-37  8.284E-42  0.000E+00  0.000E+00  0.000E+00  0.000E+00
  293.0000  1.057E-06  7.894E-07  5.800E-07  4.186E-07  2.965E-07  2.057E-07  1.395E-07  9.239E-08  5.959E-08  3.734E-08  2.267E-08  1.330E-08  7.511E-09  4.067E-09  2.102E-09  1.032E-09  4.782E-10  2.077E-10  8.388E-11  3.120E-11  1.057E-11  3.217E-12  8.660E-13  2.022E-13  4.003E-14  6.526E-15  8.461E-16  8.348E-17  5.933E-18  2.833E-19  8.311E-21  1.336E-22  1.014E-24  3.003E-27  2.714E-30  5.521E-34  1.771E-38  6.166E-44  0.000E+00  0.000E+00  0.000E+00
  294.0000  4.496E-06  3.465E-06  2.632E-06  1.968E-06  1.446E-06  1.044E-06  7.384E-07  5.112E-07  3.458E-07  2.279E-07  1.461E-07  9.085E-08  5.460E-08  3.162E-08  1.757E-08  9.322E-09  4.700E-09  2.237E-09  9.982E-10  4.140E-10  1.580E-10  5.484E-11  1.707E-11  4.681E-12  1.108E-12  2.209E-13  3.590E-14  4.577E-15  4.358E-16  2.911E-17  1.260E-18  3.188E-20  4.125E-22  2.296E-24  4.395E-27  2.185E-30  2.013E-34  2.376E-39  2.803E-45  0.000E+00  0.000E+00
  295.0000  1.260E-05  9.931E-06  7.721E-06  5.917E-06  4.465E-06  3.313E-06  2.414E-06  1.725E-06  1.207E-06  8.244E-07  5.491E-07  3.557E-07  2.234E-07  1.356E-07  7.928E-08  4.445E-08  2.378E-08  1.208E-08  5.781E-09  2.589E-09  1.075E-09  4.093E-10  1.411E-10  4.335E-11  1.165E-11  2.674E-12  5.099E-13  7.789E-14  9.116E-15  7.721E-16  4.398E-17  1.533E-18  2.890E-20  2.512E-22  8.176E-25  7.648E-28  1.488E-31  4.170E-36  1.125E-41  0.000E+00  0.000E+00
  296.0000  5.009E-05  4.048E-05  3.233E-05  2.550E-05  1.983E-05  1.519E-05  1.146E-05  8.488E-06  6.170E-06  4.394E-06  3.058E-06  2.077E-06  1.372E-06  8.795E-07  5.452E-07  3.257E-07  1.866E-07  1.021E-07  5.299E-08  2.593E-08  1.186E-08  5.025E-09  1.949E-09  6.823E-10  2.121E-10  5.732E-11  1.313E-11  2.471E-12  3.668E-13  4.082E-14  3.189E-15  1.607E-16  4.676E-18  6.790E-20  4.070E-22  7.877E-25  3.620E-28  2.734E-32  2.181E-37  8.548E-44  0.000E+00
  297.0000  7.332E-05  6.029E-05  4.905E-05  3.944E-05  3.131E-05  2.452E-05  1.892E-05  1.437E-05  1.073E-05  7.857E-06  5.637E-06  3.953E-06  2.703E-06  1.798E-06  1.160E-06  7.238E-07  4.347E-07  2.502E-07  1.372E-07  7.134E-08  3.487E-08  1.589E-08  6.677E-09  2.556E-09  8.775E-10  2.651E-10  6.888E-11  1.494E-11  2.609E-12  3.499E-13  3.393E-14  2.200E-15  8.610E-17  1.776E-18  1.617E-20  5.152E-23  4.272E-26  6.391E-30  1.082E-34  8.989E-41  0.000E+00
  298.0000  2.546E-04  2.135E-04  1.772E-04  1.456E-04  1.182E-04  9.485E-05  7.510E-05  5.862E-05  4.504E-05  3.403E-05  2.523E-05  1.833E-05  1.302E-05  9.028E-06  6.088E-06  3.982E-06  2.518E-06  1.532E-06  8.936E-07  4.964E-07  2.610E-07  1.289E-07  5.917E-08  2.499E-08  9.572E-09  3.270E-09  9.753E-10  2.475E-10  5.167E-11  8.510E-12  1.047E-12  8.960E-14  4.859E-15  1.475E-16  2.128E-18  1.173E-20  1.861E-23  5.896E-27  2.275E-31  4.281E-37  0.000E+00
  299.0000  4.253E-04  3.613E-04  3.042E-04  2.536E-04  2.093E-04  1.708E-04  1.376E-04  1.095E-04  8.585E-05  6.627E-05  5.029E-05  3.745E-05  2.732E-05  1.949E-05  1.355E-05  9.162E-06  6.005E-06  3.800E-06  2.312E-06  1.345E-06  7.441E-07  3.885E-07  1.897E-07  8.581E-08  3.548E-08  1.320E-08  4.335E-09  1.227E-09  2.902E-10  5.515E-11  8.007E-12  8.316E-13  5.663E-14  2.252E-15  4.478E-17  3.623E-19  9.057E-22  4.865E-25  3.368E-29  1.145E-34  0.000E+00
  300.0000  6.844E-04  5.900E-04  5.045E-04  4.276E-04  3.590E-04  2.984E-04  2.453E-04  1.992E-04  1.597E-04  1.263E-04  9.828E-05  7.521E-05  5.649E-05  4.157E-05  2.990E-05  2.097E-05  1.430E-05  9.443E-06  6.020E-06  3.686E-06  2.156E-06  1.197E-06  6.256E-07  3.050E-07  1.371E-07  5.606E-08  2.047E-08  6.532E-09  1.772E-09  3.941E-10  6.867E-11  8.823E-12  7.716E-13  4.127E-14  1.168E-15  1.440E-17  5.931E-20  5.682E-23  7.446E-27  4.803E-32 -1.261E-44
  301.0000  1.421E-03  1.239E-03  1.072E-03  9.203E-04  7.831E-04  6.601E-04  5.509E-04  4.546E-04  3.708E-04  2.985E-04  2.369E-04  1.851E-04  1.422E-04  1.072E-04  7.911E-05  5.705E-05  4.009E-05  2.737E-05  1.808E-05  1.151E-05  7.028E-06  4.090E-06  2.252E-06  1.163E-06  5.578E-07  2.450E-07  9.704E-08  3.395E-08  1.023E-08  2.568E-09  5.146E-10  7.784E-11  8.250E-12  5.541E-13  2.058E-14  3.508E-16  2.123E-18  3.182E-21  6.856E-25  7.343E-30 -2.979E-42
  302.0000  1.942E-03  1.710E-03  1.495E-03  1.297E-03  1.117E-03  9.529E-04  8.056E-04  6.742E-04  5.580E-04  4.563E-04  3.683E-04  2.931E-04  2.295E-04  1.766E-04  1.333E-04  9.851E-05  7.107E-05  4.991E-05  3.401E-05  2.240E-05  1.419E-05  8.604E-06  4.956E-06  2.691E-06  1.364E-06  6.380E-07  2.711E-07  1.027E-07  3.390E-08  9.450E-09  2.138E-09  3.726E-10  4.665E-11  3.818E-12  1.795E-13  4.054E-15  3.428E-17  7.593E-20  2.529E-23  4.245E-28 -2.625E-40
  303.0000  4.455E-03  3.961E-03  3.499E-03  3.070E-03  2.674E-03  2.311E-03  1.980E-03  1.680E-03  1.412E-03  1.174E-03  9.636E-04  7.809E-04  6.238E-04  4.904E-04  3.787E-04  2.868E-04  2.125E-04  1.537E-04  1.081E-04  7.369E-05  4.849E-05  3.064E-05  1.848E-05  1.056E-05  5.668E-06  2.825E-06  1.290E-06  5.302E-07  1.920E-07  5.955E-08  1.525E-08  3.071E-09  4.557E-10  4.562E-11  2.727E-12  8.210E-14  9.766E-16  3.218E-18  1.668E-21  4.402E-26 -4.127E-38
  304.0000  5.563E-03  4.978E-03  4.428E-03  3.913E-03  3.434E-03  2.992E-03  2.585E-03  2.215E-03  1.879E-03  1.578E-03  1.310E-03  1.075E-03  8.694E-04  6.929E-04  5.431E-04  4.180E-04  3.151E-04  2.322E-04  1.667E-04  1.162E-04  7.836E-05  5.087E-05  3.161E-05  1.867E-05  1.040E-05  5.399E-06  2.582E-06  1.119E-06  4.304E-07  1.431E-07  3.969E-08  8.779E-09  1.455E-09  1.660E-10  1.161E-11  4.216E-13  6.276E-15  2.692E-17  1.881E-20  6.823E-25 -8.817E-37
  305.0000  8.960E-03  8.082E-03  7.250E-03  6.465E-03  5.728E-03  5.041E-03  4.403E-03  3.815E-03  3.277E-03  2.788E-03  2.347E-03  1.954E-03  1.606E-03  1.302E-03  1.040E-03  8.162E-04  6.288E-04  4.742E-04  3.492E-04  2.504E-04  1.741E-04  1.169E-04  7.537E-05  4.639E-05  2.704E-05  1.479E-05  7.494E-06  3.468E-06  1.438E-06  5.210E-07  1.598E-07  3.971E-08  7.550E-09  1.014E-09  8.613E-11  3.948E-12  7.750E-14  4.594E-16  4.610E-19  2.434E-23 -4.490E-35
  306.0000  9.388E-03  8.513E-03  7.679E-03  6.888E-03  6.141E-03  5.440E-03  4.785E-03  4.177E-03  3.616E-03  3.103E-03  2.636E-03  2.216E-03  1.841E-03  1.509E-03  1.220E-03  9.700E-04  7.579E-04  5.804E-04  4.346E-04  3.173E-04  2.251E-04  1.545E-04  1.021E-04  6.454E-05  3.877E-05  2.192E-05  1.154E-05  5.576E-06  2.428E-06  9.311E-07  3.048E-07  8.180E-08  1.702E-08  2.546E-09  2.458E-10  1.314E-11  3.103E-13  2.286E-15  2.941E-18  2.029E-22 -4.936E-34
  307.0000  1.353E-02  1.234E-02  1.120E-02  1.010E-02  9.067E-03  8.088E-03  7.167E-03  6.305E-03  5.505E-03  4.765E-03  4.087E-03  3.471E-03  2.915E-03  2.418E-03  1.979E-03  1.596E-03  1.265E-03  9.849E-04  7.506E-04  5.586E-04  4.046E-04  2.842E-04  1.926E-04  1.253E-04  7.767E-05  4.550E-05  2.493E-05  1.260E-05  5.779E-06  2.351E-06  8.247E-07  2.398E-07  5.488E-08  9.186E-09  1.015E-09  6.378E-11  1.827E-12  1.690E-14  2.813E-17  2.556E-21 -8.201E-33
  308.0000  1.758E-02  1.611E-02  1.469E-02  1.334E-02  1.204E-02  1.081E-02  9.641E-03  8.543E-03  7.515E-03  6.559E-03  5.675E-03  4.864E-03  4.126E-03  3.460E-03  2.865E-03  2.339E-03  1.880E-03  1.485E-03  1.150E-03  8.708E-04  6.430E-04  4.612E-04  3.200E-04  2.136E-04  1.363E-04  8.247E-05  4.686E-05  2.469E-05  1.187E-05  5.098E-06  1.904E-06  5.961E-07  1.487E-07  2.760E-08  3.449E-09  2.513E-10  8.593E-12  9.794E-14  2.070E-16  2.430E-20 -1.015E-31
  309.0000  1.941E-02  1.784E-02  1.632E-02  1.486E-02  1.346E-02  1.213E-02  1.086E-02  9.668E-03  8.543E-03  7.491E-03  6.515E-03  5.614E-03  4.790E-03  4.042E-03  3.370E-03  2.772E-03  2.246E-03  1.789E-03  1.398E-03  1.070E-03  7.990E-04  5.802E-04  4.081E-04  2.766E-04  1.795E-04  1.107E-04  6.425E-05  3.468E-05  1.714E-05  7.603E-06  2.947E-06  9.635E-07  2.531E-07  4.993E-08  6.716E-09  5.348E-10  2.036E-11  2.641E-13  6.498E-16  9.082E-20 -4.638E-31
  310.0000  2.115E-02  1.953E-02  1.797E-02  1.646E-02  1.500E-02  1.360E-02  1.227E-02  1.099E-02  9.790E-03  8.656E-03  7.595E-03  6.607E-03  5.695E-03  4.858E-03  4.098E-03  3.414E-03  2.804E-03  2.267E-03  1.801E-03  1.403E-03  1.068E-03  7.925E-04  5.707E-04  3.970E-04  2.653E-04  1.691E-04  1.018E-04  5.732E-05  2.972E-05  1.393E-05  5.755E-06  2.027E-06  5.815E-07  1.273E-07  1.941E-08  1.795E-09  8.178E-11  1.310E-12  4.097E-15  7.396E-19 -4.892E-30
  311.0000  3.733E-02  3.456E-02  3.187E-02  2.926E-02  2.674E-02  2.432E-02  2.199E-02  1.978E-02  1.767E-02  1.568E-02  1.381E-02  1.207E-02  1.045E-02  8.958E-03  7.596E-03  6.363E-03  5.259E-03  4.281E-03  3.426E-03  2.689E-03  2.065E-03  1.547E-03  1.126E-03  7.926E-04  5.367E-04  3.470E-04  2.125E-04  1.219E-04  6.458E-05  3.102E-05  1.319E-05  4.807E-06  1.435E-06  3.296E-07  5.321E-08  5.278E-09  2.618E-10  4.649E-12  1.646E-14  3.441E-18 -2.721E-29
  312.0000  3.546E-02  3.294E-02  3.047E-02  2.807E-02  2.575E-02  2.351E-02  2.135E-02  1.928E-02  1.731E-02  1.544E-02  1.367E-02  1.201E-02  1.046E-02  9.028E-03  7.710E-03  6.508E-03  5.423E-03  4.454E-03  3.600E-03  2.856E-03  2.219E-03  1.684E-03  1.243E-03  8.890E-04  6.126E-04  4.040E-04  2.530E-04  1.488E-04  8.115E-05  4.030E-05  1.781E-05  6.790E-06  2.138E-06  5.234E-07  9.119E-08  9.919E-09  5.498E-10  1.115E-11  4.612E-14  1.149E-17 -1.106E-28
  313.0000  4.209E-02  3.921E-02  3.639E-02  3.363E-02  3.096E-02  2.837E-02  2.587E-02  2.346E-02  2.116E-02  1.896E-02  1.688E-02  1.491E-02  1.306E-02  1.134E-02  9.754E-03  8.295E-03  6.968E-03  5.773E-03  4.709E-03  3.775E-03  2.967E-03  2.280E-03  1.706E-03  1.239E-03  8.683E-04  5.838E-04  3.735E-04  2.252E-04  1.263E-04  6.476E-05  2.971E-05  1.183E-05  3.923E-06  1.021E-06  1.916E-07  2.278E-08  1.406E-09  3.246E-11  1.561E-13  4.615E-17 -5.390E-28
  314.0000  4.737E-02  4.418E-02  4.106E-02  3.801E-02  3.505E-02  3.217E-02  2.938E-02  2.670E-02  2.413E-02  2.167E-02  1.933E-02  1.712E-02  1.504E-02  1.310E-02  1.130E-02  9.641E-03  8.128E-03  6.761E-03  5.539E-03  4.461E-03  3.524E-03  2.723E-03  2.051E-03  1.500E-03  1.059E-03  7.184E-04  4.642E-04  2.830E-04  1.607E-04  8.367E-05  3.905E-05  1.587E-05  5.391E-06  1.445E-06  2.807E-07  3.486E-08  2.270E-09  5.604E-11  2.931E-13  9.649E-17 -1.302E-27
  315.0000  5.126E-02  4.796E-02  4.472E-02  4.155E-02  3.845E-02  3.543E-02  3.250E-02  2.967E-02  2.694E-02  2.432E-02  2.181E-02  1.943E-02  1.718E-02  1.507E-02  1.309E-02  1.126E-02  9.570E-03  8.034E-03  6.649E-03  5.415E-03  4.330E-03  3.390E-03  2.591E-03  1.926E-03  1.385E-03  9.588E-04  6.340E-04  3.967E-04  2.321E-04  1.250E-04  6.074E-05  2.586E-05  9.282E-06  2.655E-06  5.582E-07  7.620E-08  5.563E-09  1.573E-10  9.641E-13  3.787E-16 -6.210E-27
  316.0000  4.244E-02  3.973E-02  3.707E-02  3.446E-02  3.192E-02  2.944E-02  2.702E-02  2.469E-02  2.244E-02  2.028E-02  1.821E-02  1.624E-02  1.438E-02  1.262E-02  1.098E-02  9.459E-03  8.056E-03  6.775E-03  5.618E-03  4.585E-03  3.675E-03  2.885E-03  2.211E-03  1.649E-03  1.190E-03  8.274E-04  5.496E-04  3.457E-04  2.035E-04  1.104E-04  5.407E-05  2.325E-05  8.443E-06  2.450E-06  5.243E-07  7.320E-08  5.503E-09  1.618E-10  1.046E-12  4.440E-16 -8.222E-27
  317.0000  6.668E-02  6.257E-02  5.853E-02  5.455E-02  5.066E-02  4.686E-02  4.316E-02  3.956E-02  3.608E-02  3.273E-02  2.951E-02  2.643E-02  2.351E-02  2.074E-02  1.815E-02  1.572E-02  1.347E-02  1.141E-02  9.532E-03  7.843E-03  6.343E-03  5.028E-03  3.897E-03  2.941E-03  2.152E-03  1.518E-03  1.026E-03  6.579E-04  3.959E-04  2.203E-04  1.112E-04  4.948E-05  1.872E-05  5.704E-06  1.295E-06  1.941E-07  1.590E-08  5.189E-10  3.795E-12  1.858E-15 -4.065E-26
  318.0000  5.959E-02  5.595E-02  5.236E-02  4.884E-02  4.538E-02  4.201E-02  3.871E-02  3.552E-02  3.242E-02  2.943E-02  2.656E-02  2.382E-02  2.120E-02  1.873E-02  1.641E-02  1.423E-02  1.222E-02  1.036E-02  8.672E-03  7.149E-03  5.793E-03  4.603E-03  3.576E-03  2.706E-03  1.987E-03  1.407E-03  9.543E-04  6.149E-04  3.720E-04  2.083E-04  1.059E-04  4.753E-05  1.817E-05  5.607E-06  1.293E-06  1.978E-07  1.664E-08  5.623E-10  4.320E-12  2.275E-15 -5.586E-26
  319.0000  7.042E-02  6.629E-02  6.222E-02  5.820E-02  5.425E-02  5.038E-02  4.659E-02  4.290E-02  3.932E-02  3.585E-02  3.250E-02  2.928E-02  2.621E-02  2.328E-02  2.051E-02  1.791E-02  1.548E-02  1.323E-02  1.117E-02  9.291E-03  7.605E-03  6.110E-03  4.805E-03  3.686E-03  2.747E-03  1.978E-03  1.368E-03  9.004E-04  5.585E-04  3.217E-04  1.690E-04  7.886E-05  3.155E-05  1.028E-05  2.531E-06  4.191E-07  3.879E-08  1.470E-09  1.291E-11  7.912E-15 -2.304E-25
  320.0000  7.934E-02  7.464E-02  7.001E-02  6.544E-02  6.096E-02  5.656E-02  5.227E-02  4.809E-02  4.403E-02  4.011E-02  3.632E-02  3.269E-02  2.922E-02  2.593E-02  2.281E-02  1.989E-02  1.717E-02  1.465E-02  1.234E-02  1.024E-02  8.365E-03  6.704E-03  5.258E-03  4.021E-03  2.986E-03  2.143E-03  1.475E-03  9.668E-04  5.964E-04  3.415E-04  1.782E-04  8.249E-05  3.271E-05  1.055E-05  2.568E-06  4.199E-07  3.841E-08  1.443E-09  1.270E-11  7.998E-15 -2.525E-25
  321.0000  8.627E-02  8.138E-02  7.654E-02  7.177E-02  6.706E-02  6.244E-02  5.791E-02  5.348E-02  4.917E-02  4.498E-02  4.093E-02  3.702E-02  3.327E-02  2.969E-02  2.629E-02  2.307E-02  2.006E-02  1.725E-02  1.465E-02  1.228E-02  1.013E-02  8.213E-03  6.522E-03  5.058E-03  3.815E-03  2.785E-03  1.956E-03  1.310E-03  8.291E-04  4.888E-04  2.638E-04  1.271E-04  5.281E-05  1.802E-05  4.688E-06  8.313E-07  8.382E-08  3.539E-09  3.567E-11  2.616E-14 -9.774E-25
  322.0000  8.723E-02  8.228E-02  7.739E-02  7.255E-02  6.779E-02  6.312E-02  5.853E-02  5.405E-02  4.969E-02  4.545E-02  4.135E-02  3.740E-02  3.360E-02  2.998E-02  2.654E-02  2.329E-02  2.025E-02  1.741E-02  1.479E-02  1.239E-02  1.022E-02  8.281E-03  6.574E-03  5.097E-03  3.843E-03  2.805E-03  1.969E-03  1.318E-03  8.340E-04  4.916E-04  2.652E-04  1.277E-04  5.308E-05  1.811E-05  4.719E-06  8.389E-07  8.506E-08  3.631E-09  3.745E-11  2.878E-14 -1.180E-24
  323.0000  7.783E-02  7.346E-02  6.913E-02  6.486E-02  6.064E-02  5.650E-02  5.244E-02  4.846E-02  4.459E-02  4.083E-02  3.718E-02  3.366E-02  3.029E-02  2.706E-02  2.398E-02  2.108E-02  1.835E-02  1.581E-02  1.345E-02  1.129E-02  9.337E-03  7.585E-03  6.038E-03  4.696E-03  3.553E-03  2.603E-03  1.835E-03  1.235E-03  7.859E-04  4.664E-04  2.536E-04  1.233E-04  5.180E-05  1.792E-05  4.748E-06  8.623E-07  8.986E-08  3.977E-09  4.308E-11  3.549E-14 -1.618E-24
  324.0000  9.440E-02  8.929E-02  8.421E-02  7.919E-02  7.423E-02  6.934E-02  6.454E-02  5.982E-02  5.522E-02  5.073E-02  4.637E-02  4.214E-02  3.807E-02  3.417E-02  3.043E-02  2.689E-02  2.354E-02  2.040E-02  1.748E-02  1.478E-02  1.232E-02  1.010E-02  8.116E-03  6.380E-03  4.886E-03  3.628E-03  2.597E-03  1.779E-03  1.154E-03  7.008E-04  3.912E-04  1.962E-04  8.554E-05  3.092E-05  8.634E-06  1.671E-06  1.882E-07  9.142E-09  1.106E-10  1.035E-13 -5.476E-24
  325.0000  9.982E-02  9.434E-02  8.891E-02  8.354E-02  7.824E-02  7.302E-02  6.789E-02  6.287E-02  5.797E-02  5.319E-02  4.855E-02  4.407E-02  3.976E-02  3.562E-02  3.168E-02  2.794E-02  2.441E-02  2.111E-02  1.804E-02  1.522E-02  1.265E-02  1.034E-02  8.281E-03  6.486E-03  4.947E-03  3.657E-03  2.604E-03  1.773E-03  1.143E-03  6.889E-04  3.813E-04  1.894E-04  8.163E-05  2.912E-05  8.014E-06  1.526E-06  1.689E-07  8.088E-09  9.729E-11  9.273E-14 -5.255E-24
  326.0000  1.356E-01  1.283E-01  1.211E-01  1.139E-01  1.069E-01  9.988E-02  9.302E-02  8.630E-02  7.971E-02  7.329E-02  6.705E-02  6.101E-02  5.517E-02  4.956E-02  4.420E-02  3.910E-02  3.428E-02  2.976E-02  2.554E-02  2.164E-02  1.807E-02  1.484E-02  1.196E-02  9.430E-03  7.245E-03  5.399E-03  3.881E-03  2.670E-03  1.742E-03  1.064E-03  5.987E-04  3.030E-04  1.336E-04  4.895E-05  1.392E-05  2.758E-06  3.206E-07  1.631E-08  2.115E-10  2.213E-13 -1.415E-23
  327.0000  1.350E-01  1.278E-01  1.208E-01  1.138E-01  1.068E-01  9.998E-02  9.323E-02  8.661E-02  8.012E-02  7.379E-02  6.762E-02  6.163E-02  5.584E-02  5.027E-02  4.494E-02  3.985E-02  3.503E-02  3.049E-02  2.625E-02  2.232E-02  1.871E-02  1.543E-02  1.249E-02  9.897E-03  7.646E-03  5.734E-03  4.151E-03  2.880E-03  1.896E-03  1.171E-03  6.671E-04  3.426E-04  1.537E-04  5.754E-05  1.679E-05  3.434E-06  4.154E-07  2.222E-08  3.069E-10  3.487E-13 -2.498E-23
  328.0000  1.292E-01  1.224E-01  1.155E-01  1.088E-01  1.021E-01  9.545E-02  8.895E-02  8.257E-02  7.633E-02  7.023E-02  6.430E-02  5.855E-02  5.300E-02  4.766E-02  4.255E-02  3.769E-02  3.308E-02  2.875E-02  2.471E-02  2.097E-02  1.755E-02  1.444E-02  1.166E-02  9.217E-03  7.101E-03  5.308E-03  3.829E-03  2.645E-03  1.734E-03  1.065E-03  6.033E-04  3.078E-04  1.370E-04  5.085E-05  1.469E-05  2.974E-06  3.562E-07  1.891E-08  2.618E-10  3.047E-13 -2.340E-23
  329.0000  1.399E-01  1.326E-01  1.254E-01  1.182E-01  1.111E-01  1.041E-01  9.724E-02  9.045E-02  8.380E-02  7.729E-02  7.094E-02  6.477E-02  5.880E-02  5.304E-02  4.752E-02  4.224E-02  3.722E-02  3.249E-02  2.805E-02  2.393E-02  2.013E-02  1.667E-02  1.356E-02  1.080E-02  8.387E-03  6.329E-03  4.614E-03  3.227E-03  2.145E-03  1.339E-03  7.724E-04  4.027E-04  1.840E-04  7.043E-05  2.112E-05  4.475E-06  5.666E-07  3.221E-08  4.841E-10  6.218E-13 -5.396E-23
  330.0000  1.641E-01  1.556E-01  1.472E-01  1.389E-01  1.306E-01  1.224E-01  1.144E-01  1.065E-01  9.870E-02  9.109E-02  8.367E-02  7.645E-02  6.946E-02  6.271E-02  5.623E-02  5.003E-02  4.414E-02  3.858E-02  3.335E-02  2.849E-02  2.401E-02  1.991E-02  1.623E-02  1.295E-02  1.008E-02  7.630E-03  5.579E-03  3.915E-03  2.613E-03  1.639E-03  9.506E-04  4.989E-04  2.298E-04  8.879E-05  2.695E-05  5.800E-06  7.496E-07  4.380E-08  6.847E-10  9.326E-13 -8.895E-23
  331.0000  1.400E-01  1.327E-01  1.255E-01  1.184E-01  1.113E-01  1.043E-01  9.742E-02  9.064E-02  8.399E-02  7.748E-02  7.113E-02  6.496E-02  5.899E-02  5.323E-02  4.770E-02  4.241E-02  3.739E-02  3.265E-02  2.820E-02  2.407E-02  2.026E-02  1.679E-02  1.366E-02  1.089E-02  8.465E-03  6.395E-03  4.667E-03  3.269E-03  2.176E-03  1.361E-03  7.874E-04  4.119E-04  1.890E-04  7.275E-05  2.199E-05  4.715E-06  6.078E-07  3.557E-08  5.620E-10  7.896E-13 -8.091E-23
  332.0000  1.435E-01  1.362E-01  1.289E-01  1.217E-01  1.146E-01  1.075E-01  1.005E-01  9.365E-02  8.691E-02  8.030E-02  7.384E-02  6.756E-02  6.147E-02  5.558E-02  4.991E-02  4.449E-02  3.932E-02  3.443E-02  2.984E-02  2.555E-02  2.159E-02  1.796E-02  1.468E-02  1.176E-02  9.194E-03  6.990E-03  5.138E-03  3.628E-03  2.438E-03  1.541E-03  9.026E-04  4.791E-04  2.237E-04  8.794E-05  2.727E-05  6.033E-06  8.086E-07  4.969E-08  8.347E-10  1.268E-12 -1.444E-22
  333.0000  1.538E-01  1.460E-01  1.383E-01  1.306E-01  1.230E-01  1.155E-01  1.081E-01  1.008E-01  9.359E-02  8.654E-02  7.966E-02  7.295E-02  6.643E-02  6.013E-02  5.407E-02  4.825E-02  4.271E-02  3.745E-02  3.251E-02  2.788E-02  2.360E-02  1.968E-02  1.613E-02  1.295E-02  1.015E-02  7.745E-03  5.715E-03  4.052E-03  2.736E-03  1.740E-03  1.026E-03  5.488E-04  2.587E-04  1.029E-04  3.236E-05  7.289E-06  1.000E-06  6.337E-08  1.110E-09  1.791E-12 -2.237E-22
  334.0000  1.388E-01  1.318E-01  1.248E-01  1.178E-01  1.110E-01  1.041E-01  9.743E-02  9.081E-02  8.431E-02  7.794E-02  7.172E-02  6.565E-02  5.977E-02  5.408E-02  4.860E-02  4.336E-02  3.836E-02  3.362E-02  2.916E-02  2.500E-02  2.115E-02  1.762E-02  1.443E-02  1.157E-02  9.067E-03  6.909E-03  5.092E-03  3.605E-03  2.431E-03  1.543E-03  9.082E-04  4.850E-04  2.281E-04  9.052E-05  2.842E-05  6.393E-06  8.775E-07  5.585E-08  9.918E-10  1.653E-12 -2.217E-22
  335.0000  1.596E-01  1.516E-01  1.437E-01  1.358E-01  1.280E-01  1.203E-01  1.127E-01  1.051E-01  9.772E-02  9.045E-02  8.334E-02  7.641E-02  6.967E-02  6.315E-02  5.686E-02  5.082E-02  4.506E-02  3.959E-02  3.443E-02  2.960E-02  2.511E-02  2.100E-02  1.725E-02  1.390E-02  1.094E-02  8.380E-03  6.213E-03  4.429E-03  3.010E-03  1.928E-03  1.146E-03  6.196E-04  2.957E-04  1.194E-04  3.831E-05  8.849E-06  1.256E-06  8.334E-08  1.561E-09  2.793E-12 -4.130E-22
  336.0000  1.371E-01  1.303E-01  1.236E-01  1.169E-01  1.102E-01  1.036E-01  9.707E-02  9.062E-02  8.429E-02  7.806E-02  7.197E-02  6.603E-02  6.026E-02  5.466E-02  4.926E-02  4.407E-02  3.911E-02  3.440E-02  2.995E-02  2.578E-02  2.191E-02  1.834E-02  1.510E-02  1.219E-02  9.615E-03  7.382E-03  5.488E-03  3.925E-03  2.677E-03  1.722E-03  1.029E-03  5.596E-04  2.690E-04  1.096E-04  3.555E-05  8.330E-06  1.204E-06  8.197E-08  1.591E-09  3.001E-12 -4.831E-22
  337.0000  1.322E-01  1.256E-01  1.191E-01  1.126E-01  1.062E-01  9.982E-02  9.352E-02  8.731E-02  8.119E-02  7.519E-02  6.932E-02  6.359E-02  5.802E-02  5.262E-02  4.742E-02  4.242E-02  3.764E-02  3.310E-02  2.881E-02  2.480E-02  2.107E-02  1.764E-02  1.452E-02  1.171E-02  9.238E-03  7.090E-03  5.270E-03  3.767E-03  2.569E-03  1.652E-03  9.868E-04  5.365E-04  2.579E-04  1.051E-04  3.412E-05  8.010E-06  1.163E-06  7.985E-08  1.578E-09  3.084E-12 -5.331E-22
  338.0000  1.497E-01  1.423E-01  1.350E-01  1.277E-01  1.205E-01  1.133E-01  1.062E-01  9.920E-02  9.231E-02  8.554E-02  7.892E-02  7.245E-02  6.615E-02  6.005E-02  5.416E-02  4.849E-02  4.308E-02  3.793E-02  3.306E-02  2.849E-02  2.424E-02  2.033E-02  1.676E-02  1.355E-02  1.071E-02  8.246E-03  6.146E-03  4.409E-03  3.018E-03  1.950E-03  1.171E-03  6.407E-04  3.103E-04  1.277E-04  4.193E-05  9.991E-06  1.479E-06  1.042E-07  2.135E-09  4.399E-12 -8.262E-22
  339.0000  1.603E-01  1.525E-01  1.447E-01  1.370E-01  1.293E-01  1.217E-01  1.141E-01  1.067E-01  9.934E-02  9.213E-02  8.506E-02  7.816E-02  7.144E-02  6.492E-02  5.861E-02  5.255E-02  4.674E-02  4.121E-02  3.597E-02  3.106E-02  2.648E-02  2.225E-02  1.839E-02  1.491E-02  1.182E-02  9.123E-03  6.825E-03  4.916E-03  3.381E-03  2.196E-03  1.328E-03  7.320E-04  3.578E-04  1.489E-04  4.957E-05  1.202E-05  1.819E-06  1.320E-07  2.813E-09  6.128E-12 -1.252E-21
  340.0000  1.828E-01  1.739E-01  1.651E-01  1.563E-01  1.475E-01  1.388E-01  1.302E-01  1.218E-01  1.134E-01  1.052E-01  9.714E-02  8.928E-02  8.162E-02  7.419E-02  6.700E-02  6.009E-02  5.346E-02  4.715E-02  4.118E-02  3.557E-02  3.034E-02  2.550E-02  2.109E-02  1.711E-02  1.357E-02  1.049E-02  7.854E-03  5.664E-03  3.901E-03  2.538E-03  1.537E-03  8.495E-04  4.165E-04  1.739E-04  5.821E-05  1.421E-05  2.172E-06  1.600E-07  3.494E-09  7.931E-12 -1.744E-21
  341.0000  1.623E-01  1.545E-01  1.467E-01  1.389E-01  1.312E-01  1.235E-01  1.159E-01  1.084E-01  1.010E-01  9.377E-02  8.665E-02  7.968E-02  7.289E-02  6.630E-02  5.992E-02  5.378E-02  4.789E-02  4.228E-02  3.696E-02  3.196E-02  2.730E-02  2.298E-02  1.903E-02  1.547E-02  1.229E-02  9.519E-03  7.146E-03  5.167E-03  3.570E-03  2.331E-03  1.418E-03  7.879E-04  3.888E-04  1.636E-04  5.530E-05  1.367E-05  2.125E-06  1.601E-07  3.610E-09  8.603E-12 -2.045E-21
  342.0000  1.674E-01  1.594E-01  1.514E-01  1.434E-01  1.355E-01  1.276E-01  1.198E-01  1.121E-01  1.046E-01  9.709E-02  8.976E-02  8.260E-02  7.561E-02  6.882E-02  6.225E-02  5.592E-02  4.984E-02  4.405E-02  3.855E-02  3.337E-02  2.854E-02  2.406E-02  1.996E-02  1.625E-02  1.294E-02  1.004E-02  7.558E-03  5.482E-03  3.800E-03  2.491E-03  1.523E-03  8.505E-04  4.225E-04  1.793E-04  6.121E-05  1.533E-05  2.424E-06  1.869E-07  4.354E-09  1.089E-11 -2.798E-21
  343.0000  1.779E-01  1.694E-01  1.610E-01  1.525E-01  1.441E-01  1.358E-01  1.276E-01  1.194E-01  1.114E-01  1.034E-01  9.567E-02  8.807E-02  8.066E-02  7.345E-02  6.647E-02  5.974E-02  5.328E-02  4.712E-02  4.127E-02  3.575E-02  3.060E-02  2.582E-02  2.144E-02  1.748E-02  1.394E-02  1.083E-02  8.166E-03  5.934E-03  4.123E-03  2.710E-03  1.661E-03  9.315E-04  4.648E-04  1.983E-04  6.822E-05  1.725E-05  2.763E-06  2.170E-07  5.196E-09  1.357E-11 -3.750E-21
  344.0000  1.461E-01  1.391E-01  1.322E-01  1.253E-01  1.184E-01  1.115E-01  1.048E-01  9.810E-02  9.150E-02  8.501E-02  7.864E-02  7.240E-02  6.632E-02  6.041E-02  5.468E-02  4.916E-02  4.385E-02  3.879E-02  3.398E-02  2.945E-02  2.522E-02  2.129E-02  1.769E-02  1.442E-02  1.151E-02  8.951E-03  6.754E-03  4.912E-03  3.416E-03  2.249E-03  1.381E-03  7.757E-04  3.880E-04  1.661E-04  5.738E-05  1.460E-05  2.359E-06  1.878E-07  4.597E-09  1.247E-11 -3.692E-21
  345.0000  1.648E-01  1.570E-01  1.492E-01  1.414E-01  1.337E-01  1.261E-01  1.185E-01  1.110E-01  1.036E-01  9.628E-02  8.912E-02  8.211E-02  7.526E-02  6.860E-02  6.215E-02  5.592E-02  4.993E-02  4.421E-02  3.878E-02  3.365E-02  2.885E-02  2.439E-02  2.030E-02  1.658E-02  1.326E-02  1.034E-02  7.820E-03  5.704E-03  3.981E-03  2.631E-03  1.623E-03  9.170E-04  4.618E-04  1.994E-04  6.958E-05  1.794E-05  2.948E-06  2.403E-07  6.073E-09  1.728E-11 -5.512E-21
  346.0000  1.697E-01  1.617E-01  1.537E-01  1.457E-01  1.378E-01  1.299E-01  1.221E-01  1.144E-01  1.068E-01  9.931E-02  9.194E-02  8.473E-02  7.769E-02  7.084E-02  6.420E-02  5.778E-02  5.162E-02  4.573E-02  4.012E-02  3.484E-02  2.988E-02  2.528E-02  2.105E-02  1.721E-02  1.378E-02  1.075E-02  8.142E-03  5.948E-03  4.158E-03  2.753E-03  1.702E-03  9.642E-04  4.872E-04  2.112E-04  7.412E-05  1.925E-05  3.197E-06  2.645E-07  6.847E-09  2.026E-11 -6.923E-21
  347.0000  1.844E-01  1.758E-01  1.671E-01  1.585E-01  1.499E-01  1.414E-01  1.330E-01  1.246E-01  1.164E-01  1.082E-01  1.003E-01  9.244E-02  8.480E-02  7.736E-02  7.015E-02  6.318E-02  5.648E-02  5.007E-02  4.397E-02  3.821E-02  3.281E-02  2.779E-02  2.317E-02  1.897E-02  1.520E-02  1.188E-02  9.017E-03  6.601E-03  4.626E-03  3.072E-03  1.906E-03  1.084E-03  5.506E-04  2.402E-04  8.497E-05  2.229E-05  3.754E-06  3.166E-07  8.426E-09  2.602E-11 -9.538E-21
  348.0000  1.623E-01  1.547E-01  1.471E-01  1.396E-01  1.321E-01  1.246E-01  1.172E-01  1.099E-01  1.027E-01  9.552E-02  8.852E-02  8.165E-02  7.494E-02  6.840E-02  6.206E-02  5.593E-02  5.003E-02  4.438E-02  3.901E-02  3.393E-02  2.916E-02  2.472E-02  2.063E-02  1.692E-02  1.358E-02  1.063E-02  8.082E-03  5.929E-03  4.166E-03  2.774E-03  1.727E-03  9.864E-04  5.034E-04  2.210E-04  7.877E-05  2.088E-05  3.563E-06  3.062E-07  8.372E-09  2.696E-11 -1.059E-20
  349.0000  1.683E-01  1.604E-01  1.526E-01  1.448E-01  1.371E-01  1.294E-01  1.217E-01  1.141E-01  1.067E-01  9.930E-02  9.205E-02  8.495E-02  7.800E-02  7.123E-02  6.466E-02  5.831E-02  5.219E-02  4.633E-02  4.075E-02  3.547E-02  3.051E-02  2.589E-02  2.164E-02  1.776E-02  1.428E-02  1.120E-02  8.526E-03  6.267E-03  4.413E-03  2.947E-03  1.841E-03  1.055E-03  5.412E-04  2.389E-04  8.581E-05  2.296E-05  3.970E-06  3.473E-07  9.752E-09  3.272E-11 -1.375E-20
  350.0000  1.964E-01  1.873E-01  1.782E-01  1.691E-01  1.601E-01  1.511E-01  1.423E-01  1.334E-01  1.247E-01  1.162E-01  1.077E-01  9.943E-02  9.134E-02  8.345E-02  7.578E-02  6.837E-02  6.123E-02  5.439E-02  4.787E-02  4.169E-02  3.589E-02  3.049E-02  2.550E-02  2.095E-02  1.686E-02  1.324E-02  1.010E-02  7.436E-03  5.247E-03  3.512E-03  2.199E-03  1.265E-03  6.516E-04  2.891E-04  1.045E-04  2.821E-05  4.935E-06  4.389E-07  1.263E-08  4.407E-11 -1.979E-20
------------------------------------------------------------
