Spectral Irradiance, W m-2 nm-1
values at z =      3.233 km
Columns: wavelength (nm), solar zenith angles (deg.)
    wc, nm     50.000     51.000     52.000     53.000     54.000     55.000     56.000     57.000     58.000     59.000     60.000     61.000     62.000     63.000     64.000     65.000     66.000     67.000     68.000     69.000     70.000     71.000     72.000     73.000     74.000     75.000     76.000     77.000     78.000     79.000     80.000     81.000     82.000     83.000     84.000     85.000     86.000     87.000     88.000     89.000     90.000
  280.0000  0.000E+00  0.000E+00  0.000E+00  0.000E+00  0.000E+00  0.000E+00  0.000E+00  0.000E+00  0.000E+00  0.000E+00  0.000E+00  0.000E+00  0.000E+00  0.000E+00  0.000E+00  0.000E+00  0.000E+00  0.000E+00  0.000E+00  0.000E+00  0.000E+00  0.000E+00  0.000E+00  0.000E+00  0.000E+00  0.000E+00  0.000E+00  0.000E+00  0.000E+00  0.000E+00  0.000E+00  0.000E+00  0.000E+00  0.000E+00  0.000E+00  0.000E+00  0.000E+00  0.000E+00  0.000E+00  0.000E+00  0.000E+00
  281.0000  0.000E+00  0.000E+00  0.000E+00  0.000E+00  0.000E+00  0.000E+00  0.000E+00  0.000E+00  0.000E+00  0.000E+00  0.000E+00  0.000E+00  0.000E+00  0.000E+00  0.000E+00  0.000E+00  0.000E+00  0.000E+00  0.000E+00  0.000E+00  0.000E+00  0.000E+00  0.000E+00  0.000E+00  0.000E+00  0.000E+00  0.000E+00  0.000E+00  0.000E+00  0.000E+00  0.000E+00  0.000E+00  0.000E+00  0.000E+00  0.000E+00  0.000E+00  0.000E+00  0.000E+00  0.000E+00  0.000E+00  0.000E+00
  282.0000  0.000E+00  0.000E+00  0.000E+00  0.000E+00  0.000E+00  0.000E+00  0.000E+00  0.000E+00  0.000E+00  0.000E+00  0.000E+00  0.000E+00  0.000E+00  0.000E+00  0.000E+00  0.000E+00  0.000E+00  0.000E+00  0.000E+00  0.000E+00  0.000E+00  0.000E+00  0.000E+00  0.000E+00  0.000E+00  0.000E+00  0.000E+00  0.000E+00  0.000E+00  0.000E+00  0.000E+00  0.000E+00  0.000E+00  0.000E+00  0.000E+00  0.000E+00  0.000E+00  0.000E+00  0.000E+00  0.000E+00  0.000E+00
  283.0000  0.000E+00  0.000E+00  0.000E+00  0.000E+00  0.000E+00  0.000E+00  0.000E+00  0.000E+00  0.000E+00  0.000E+00  0.000E+00  0.000E+00  0.000E+00  0.000E+00  0.000E+00  0.000E+00  0.000E+00  0.000E+00  0.000E+00  0.000E+00  0.000E+00  0.000E+00  0.000E+00  0.000E+00  0.000E+00  0.000E+00  0.000E+00  0.000E+00  0.000E+00  0.000E+00  0.000E+00  0.000E+00  0.000E+00  0.000E+00  0.000E+00  0.000E+00  0.000E+00  0.000E+00  0.000E+00  0.000E+00  0.000E+00
  284.0000  0.000E+00  0.000E+00  0.000E+00  0.000E+00  0.000E+00  0.000E+00  0.000E+00  0.000E+00  0.000E+00  0.000E+00  0.000E+00  0.000E+00  0.000E+00  0.000E+00  0.000E+00  0.000E+00  0.000E+00  0.000E+00  0.000E+00  0.000E+00  0.000E+00  0.000E+00  0.000E+00  0.000E+00  0.000E+00  0.000E+00  0.000E+00  0.000E+00  0.000E+00  0.000E+00  0.000E+00  0.000E+00  0.000E+00  0.000E+00  0.000E+00  0.000E+00  0.000E+00  0.000E+00  0.000E+00  0.000E+00  0.000E+00
  285.0000  0.000E+00  0.000E+00  0.000E+00  0.000E+00  0.000E+00  0.000E+00  0.000E+00  0.000E+00  0.000E+00  0.000E+00  0.000E+00  0.000E+00  0.000E+00  0.000E+00  0.000E+00  0.000E+00  0.000E+00  0.000E+00  0.000E+00  0.000E+00  0.000E+00  0.000E+00  0.000E+00  0.000E+00  0.000E+00  0.000E+00  0.000E+00  0.000E+00  0.000E+00  0.000E+00  0.000E+00  0.000E+00  0.000E+00  0.000E+00  0.000E+00  0.000E+00  0.000E+00  0.000E+00  0.000E+00  0.000E+00  0.000E+00
  286.0000  0.000E+00  0.000E+00  0.000E+00  0.000E+00  0.000E+00  0.000E+00  0.000E+00  0.000E+00  0.000E+00  0.000E+00  0.000E+00  0.000E+00  0.000E+00  0.000E+00  0.000E+00  0.000E+00  0.000E+00  0.000E+00  0.000E+00  0.000E+00  0.000E+00  0.000E+00  0.000E+00  0.000E+00  0.000E+00  0.000E+00  0.000E+00  0.000E+00  0.000E+00  0.000E+00  0.000E+00  0.000E+00  0.000E+00  0.000E+00  0.000E+00  0.000E+00  0.000E+00  0.000E+00  0.000E+00  0.000E+00  0.000E+00
  287.0000  0.000E+00  0.000E+00  0.000E+00  0.000E+00  0.000E+00  0.000E+00  0.000E+00  0.000E+00  0.000E+00  0.000E+00  0.000E+00  0.000E+00  0.000E+00  0.000E+00  0.000E+00  0.000E+00  0.000E+00  0.000E+00  0.000E+00  0.000E+00  0.000E+00  0.000E+00  0.000E+00  0.000E+00  0.000E+00  0.000E+00  0.000E+00  0.000E+00  0.000E+00  0.000E+00  0.000E+00  0.000E+00  0.000E+00  0.000E+00  0.000E+00  0.000E+00  0.000E+00  0.000E+00  0.000E+00  0.000E+00  0.000E+00
  288.0000  0.000E+00  0.000E+00  0.000E+00  0.000E+00  0.000E+00  0.000E+00  0.000E+00  0.000E+00  0.000E+00  0.000E+00  0.000E+00  0.000E+00  0.000E+00  0.000E+00  0.000E+00  0.000E+00  0.000E+00  0.000E+00  0.000E+00  0.000E+00  0.000E+00  0.000E+00  0.000E+00  0.000E+00  0.000E+00  0.000E+00  0.000E+00  0.000E+00  0.000E+00  0.000E+00  0.000E+00  0.000E+00  0.000E+00  0.000E+00  0.000E+00  0.000E+00  0.000E+00  0.000E+00  0.000E+00  0.000E+00  0.000E+00
  289.0000  2.326E-08  1.611E-08  1.093E-08  7.255E-09  4.699E-09  2.965E-09  1.819E-09  1.082E-09  6.224E-10  3.452E-10  1.840E-10  9.389E-11  4.565E-11  2.105E-11  9.148E-12  3.724E-12  1.409E-12  4.911E-13  1.561E-13  4.470E-14  1.137E-14  2.524E-15  4.796E-16  7.611E-17  9.794E-18  9.856E-19  7.419E-20  3.953E-21  1.391E-22  2.960E-24  3.408E-26  1.838E-28  3.865E-31  2.501E-34  3.697E-38  8.688E-43  0.000E+00  0.000E+00  0.000E+00  0.000E+00  0.000E+00
  290.0000  1.626E-07  1.165E-07  8.191E-08  5.644E-08  3.805E-08  2.505E-08  1.607E-08  1.003E-08  6.075E-09  3.559E-09  2.011E-09  1.092E-09  5.680E-10  2.814E-10  1.322E-10  5.853E-11  2.425E-11  9.329E-12  3.301E-12  1.063E-12  3.073E-13  7.859E-14  1.746E-14  3.294E-15  5.140E-16  6.420E-17  6.165E-18  4.328E-19  2.086E-20  6.374E-22  1.115E-23  9.803E-26  3.659E-28  4.670E-31  1.548E-34  9.514E-39  7.287E-44  0.000E+00  0.000E+00  0.000E+00  0.000E+00
  291.0000  6.296E-07  4.637E-07  3.356E-07  2.385E-07  1.661E-07  1.132E-07  7.533E-08  4.889E-08  3.086E-08  1.890E-08  1.120E-08  6.398E-09  3.513E-09  1.846E-09  9.234E-10  4.376E-10  1.952E-10  8.134E-11  3.140E-11  1.112E-11  3.568E-12  1.024E-12  2.580E-13  5.603E-14  1.022E-14  1.522E-15  1.781E-16  1.564E-17  9.734E-19  3.989E-20  9.803E-22  1.281E-23  7.620E-26  1.688E-28  1.079E-31  1.449E-35  2.828E-40  1.401E-45  0.000E+00  0.000E+00  0.000E+00
  292.0000  2.822E-06  2.150E-06  1.614E-06  1.191E-06  8.638E-07  6.145E-07  4.282E-07  2.917E-07  1.939E-07  1.255E-07  7.890E-08  4.803E-08  2.822E-08  1.595E-08  8.633E-09  4.454E-09  2.178E-09  1.003E-09  4.315E-10  1.720E-10  6.288E-11  2.081E-11  6.143E-12  1.589E-12  3.526E-13  6.531E-14  9.776E-15  1.135E-15  9.714E-17  5.740E-18  2.155E-19  4.615E-21  4.907E-23  2.162E-25  3.129E-28  1.111E-31  6.842E-36  5.015E-41  0.000E+00  0.000E+00  0.000E+00
  293.0000  7.434E-06  5.786E-06  4.440E-06  3.356E-06  2.496E-06  1.823E-06  1.307E-06  9.176E-07  6.299E-07  4.219E-07  2.751E-07  1.741E-07  1.067E-07  6.310E-08  3.586E-08  1.950E-08  1.009E-08  4.943E-09  2.275E-09  9.761E-10  3.867E-10  1.398E-10  4.551E-11  1.312E-11  3.285E-12  6.968E-13  1.215E-13  1.677E-14  1.749E-15  1.296E-16  6.326E-18  1.841E-19  2.805E-21  1.893E-23  4.552E-26  2.961E-29  3.729E-33  6.253E-38  9.389E-44  0.000E+00  0.000E+00
  294.0000  2.424E-05  1.936E-05  1.526E-05  1.187E-05  9.104E-06  6.870E-06  5.097E-06  3.712E-06  2.650E-06  1.850E-06  1.261E-06  8.376E-07  5.402E-07  3.375E-07  2.035E-07  1.180E-07  6.543E-08  3.455E-08  1.726E-08  8.098E-09  3.538E-09  1.425E-09  5.225E-10  1.719E-10  4.987E-11  1.247E-11  2.619E-12  4.462E-13  5.914E-14  5.777E-15  3.881E-16  1.639E-17  3.871E-19  4.389E-21  1.956E-23  2.653E-26  7.962E-30  3.638E-34  1.637E-39  0.000E+00  0.000E+00
  295.0000  5.639E-05  4.586E-05  3.686E-05  2.927E-05  2.293E-05  1.770E-05  1.346E-05  1.006E-05  7.381E-06  5.308E-06  3.734E-06  2.564E-06  1.715E-06  1.114E-06  7.003E-07  4.247E-07  2.474E-07  1.378E-07  7.292E-08  3.644E-08  1.706E-08  7.416E-09  2.958E-09  1.068E-09  3.439E-10  9.663E-11  2.313E-11  4.574E-12  7.184E-13  8.530E-14  7.182E-15  3.948E-16  1.271E-17  2.081E-19  1.436E-21  3.279E-24  1.824E-27  1.703E-31  1.681E-36  7.791E-43  0.000E+00
  296.0000  1.807E-04  1.500E-04  1.233E-04  1.002E-04  8.047E-05  6.380E-05  4.988E-05  3.841E-05  2.909E-05  2.164E-05  1.579E-05  1.127E-05  7.856E-06  5.336E-06  3.520E-06  2.249E-06  1.386E-06  8.205E-07  4.642E-07  2.495E-07  1.265E-07  6.001E-08  2.637E-08  1.061E-08  3.847E-09  1.236E-09  3.442E-10  8.077E-11  1.542E-11  2.292E-12  2.503E-13  1.863E-14  8.569E-16  2.139E-17  2.440E-19  1.014E-21  1.145E-24  2.423E-28  5.870E-33  6.615E-39  0.000E+00
  297.0000  2.285E-04  1.925E-04  1.606E-04  1.326E-04  1.083E-04  8.746E-05  6.970E-05  5.477E-05  4.240E-05  3.228E-05  2.414E-05  1.770E-05  1.269E-05  8.888E-06  6.061E-06  4.012E-06  2.570E-06  1.586E-06  9.392E-07  5.306E-07  2.841E-07  1.431E-07  6.719E-08  2.908E-08  1.145E-08  4.032E-09  1.245E-09  3.285E-10  7.169E-11  1.242E-11  1.621E-12  1.485E-13  8.722E-15  2.908E-16  4.682E-18  2.936E-20  5.403E-23  2.014E-26  9.129E-31  1.938E-36  0.000E+00
  298.0000  6.756E-04  5.781E-04  4.904E-04  4.123E-04  3.431E-04  2.825E-04  2.299E-04  1.848E-04  1.465E-04  1.144E-04  8.792E-05  6.636E-05  4.912E-05  3.557E-05  2.515E-05  1.732E-05  1.157E-05  7.479E-06  4.656E-06  2.778E-06  1.580E-06  8.499E-07  4.292E-07  2.014E-07  8.677E-08  3.381E-08  1.170E-08  3.510E-09  8.877E-10  1.822E-10  2.891E-11  3.329E-12  2.558E-13  1.172E-14  2.758E-16  2.719E-18  8.550E-21  5.930E-24  5.327E-28  2.244E-33  0.000E+00
  299.0000  1.010E-03  8.736E-04  7.498E-04  6.381E-04  5.380E-04  4.492E-04  3.710E-04  3.029E-04  2.441E-04  1.941E-04  1.520E-04  1.171E-04  8.859E-05  6.568E-05  4.763E-05  3.370E-05  2.320E-05  1.548E-05  9.982E-06  6.188E-06  3.669E-06  2.067E-06  1.098E-06  5.454E-07  2.502E-07  1.046E-07  3.918E-08  1.287E-08  3.606E-09  8.329E-10  1.515E-10  2.047E-11  1.898E-12  1.087E-13  3.337E-15  4.517E-17  2.071E-19  2.227E-22  3.261E-26  2.264E-31 -5.605E-44
  300.0000  1.437E-03  1.259E-03  1.094E-03  9.437E-04  8.072E-04  6.842E-04  5.744E-04  4.770E-04  3.917E-04  3.175E-04  2.539E-04  2.001E-04  1.550E-04  1.179E-04  8.794E-05  6.412E-05  4.559E-05  3.153E-05  2.112E-05  1.365E-05  8.477E-06  5.024E-06  2.823E-06  1.491E-06  7.332E-07  3.312E-07  1.354E-07  4.909E-08  1.540E-08  4.050E-09  8.564E-10  1.379E-10  1.572E-11  1.150E-12  4.723E-14  9.057E-16  6.274E-18  1.091E-20  2.719E-24  3.239E-29 -1.324E-41
  301.0000  2.719E-03  2.403E-03  2.110E-03  1.839E-03  1.590E-03  1.364E-03  1.159E-03  9.756E-04  8.123E-04  6.686E-04  5.433E-04  4.355E-04  3.437E-04  2.667E-04  2.032E-04  1.516E-04  1.105E-04  7.853E-05  5.419E-05  3.618E-05  2.327E-05  1.434E-05  8.410E-06  4.660E-06  2.416E-06  1.158E-06  5.063E-07  1.981E-07  6.778E-08  1.969E-08  4.674E-09  8.614E-10  1.151E-10  1.017E-11  5.228E-13  1.312E-14  1.251E-16  3.157E-19  1.194E-22  2.186E-27 -1.339E-39
  302.0000  3.430E-03  3.056E-03  2.705E-03  2.379E-03  2.077E-03  1.800E-03  1.546E-03  1.316E-03  1.109E-03  9.251E-04  7.623E-04  6.201E-04  4.974E-04  3.927E-04  3.047E-04  2.320E-04  1.728E-04  1.257E-04  8.899E-05  6.111E-05  4.052E-05  2.583E-05  1.572E-05  9.080E-06  4.930E-06  2.489E-06  1.153E-06  4.818E-07  1.778E-07  5.633E-08  1.478E-08  3.062E-09  4.697E-10  4.887E-11  3.055E-12  9.683E-14  1.220E-15  4.266E-18  2.325E-21  6.245E-26 -5.540E-38
  303.0000  7.246E-03  6.509E-03  5.813E-03  5.160E-03  4.549E-03  3.982E-03  3.459E-03  2.979E-03  2.542E-03  2.148E-03  1.796E-03  1.483E-03  1.209E-03  9.716E-04  7.683E-04  5.969E-04  4.547E-04  3.387E-04  2.462E-04  1.739E-04  1.190E-04  7.849E-05  4.964E-05  2.990E-05  1.701E-05  9.054E-06  4.451E-06  1.990E-06  7.927E-07  2.744E-07  7.976E-08  1.862E-08  3.288E-09  4.042E-10  3.084E-11  1.240E-12  2.075E-14  1.011E-16  7.989E-20  3.153E-24 -4.029E-36
  304.0000  8.591E-03  7.758E-03  6.968E-03  6.222E-03  5.520E-03  4.865E-03  4.256E-03  3.693E-03  3.178E-03  2.709E-03  2.285E-03  1.906E-03  1.570E-03  1.276E-03  1.022E-03  8.045E-04  6.216E-04  4.704E-04  3.477E-04  2.502E-04  1.747E-04  1.179E-04  7.641E-05  4.731E-05  2.775E-05  1.529E-05  7.810E-06  3.647E-06  1.528E-06  5.601E-07  1.741E-07  4.394E-08  8.504E-09  1.166E-09  1.014E-10  4.771E-12  9.631E-14  5.857E-16  5.965E-19  3.099E-23 -5.276E-35
  305.0000  1.296E-02  1.178E-02  1.066E-02  9.585E-03  8.571E-03  7.617E-03  6.723E-03  5.890E-03  5.119E-03  4.410E-03  3.763E-03  3.178E-03  2.653E-03  2.187E-03  1.778E-03  1.423E-03  1.119E-03  8.637E-04  6.520E-04  4.802E-04  3.439E-04  2.386E-04  1.595E-04  1.021E-04  6.225E-05  3.578E-05  1.918E-05  9.458E-06  4.216E-06  1.660E-06  5.604E-07  1.558E-07  3.381E-08  5.307E-09  5.424E-10  3.097E-11  7.876E-13  6.280E-15  8.678E-18  6.217E-22 -1.451E-33
  306.0000  1.302E-02  1.189E-02  1.081E-02  9.767E-03  8.780E-03  7.845E-03  6.965E-03  6.140E-03  5.372E-03  4.661E-03  4.007E-03  3.411E-03  2.873E-03  2.391E-03  1.963E-03  1.588E-03  1.264E-03  9.879E-04  7.562E-04  5.655E-04  4.118E-04  2.909E-04  1.984E-04  1.300E-04  8.122E-05  4.800E-05  2.656E-05  1.358E-05  6.304E-06  2.602E-06  9.279E-07  2.751E-07  6.434E-08  1.105E-08  1.257E-09  8.169E-11  2.426E-12  2.325E-14  3.973E-17  3.594E-21 -1.077E-32
  307.0000  1.796E-02  1.648E-02  1.504E-02  1.367E-02  1.235E-02  1.110E-02  9.917E-03  8.800E-03  7.752E-03  6.776E-03  5.873E-03  5.042E-03  4.285E-03  3.601E-03  2.988E-03  2.445E-03  1.970E-03  1.560E-03  1.212E-03  9.209E-04  6.824E-04  4.914E-04  3.424E-04  2.296E-04  1.473E-04  8.966E-05  5.128E-05  2.722E-05  1.320E-05  5.723E-06  2.161E-06  6.851E-07  1.734E-07  3.272E-08  4.167E-09  3.100E-10  1.083E-11  1.258E-13  2.677E-16  3.075E-20 -1.183E-31
  308.0000  2.242E-02  2.065E-02  1.894E-02  1.729E-02  1.570E-02  1.419E-02  1.274E-02  1.137E-02  1.008E-02  8.874E-03  7.747E-03  6.703E-03  5.744E-03  4.870E-03  4.080E-03  3.374E-03  2.750E-03  2.205E-03  1.735E-03  1.338E-03  1.007E-03  7.382E-04  5.244E-04  3.594E-04  2.361E-04  1.477E-04  8.706E-05  4.783E-05  2.411E-05  1.094E-05  4.355E-06  1.468E-06  3.996E-07  8.217E-08  1.160E-08  9.771E-10  3.962E-11  5.491E-13  1.433E-15  2.058E-19 -1.005E-30
  309.0000  2.421E-02  2.236E-02  2.056E-02  1.882E-02  1.714E-02  1.554E-02  1.400E-02  1.254E-02  1.116E-02  9.862E-03  8.646E-03  7.516E-03  6.472E-03  5.516E-03  4.648E-03  3.868E-03  3.173E-03  2.563E-03  2.033E-03  1.581E-03  1.202E-03  8.899E-04  6.395E-04  4.439E-04  2.958E-04  1.880E-04  1.128E-04  6.328E-05  3.266E-05  1.523E-05  6.253E-06  2.187E-06  6.216E-07  1.346E-07  2.023E-08  1.838E-09  8.173E-11  1.266E-12  3.775E-15  6.337E-19 -3.729E-30
  310.0000  2.533E-02  2.349E-02  2.169E-02  1.995E-02  1.827E-02  1.664E-02  1.509E-02  1.359E-02  1.218E-02  1.083E-02  9.567E-03  8.382E-03  7.279E-03  6.261E-03  5.328E-03  4.480E-03  3.718E-03  3.040E-03  2.444E-03  1.929E-03  1.490E-03  1.123E-03  8.233E-04  5.841E-04  3.989E-04  2.605E-04  1.612E-04  9.362E-05  5.029E-05  2.455E-05  1.063E-05  3.956E-06  1.210E-06  2.860E-07  4.772E-08  4.916E-09  2.541E-10  4.706E-12  1.721E-14  3.610E-18 -2.683E-29
  311.0000  4.398E-02  4.086E-02  3.782E-02  3.486E-02  3.199E-02  2.921E-02  2.655E-02  2.399E-02  2.155E-02  1.923E-02  1.704E-02  1.498E-02  1.306E-02  1.128E-02  9.642E-03  8.147E-03  6.796E-03  5.588E-03  4.522E-03  3.593E-03  2.796E-03  2.125E-03  1.571E-03  1.126E-03  7.774E-04  5.140E-04  3.227E-04  1.904E-04  1.042E-04  5.193E-05  2.305E-05  8.827E-06  2.794E-06  6.878E-07  1.206E-07  1.319E-08  7.337E-10  1.487E-11  6.068E-14  1.454E-17 -1.278E-28
  312.0000  4.083E-02  3.803E-02  3.529E-02  3.262E-02  3.003E-02  2.751E-02  2.509E-02  2.275E-02  2.052E-02  1.839E-02  1.637E-02  1.446E-02  1.267E-02  1.100E-02  9.461E-03  8.045E-03  6.758E-03  5.599E-03  4.568E-03  3.662E-03  2.878E-03  2.211E-03  1.655E-03  1.201E-03  8.419E-04  5.660E-04  3.621E-04  2.182E-04  1.223E-04  6.271E-05  2.875E-05  1.144E-05  3.788E-06  9.839E-07  1.840E-07  2.176E-08  1.331E-09  3.024E-11  1.413E-13  3.958E-17 -4.175E-28
  313.0000  4.738E-02  4.424E-02  4.117E-02  3.816E-02  3.523E-02  3.238E-02  2.962E-02  2.696E-02  2.441E-02  2.196E-02  1.963E-02  1.743E-02  1.534E-02  1.340E-02  1.159E-02  9.913E-03  8.383E-03  6.996E-03  5.753E-03  4.652E-03  3.691E-03  2.865E-03  2.169E-03  1.596E-03  1.134E-03  7.749E-04  5.048E-04  3.106E-04  1.782E-04  9.388E-05  4.442E-05  1.834E-05  6.343E-06  1.736E-06  3.455E-07  4.408E-08  2.957E-09  7.505E-11  4.000E-13  1.305E-16 -1.646E-27
  314.0000  5.287E-02  4.943E-02  4.605E-02  4.274E-02  3.951E-02  3.637E-02  3.333E-02  3.038E-02  2.755E-02  2.484E-02  2.225E-02  1.979E-02  1.747E-02  1.529E-02  1.326E-02  1.137E-02  9.649E-03  8.080E-03  6.669E-03  5.415E-03  4.315E-03  3.367E-03  2.563E-03  1.896E-03  1.357E-03  9.343E-04  6.139E-04  3.814E-04  2.213E-04  1.181E-04  5.672E-05  2.383E-05  8.419E-06  2.363E-06  4.851E-07  6.431E-08  4.524E-09  1.220E-10  7.018E-13  2.531E-16 -3.669E-27
  315.0000  5.583E-02  5.233E-02  4.889E-02  4.551E-02  4.221E-02  3.898E-02  3.585E-02  3.281E-02  2.987E-02  2.704E-02  2.433E-02  2.175E-02  1.930E-02  1.699E-02  1.482E-02  1.280E-02  1.094E-02  9.231E-03  7.684E-03  6.297E-03  5.069E-03  3.999E-03  3.082E-03  2.312E-03  1.680E-03  1.177E-03  7.880E-04  5.004E-04  2.978E-04  1.635E-04  8.122E-05  3.549E-05  1.313E-05  3.895E-06  8.545E-07  1.227E-07  9.515E-09  2.882E-10  1.902E-12  8.025E-16 -1.392E-26
  316.0000  4.611E-02  4.325E-02  4.043E-02  3.766E-02  3.495E-02  3.230E-02  2.972E-02  2.723E-02  2.481E-02  2.248E-02  2.025E-02  1.812E-02  1.610E-02  1.419E-02  1.239E-02  1.072E-02  9.173E-03  7.754E-03  6.466E-03  5.309E-03  4.284E-03  3.388E-03  2.618E-03  1.970E-03  1.436E-03  1.009E-03  6.790E-04  4.333E-04  2.593E-04  1.433E-04  7.173E-05  3.163E-05  1.183E-05  3.556E-06  7.933E-07  1.164E-07  9.272E-09  2.914E-10  2.025E-12  9.213E-16 -1.801E-26
  317.0000  7.121E-02  6.692E-02  6.269E-02  5.852E-02  5.444E-02  5.044E-02  4.654E-02  4.275E-02  3.907E-02  3.552E-02  3.210E-02  2.883E-02  2.571E-02  2.275E-02  1.997E-02  1.736E-02  1.493E-02  1.270E-02  1.065E-02  8.809E-03  7.161E-03  5.711E-03  4.454E-03  3.385E-03  2.497E-03  1.777E-03  1.213E-03  7.867E-04  4.796E-04  2.709E-04  1.390E-04  6.314E-05  2.445E-05  7.662E-06  1.797E-06  2.802E-07  2.404E-08  8.270E-10  6.404E-12  3.313E-15 -7.570E-26
  318.0000  6.353E-02  5.973E-02  5.598E-02  5.229E-02  4.867E-02  4.512E-02  4.166E-02  3.829E-02  3.503E-02  3.187E-02  2.883E-02  2.591E-02  2.313E-02  2.050E-02  1.801E-02  1.567E-02  1.350E-02  1.150E-02  9.663E-03  8.004E-03  6.519E-03  5.210E-03  4.073E-03  3.104E-03  2.296E-03  1.640E-03  1.123E-03  7.317E-04  4.483E-04  2.547E-04  1.316E-04  6.024E-05  2.356E-05  7.471E-06  1.779E-06  2.827E-07  2.487E-08  8.850E-10  7.188E-12  3.993E-15 -1.022E-25
  319.0000  7.361E-02  6.936E-02  6.515E-02  6.101E-02  5.693E-02  5.293E-02  4.902E-02  4.519E-02  4.148E-02  3.787E-02  3.439E-02  3.104E-02  2.783E-02  2.477E-02  2.188E-02  1.915E-02  1.659E-02  1.422E-02  1.204E-02  1.005E-02  8.252E-03  6.655E-03  5.256E-03  4.052E-03  3.035E-03  2.199E-03  1.531E-03  1.015E-03  6.353E-04  3.697E-04  1.964E-04  9.289E-05  3.776E-05  1.254E-05  3.155E-06  5.363E-07  5.120E-08  2.010E-09  1.835E-11  1.167E-14 -3.503E-25
  320.0000  8.359E-02  7.873E-02  7.392E-02  6.919E-02  6.453E-02  5.996E-02  5.549E-02  5.114E-02  4.690E-02  4.279E-02  3.883E-02  3.502E-02  3.137E-02  2.790E-02  2.461E-02  2.152E-02  1.863E-02  1.594E-02  1.348E-02  1.123E-02  9.210E-03  7.415E-03  5.845E-03  4.496E-03  3.360E-03  2.428E-03  1.685E-03  1.114E-03  6.944E-04  4.023E-04  2.127E-04  1.001E-04  4.043E-05  1.333E-05  3.331E-06  5.619E-07  5.330E-08  2.088E-09  1.923E-11  1.265E-14 -4.130E-25
  321.0000  8.904E-02  8.405E-02  7.911E-02  7.423E-02  6.942E-02  6.469E-02  6.005E-02  5.551E-02  5.109E-02  4.679E-02  4.262E-02  3.860E-02  3.474E-02  3.104E-02  2.753E-02  2.420E-02  2.108E-02  1.816E-02  1.546E-02  1.299E-02  1.074E-02  8.732E-03  6.955E-03  5.412E-03  4.098E-03  3.005E-03  2.120E-03  1.428E-03  9.093E-04  5.400E-04  2.938E-04  1.429E-04  6.006E-05  2.077E-05  5.490E-06  9.919E-07  1.023E-07  4.428E-09  4.589E-11  3.457E-14 -1.320E-24
  322.0000  9.034E-02  8.527E-02  8.026E-02  7.531E-02  7.043E-02  6.563E-02  6.092E-02  5.632E-02  5.183E-02  4.747E-02  4.324E-02  3.916E-02  3.524E-02  3.149E-02  2.793E-02  2.455E-02  2.138E-02  1.842E-02  1.569E-02  1.318E-02  1.090E-02  8.860E-03  7.058E-03  5.492E-03  4.159E-03  3.050E-03  2.152E-03  1.450E-03  9.234E-04  5.486E-04  2.986E-04  1.454E-04  6.117E-05  2.119E-05  5.617E-06  1.020E-06  1.059E-07  4.652E-09  4.946E-11  3.912E-14 -1.641E-24
  323.0000  8.040E-02  7.594E-02  7.152E-02  6.715E-02  6.283E-02  5.859E-02  5.443E-02  5.035E-02  4.638E-02  4.251E-02  3.876E-02  3.514E-02  3.166E-02  2.832E-02  2.515E-02  2.214E-02  1.931E-02  1.666E-02  1.421E-02  1.196E-02  9.914E-03  8.077E-03  6.451E-03  5.034E-03  3.824E-03  2.814E-03  1.994E-03  1.349E-03  8.640E-04  5.165E-04  2.832E-04  1.390E-04  5.912E-05  2.073E-05  5.584E-06  1.034E-06  1.102E-07  5.007E-09  5.579E-11  4.723E-14 -2.200E-24
  324.0000  9.603E-02  9.085E-02  8.572E-02  8.064E-02  7.562E-02  7.068E-02  6.581E-02  6.104E-02  5.637E-02  5.181E-02  4.739E-02  4.310E-02  3.897E-02  3.499E-02  3.120E-02  2.759E-02  2.418E-02  2.097E-02  1.799E-02  1.523E-02  1.271E-02  1.043E-02  8.402E-03  6.617E-03  5.078E-03  3.780E-03  2.713E-03  1.863E-03  1.213E-03  7.393E-04  4.146E-04  2.090E-04  9.167E-05  3.337E-05  9.399E-06  1.838E-06  2.094E-07  1.031E-08  1.266E-10  1.203E-13 -6.440E-24
  325.0000  1.024E-01  9.687E-02  9.135E-02  8.588E-02  8.049E-02  7.517E-02  6.994E-02  6.482E-02  5.981E-02  5.493E-02  5.019E-02  4.560E-02  4.118E-02  3.694E-02  3.289E-02  2.905E-02  2.542E-02  2.202E-02  1.885E-02  1.593E-02  1.327E-02  1.087E-02  8.729E-03  6.856E-03  5.245E-03  3.891E-03  2.782E-03  1.903E-03  1.233E-03  7.473E-04  4.164E-04  2.084E-04  9.069E-05  3.271E-05  9.119E-06  1.764E-06  1.988E-07  9.718E-09  1.196E-10  1.165E-13 -6.711E-24
  326.0000  1.380E-01  1.306E-01  1.233E-01  1.161E-01  1.089E-01  1.019E-01  9.492E-02  8.810E-02  8.143E-02  7.492E-02  6.858E-02  6.244E-02  5.651E-02  5.081E-02  4.535E-02  4.016E-02  3.524E-02  3.062E-02  2.631E-02  2.232E-02  1.867E-02  1.536E-02  1.240E-02  9.792E-03  7.539E-03  5.632E-03  4.059E-03  2.801E-03  1.834E-03  1.125E-03  6.356E-04  3.234E-04  1.435E-04  5.297E-05  1.519E-05  3.042E-06  3.581E-07  1.848E-08  2.434E-10  2.584E-13 -1.672E-23
  327.0000  1.366E-01  1.294E-01  1.223E-01  1.152E-01  1.082E-01  1.013E-01  9.449E-02  8.781E-02  8.127E-02  7.487E-02  6.864E-02  6.259E-02  5.674E-02  5.111E-02  4.571E-02  4.056E-02  3.568E-02  3.108E-02  2.677E-02  2.278E-02  1.911E-02  1.578E-02  1.279E-02  1.015E-02  7.851E-03  5.897E-03  4.277E-03  2.973E-03  1.962E-03  1.215E-03  6.942E-04  3.578E-04  1.612E-04  6.064E-05  1.779E-05  3.666E-06  4.471E-07  2.414E-08  3.369E-10  3.866E-13 -2.792E-23
  328.0000  1.317E-01  1.247E-01  1.178E-01  1.109E-01  1.042E-01  9.746E-02  9.087E-02  8.440E-02  7.807E-02  7.188E-02  6.585E-02  6.001E-02  5.436E-02  4.893E-02  4.372E-02  3.876E-02  3.406E-02  2.964E-02  2.550E-02  2.167E-02  1.816E-02  1.497E-02  1.211E-02  9.592E-03  7.406E-03  5.550E-03  4.015E-03  2.783E-03  1.831E-03  1.130E-03  6.427E-04  3.298E-04  1.478E-04  5.528E-05  1.612E-05  3.300E-06  4.004E-07  2.158E-08  3.036E-10  3.588E-13 -2.789E-23
  329.0000  1.410E-01  1.337E-01  1.265E-01  1.193E-01  1.122E-01  1.051E-01  9.818E-02  9.136E-02  8.466E-02  7.810E-02  7.171E-02  6.550E-02  5.948E-02  5.368E-02  4.810E-02  4.278E-02  3.772E-02  3.294E-02  2.846E-02  2.429E-02  2.045E-02  1.695E-02  1.379E-02  1.099E-02  8.548E-03  6.458E-03  4.714E-03  3.302E-03  2.198E-03  1.375E-03  7.949E-04  4.155E-04  1.904E-04  7.314E-05  2.203E-05  4.690E-06  5.974E-07  3.419E-08  5.177E-10  6.698E-13 -5.849E-23
  330.0000  1.653E-01  1.568E-01  1.483E-01  1.400E-01  1.317E-01  1.235E-01  1.154E-01  1.074E-01  9.958E-02  9.193E-02  8.446E-02  7.720E-02  7.016E-02  6.336E-02  5.683E-02  5.059E-02  4.465E-02  3.904E-02  3.377E-02  2.886E-02  2.433E-02  2.020E-02  1.647E-02  1.315E-02  1.025E-02  7.765E-03  5.684E-03  3.994E-03  2.669E-03  1.677E-03  9.746E-04  5.126E-04  2.367E-04  9.176E-05  2.796E-05  6.042E-06  7.848E-07  4.613E-08  7.257E-10  9.947E-13 -9.536E-23
  331.0000  1.417E-01  1.344E-01  1.271E-01  1.199E-01  1.128E-01  1.057E-01  9.878E-02  9.193E-02  8.522E-02  7.865E-02  7.224E-02  6.600E-02  5.996E-02  5.414E-02  4.854E-02  4.319E-02  3.810E-02  3.329E-02  2.878E-02  2.459E-02  2.072E-02  1.718E-02  1.400E-02  1.117E-02  8.698E-03  6.582E-03  4.813E-03  3.377E-03  2.254E-03  1.414E-03  8.203E-04  4.307E-04  1.985E-04  7.678E-05  2.335E-05  5.042E-06  6.556E-07  3.874E-08  6.186E-10  8.778E-13 -9.066E-23
  332.0000  1.443E-01  1.370E-01  1.297E-01  1.225E-01  1.153E-01  1.082E-01  1.012E-01  9.432E-02  8.754E-02  8.090E-02  7.441E-02  6.810E-02  6.197E-02  5.605E-02  5.035E-02  4.489E-02  3.969E-02  3.477E-02  3.014E-02  2.582E-02  2.183E-02  1.817E-02  1.486E-02  1.191E-02  9.320E-03  7.091E-03  5.217E-03  3.687E-03  2.481E-03  1.571E-03  9.212E-04  4.899E-04  2.292E-04  9.034E-05  2.810E-05  6.238E-06  8.397E-07  5.185E-08  8.755E-10  1.337E-12 -1.530E-22
  333.0000  1.544E-01  1.466E-01  1.389E-01  1.312E-01  1.236E-01  1.160E-01  1.086E-01  1.013E-01  9.404E-02  8.697E-02  8.006E-02  7.333E-02  6.679E-02  6.047E-02  5.438E-02  4.854E-02  4.297E-02  3.769E-02  3.272E-02  2.808E-02  2.378E-02  1.983E-02  1.626E-02  1.306E-02  1.025E-02  7.819E-03  5.773E-03  4.096E-03  2.768E-03  1.762E-03  1.040E-03  5.569E-04  2.629E-04  1.047E-04  3.301E-05  7.452E-06  1.025E-06  6.517E-08  1.146E-09  1.855E-12 -2.323E-22
  334.0000  1.399E-01  1.328E-01  1.258E-01  1.188E-01  1.119E-01  1.051E-01  9.830E-02  9.165E-02  8.511E-02  7.870E-02  7.243E-02  6.633E-02  6.040E-02  5.467E-02  4.916E-02  4.387E-02  3.882E-02  3.405E-02  2.955E-02  2.535E-02  2.145E-02  1.789E-02  1.466E-02  1.177E-02  9.228E-03  7.038E-03  5.193E-03  3.682E-03  2.487E-03  1.582E-03  9.325E-04  4.991E-04  2.354E-04  9.373E-05  2.954E-05  6.676E-06  9.214E-07  5.902E-08  1.055E-09  1.770E-12 -2.386E-22
  335.0000  1.600E-01  1.521E-01  1.442E-01  1.363E-01  1.285E-01  1.207E-01  1.131E-01  1.055E-01  9.808E-02  9.079E-02  8.367E-02  7.672E-02  6.996E-02  6.342E-02  5.711E-02  5.106E-02  4.527E-02  3.978E-02  3.461E-02  2.976E-02  2.526E-02  2.112E-02  1.736E-02  1.399E-02  1.102E-02  8.442E-03  6.261E-03  4.466E-03  3.036E-03  1.946E-03  1.158E-03  6.267E-04  2.994E-04  1.211E-04  3.890E-05  9.001E-06  1.280E-06  8.517E-08  1.600E-09  2.869E-12 -4.253E-22
  336.0000  1.374E-01  1.306E-01  1.239E-01  1.171E-01  1.104E-01  1.038E-01  9.729E-02  9.084E-02  8.449E-02  7.826E-02  7.216E-02  6.621E-02  6.042E-02  5.481E-02  4.940E-02  4.420E-02  3.923E-02  3.451E-02  3.005E-02  2.587E-02  2.199E-02  1.842E-02  1.516E-02  1.224E-02  9.660E-03  7.419E-03  5.517E-03  3.947E-03  2.693E-03  1.733E-03  1.036E-03  5.639E-04  2.713E-04  1.106E-04  3.592E-05  8.426E-06  1.220E-06  8.317E-08  1.618E-09  3.056E-12 -4.927E-22
  337.0000  1.328E-01  1.262E-01  1.197E-01  1.132E-01  1.067E-01  1.003E-01  9.403E-02  8.779E-02  8.166E-02  7.563E-02  6.974E-02  6.399E-02  5.839E-02  5.297E-02  4.774E-02  4.272E-02  3.791E-02  3.335E-02  2.904E-02  2.500E-02  2.125E-02  1.780E-02  1.465E-02  1.183E-02  9.336E-03  7.171E-03  5.333E-03  3.816E-03  2.604E-03  1.676E-03  1.003E-03  5.459E-04  2.629E-04  1.073E-04  3.493E-05  8.223E-06  1.198E-06  8.256E-08  1.638E-09  3.215E-12 -5.574E-22
  338.0000  1.502E-01  1.428E-01  1.355E-01  1.282E-01  1.209E-01  1.137E-01  1.066E-01  9.960E-02  9.269E-02  8.591E-02  7.926E-02  7.277E-02  6.646E-02  6.034E-02  5.443E-02  4.874E-02  4.331E-02  3.814E-02  3.325E-02  2.866E-02  2.439E-02  2.046E-02  1.688E-02  1.365E-02  1.080E-02  8.313E-03  6.200E-03  4.450E-03  3.048E-03  1.970E-03  1.185E-03  6.488E-04  3.147E-04  1.296E-04  4.265E-05  1.018E-05  1.511E-06  1.068E-07  2.194E-09  4.533E-12 -8.534E-22
  339.0000  1.605E-01  1.527E-01  1.449E-01  1.372E-01  1.295E-01  1.218E-01  1.143E-01  1.068E-01  9.949E-02  9.228E-02  8.520E-02  7.829E-02  7.156E-02  6.503E-02  5.872E-02  5.265E-02  4.683E-02  4.129E-02  3.605E-02  3.113E-02  2.654E-02  2.230E-02  1.843E-02  1.495E-02  1.185E-02  9.151E-03  6.847E-03  4.933E-03  3.394E-03  2.205E-03  1.333E-03  7.355E-04  3.597E-04  1.497E-04  4.989E-05  1.210E-05  1.834E-06  1.332E-07  2.842E-09  6.198E-12 -1.268E-21
  340.0000  1.832E-01  1.743E-01  1.655E-01  1.566E-01  1.479E-01  1.392E-01  1.306E-01  1.221E-01  1.137E-01  1.055E-01  9.743E-02  8.955E-02  8.188E-02  7.443E-02  6.723E-02  6.029E-02  5.365E-02  4.733E-02  4.134E-02  3.571E-02  3.046E-02  2.562E-02  2.119E-02  1.719E-02  1.364E-02  1.055E-02  7.901E-03  5.699E-03  3.927E-03  2.556E-03  1.549E-03  8.567E-04  4.204E-04  1.757E-04  5.888E-05  1.439E-05  2.204E-06  1.626E-07  3.558E-09  8.094E-12 -1.783E-21
  341.0000  1.626E-01  1.548E-01  1.469E-01  1.391E-01  1.314E-01  1.237E-01  1.161E-01  1.086E-01  1.012E-01  9.395E-02  8.682E-02  7.984E-02  7.305E-02  6.644E-02  6.006E-02  5.391E-02  4.801E-02  4.239E-02  3.706E-02  3.205E-02  2.737E-02  2.305E-02  1.909E-02  1.552E-02  1.234E-02  9.554E-03  7.174E-03  5.189E-03  3.586E-03  2.343E-03  1.426E-03  7.925E-04  3.912E-04  1.648E-04  5.573E-05  1.379E-05  2.146E-06  1.619E-07  3.655E-09  8.721E-12 -2.076E-21
  342.0000  1.675E-01  1.595E-01  1.515E-01  1.435E-01  1.356E-01  1.277E-01  1.199E-01  1.122E-01  1.046E-01  9.716E-02  8.983E-02  8.266E-02  7.567E-02  6.888E-02  6.231E-02  5.597E-02  4.989E-02  4.409E-02  3.859E-02  3.341E-02  2.857E-02  2.409E-02  1.998E-02  1.627E-02  1.296E-02  1.006E-02  7.570E-03  5.491E-03  3.807E-03  2.496E-03  1.526E-03  8.525E-04  4.235E-04  1.797E-04  6.139E-05  1.538E-05  2.433E-06  1.877E-07  4.375E-09  1.095E-11 -2.815E-21
  343.0000  1.781E-01  1.696E-01  1.611E-01  1.526E-01  1.442E-01  1.359E-01  1.277E-01  1.195E-01  1.114E-01  1.035E-01  9.576E-02  8.815E-02  8.073E-02  7.352E-02  6.654E-02  5.980E-02  5.334E-02  4.717E-02  4.131E-02  3.580E-02  3.064E-02  2.586E-02  2.147E-02  1.750E-02  1.396E-02  1.085E-02  8.180E-03  5.945E-03  4.131E-03  2.716E-03  1.665E-03  9.339E-04  4.661E-04  1.990E-04  6.846E-05  1.732E-05  2.775E-06  2.181E-07  5.225E-09  1.366E-11 -3.775E-21
  344.0000  1.463E-01  1.394E-01  1.324E-01  1.255E-01  1.186E-01  1.118E-01  1.050E-01  9.831E-02  9.170E-02  8.520E-02  7.882E-02  7.258E-02  6.649E-02  6.056E-02  5.482E-02  4.929E-02  4.398E-02  3.890E-02  3.409E-02  2.955E-02  2.530E-02  2.136E-02  1.775E-02  1.448E-02  1.156E-02  8.990E-03  6.785E-03  4.936E-03  3.435E-03  2.261E-03  1.389E-03  7.809E-04  3.909E-04  1.675E-04  5.790E-05  1.475E-05  2.386E-06  1.902E-07  4.664E-09  1.267E-11 -3.756E-21
  345.0000  1.649E-01  1.571E-01  1.493E-01  1.416E-01  1.338E-01  1.262E-01  1.186E-01  1.111E-01  1.037E-01  9.636E-02  8.920E-02  8.218E-02  7.533E-02  6.867E-02  6.221E-02  5.598E-02  4.999E-02  4.426E-02  3.882E-02  3.369E-02  2.889E-02  2.442E-02  2.033E-02  1.661E-02  1.328E-02  1.035E-02  7.834E-03  5.715E-03  3.990E-03  2.637E-03  1.627E-03  9.195E-04  4.632E-04  2.000E-04  6.983E-05  1.801E-05  2.962E-06  2.415E-07  6.108E-09  1.739E-11 -5.550E-21
  346.0000  1.699E-01  1.619E-01  1.539E-01  1.459E-01  1.380E-01  1.301E-01  1.223E-01  1.146E-01  1.070E-01  9.947E-02  9.210E-02  8.488E-02  7.783E-02  7.097E-02  6.432E-02  5.790E-02  5.173E-02  4.582E-02  4.021E-02  3.492E-02  2.996E-02  2.535E-02  2.111E-02  1.726E-02  1.382E-02  1.079E-02  8.170E-03  5.969E-03  4.174E-03  2.764E-03  1.710E-03  9.689E-04  4.898E-04  2.124E-04  7.461E-05  1.939E-05  3.224E-06  2.670E-07  6.920E-09  2.050E-11 -7.010E-21
  347.0000  1.846E-01  1.759E-01  1.673E-01  1.587E-01  1.501E-01  1.416E-01  1.331E-01  1.248E-01  1.165E-01  1.084E-01  1.004E-01  9.256E-02  8.492E-02  7.747E-02  7.025E-02  6.328E-02  5.657E-02  5.015E-02  4.405E-02  3.828E-02  3.287E-02  2.784E-02  2.321E-02  1.901E-02  1.524E-02  1.191E-02  9.041E-03  6.620E-03  4.640E-03  3.082E-03  1.913E-03  1.088E-03  5.529E-04  2.413E-04  8.541E-05  2.242E-05  3.779E-06  3.189E-07  8.495E-09  2.625E-11 -9.630E-21
  348.0000  1.624E-01  1.548E-01  1.473E-01  1.397E-01  1.322E-01  1.247E-01  1.173E-01  1.100E-01  1.027E-01  9.561E-02  8.860E-02  8.173E-02  7.501E-02  6.847E-02  6.213E-02  5.599E-02  5.009E-02  4.444E-02  3.906E-02  3.397E-02  2.920E-02  2.476E-02  2.067E-02  1.694E-02  1.360E-02  1.065E-02  8.098E-03  5.942E-03  4.175E-03  2.780E-03  1.731E-03  9.892E-04  5.050E-04  2.217E-04  7.907E-05  2.096E-05  3.580E-06  3.078E-07  8.422E-09  2.714E-11 -1.067E-20
  349.0000  1.684E-01  1.605E-01  1.527E-01  1.449E-01  1.372E-01  1.294E-01  1.218E-01  1.142E-01  1.067E-01  9.937E-02  9.212E-02  8.501E-02  7.806E-02  7.129E-02  6.471E-02  5.836E-02  5.223E-02  4.637E-02  4.079E-02  3.551E-02  3.054E-02  2.592E-02  2.166E-02  1.778E-02  1.429E-02  1.121E-02  8.538E-03  6.277E-03  4.421E-03  2.952E-03  1.844E-03  1.058E-03  5.425E-04  2.395E-04  8.606E-05  2.304E-05  3.984E-06  3.487E-07  9.796E-09  3.288E-11 -1.383E-20
  350.0000  1.965E-01  1.874E-01  1.783E-01  1.693E-01  1.602E-01  1.513E-01  1.424E-01  1.335E-01  1.248E-01  1.162E-01  1.078E-01  9.952E-02  9.142E-02  8.353E-02  7.586E-02  6.844E-02  6.129E-02  5.444E-02  4.792E-02  4.174E-02  3.594E-02  3.053E-02  2.553E-02  2.098E-02  1.689E-02  1.326E-02  1.012E-02  7.450E-03  5.257E-03  3.519E-03  2.204E-03  1.269E-03  6.533E-04  2.900E-04  1.049E-04  2.832E-05  4.956E-06  4.410E-07  1.270E-08  4.433E-11 -1.992E-20
------------------------------------------------------------
