Spectral Irradiance, W m-2 nm-1
values at z =      3.233 km
Columns: wavelength (nm), solar zenith angles (deg.)
    wc, nm     50.000     51.000     52.000     53.000     54.000     55.000     56.000     57.000     58.000     59.000     60.000     61.000     62.000     63.000     64.000     65.000     66.000     67.000     68.000     69.000     70.000     71.000     72.000     73.000     74.000     75.000     76.000     77.000     78.000     79.000     80.000     81.000     82.000     83.000     84.000     85.000     86.000     87.000     88.000     89.000     90.000
  280.0000  0.000E+00  0.000E+00  0.000E+00  0.000E+00  0.000E+00  0.000E+00  0.000E+00  0.000E+00  0.000E+00  0.000E+00  0.000E+00  0.000E+00  0.000E+00  0.000E+00  0.000E+00  0.000E+00  0.000E+00  0.000E+00  0.000E+00  0.000E+00  0.000E+00  0.000E+00  0.000E+00  0.000E+00  0.000E+00  0.000E+00  0.000E+00  0.000E+00  0.000E+00  0.000E+00  0.000E+00  0.000E+00  0.000E+00  0.000E+00  0.000E+00  0.000E+00  0.000E+00  0.000E+00  0.000E+00  0.000E+00  0.000E+00
  281.0000  0.000E+00  0.000E+00  0.000E+00  0.000E+00  0.000E+00  0.000E+00  0.000E+00  0.000E+00  0.000E+00  0.000E+00  0.000E+00  0.000E+00  0.000E+00  0.000E+00  0.000E+00  0.000E+00  0.000E+00  0.000E+00  0.000E+00  0.000E+00  0.000E+00  0.000E+00  0.000E+00  0.000E+00  0.000E+00  0.000E+00  0.000E+00  0.000E+00  0.000E+00  0.000E+00  0.000E+00  0.000E+00  0.000E+00  0.000E+00  0.000E+00  0.000E+00  0.000E+00  0.000E+00  0.000E+00  0.000E+00  0.000E+00
  282.0000  0.000E+00  0.000E+00  0.000E+00  0.000E+00  0.000E+00  0.000E+00  0.000E+00  0.000E+00  0.000E+00  0.000E+00  0.000E+00  0.000E+00  0.000E+00  0.000E+00  0.000E+00  0.000E+00  0.000E+00  0.000E+00  0.000E+00  0.000E+00  0.000E+00  0.000E+00  0.000E+00  0.000E+00  0.000E+00  0.000E+00  0.000E+00  0.000E+00  0.000E+00  0.000E+00  0.000E+00  0.000E+00  0.000E+00  0.000E+00  0.000E+00  0.000E+00  0.000E+00  0.000E+00  0.000E+00  0.000E+00  0.000E+00
  283.0000  0.000E+00  0.000E+00  0.000E+00  0.000E+00  0.000E+00  0.000E+00  0.000E+00  0.000E+00  0.000E+00  0.000E+00  0.000E+00  0.000E+00  0.000E+00  0.000E+00  0.000E+00  0.000E+00  0.000E+00  0.000E+00  0.000E+00  0.000E+00  0.000E+00  0.000E+00  0.000E+00  0.000E+00  0.000E+00  0.000E+00  0.000E+00  0.000E+00  0.000E+00  0.000E+00  0.000E+00  0.000E+00  0.000E+00  0.000E+00  0.000E+00  0.000E+00  0.000E+00  0.000E+00  0.000E+00  0.000E+00  0.000E+00
  284.0000  0.000E+00  0.000E+00  0.000E+00  0.000E+00  0.000E+00  0.000E+00  0.000E+00  0.000E+00  0.000E+00  0.000E+00  0.000E+00  0.000E+00  0.000E+00  0.000E+00  0.000E+00  0.000E+00  0.000E+00  0.000E+00  0.000E+00  0.000E+00  0.000E+00  0.000E+00  0.000E+00  0.000E+00  0.000E+00  0.000E+00  0.000E+00  0.000E+00  0.000E+00  0.000E+00  0.000E+00  0.000E+00  0.000E+00  0.000E+00  0.000E+00  0.000E+00  0.000E+00  0.000E+00  0.000E+00  0.000E+00  0.000E+00
  285.0000  0.000E+00  0.000E+00  0.000E+00  0.000E+00  0.000E+00  0.000E+00  0.000E+00  0.000E+00  0.000E+00  0.000E+00  0.000E+00  0.000E+00  0.000E+00  0.000E+00  0.000E+00  0.000E+00  0.000E+00  0.000E+00  0.000E+00  0.000E+00  0.000E+00  0.000E+00  0.000E+00  0.000E+00  0.000E+00  0.000E+00  0.000E+00  0.000E+00  0.000E+00  0.000E+00  0.000E+00  0.000E+00  0.000E+00  0.000E+00  0.000E+00  0.000E+00  0.000E+00  0.000E+00  0.000E+00  0.000E+00  0.000E+00
  286.0000  0.000E+00  0.000E+00  0.000E+00  0.000E+00  0.000E+00  0.000E+00  0.000E+00  0.000E+00  0.000E+00  0.000E+00  0.000E+00  0.000E+00  0.000E+00  0.000E+00  0.000E+00  0.000E+00  0.000E+00  0.000E+00  0.000E+00  0.000E+00  0.000E+00  0.000E+00  0.000E+00  0.000E+00  0.000E+00  0.000E+00  0.000E+00  0.000E+00  0.000E+00  0.000E+00  0.000E+00  0.000E+00  0.000E+00  0.000E+00  0.000E+00  0.000E+00  0.000E+00  0.000E+00  0.000E+00  0.000E+00  0.000E+00
  287.0000  0.000E+00  0.000E+00  0.000E+00  0.000E+00  0.000E+00  0.000E+00  0.000E+00  0.000E+00  0.000E+00  0.000E+00  0.000E+00  0.000E+00  0.000E+00  0.000E+00  0.000E+00  0.000E+00  0.000E+00  0.000E+00  0.000E+00  0.000E+00  0.000E+00  0.000E+00  0.000E+00  0.000E+00  0.000E+00  0.000E+00  0.000E+00  0.000E+00  0.000E+00  0.000E+00  0.000E+00  0.000E+00  0.000E+00  0.000E+00  0.000E+00  0.000E+00  0.000E+00  0.000E+00  0.000E+00  0.000E+00  0.000E+00
  288.0000  0.000E+00  0.000E+00  0.000E+00  0.000E+00  0.000E+00  0.000E+00  0.000E+00  0.000E+00  0.000E+00  0.000E+00  0.000E+00  0.000E+00  0.000E+00  0.000E+00  0.000E+00  0.000E+00  0.000E+00  0.000E+00  0.000E+00  0.000E+00  0.000E+00  0.000E+00  0.000E+00  0.000E+00  0.000E+00  0.000E+00  0.000E+00  0.000E+00  0.000E+00  0.000E+00  0.000E+00  0.000E+00  0.000E+00  0.000E+00  0.000E+00  0.000E+00  0.000E+00  0.000E+00  0.000E+00  0.000E+00  0.000E+00
  289.0000  0.000E+00  0.000E+00  0.000E+00  0.000E+00  0.000E+00  0.000E+00  0.000E+00  0.000E+00  0.000E+00  0.000E+00  0.000E+00  0.000E+00  0.000E+00  0.000E+00  0.000E+00  0.000E+00  0.000E+00  0.000E+00  0.000E+00  0.000E+00  0.000E+00  0.000E+00  0.000E+00  0.000E+00  0.000E+00  0.000E+00  0.000E+00  0.000E+00  0.000E+00  0.000E+00  0.000E+00  0.000E+00  0.000E+00  0.000E+00  0.000E+00  0.000E+00  0.000E+00  0.000E+00  0.000E+00  0.000E+00  0.000E+00
  290.0000  0.000E+00  0.000E+00  0.000E+00  0.000E+00  0.000E+00  0.000E+00  0.000E+00  0.000E+00  0.000E+00  0.000E+00  0.000E+00  0.000E+00  0.000E+00  0.000E+00  0.000E+00  0.000E+00  0.000E+00  0.000E+00  0.000E+00  0.000E+00  0.000E+00  0.000E+00  0.000E+00  0.000E+00  0.000E+00  0.000E+00  0.000E+00  0.000E+00  0.000E+00  0.000E+00  0.000E+00  0.000E+00  0.000E+00  0.000E+00  0.000E+00  0.000E+00  0.000E+00  0.000E+00  0.000E+00  0.000E+00  0.000E+00
  291.0000  0.000E+00  0.000E+00  0.000E+00  0.000E+00  0.000E+00  0.000E+00  0.000E+00  0.000E+00  0.000E+00  0.000E+00  0.000E+00  0.000E+00  0.000E+00  0.000E+00  0.000E+00  0.000E+00  0.000E+00  0.000E+00  0.000E+00  0.000E+00  0.000E+00  0.000E+00  0.000E+00  0.000E+00  0.000E+00  0.000E+00  0.000E+00  0.000E+00  0.000E+00  0.000E+00  0.000E+00  0.000E+00  0.000E+00  0.000E+00  0.000E+00  0.000E+00  0.000E+00  0.000E+00  0.000E+00  0.000E+00  0.000E+00
  292.0000  3.691E-08  2.567E-08  1.749E-08  1.165E-08  7.582E-09  4.807E-09  2.964E-09  1.773E-09  1.026E-09  5.726E-10  3.073E-10  1.579E-10  7.735E-11  3.596E-11  1.577E-11  6.481E-12  2.478E-12  8.734E-13  2.811E-13  8.157E-14  2.105E-14  4.751E-15  9.193E-16  1.488E-16  1.959E-17  2.021E-18  1.566E-19  8.618E-21  3.148E-22  6.995E-24  8.470E-26  4.851E-28  1.096E-30  7.731E-34  1.271E-37  3.408E-42  0.000E+00  0.000E+00  0.000E+00  0.000E+00  0.000E+00
  293.0000  1.502E-07  1.077E-07  7.576E-08  5.223E-08  3.522E-08  2.320E-08  1.490E-08  9.303E-09  5.637E-09  3.305E-09  1.869E-09  1.016E-09  5.286E-10  2.622E-10  1.233E-10  5.463E-11  2.266E-11  8.729E-12  3.093E-12  9.973E-13  2.889E-13  7.403E-14  1.648E-14  3.117E-15  4.877E-16  6.112E-17  5.891E-18  4.155E-19  2.013E-20  6.192E-22  1.092E-23  9.697E-26  3.667E-28  4.763E-31  1.618E-34  1.030E-38  8.408E-44  0.000E+00  0.000E+00  0.000E+00  0.000E+00
  294.0000  8.340E-07  6.203E-07  4.538E-07  3.260E-07  2.297E-07  1.585E-07  1.070E-07  7.040E-08  4.512E-08  2.808E-08  1.693E-08  9.854E-09  5.519E-09  2.962E-09  1.516E-09  7.367E-10  3.375E-10  1.448E-10  5.773E-11  2.116E-11  7.056E-12  2.111E-12  5.574E-13  1.274E-13  2.463E-14  3.911E-15  4.921E-16  4.695E-17  3.211E-18  1.467E-19  4.092E-21  6.202E-23  4.396E-25  1.201E-27  9.875E-31  1.799E-34  5.087E-39  1.541E-44  0.000E+00  0.000E+00  0.000E+00
  295.0000  2.817E-06  2.151E-06  1.617E-06  1.196E-06  8.695E-07  6.200E-07  4.331E-07  2.959E-07  1.972E-07  1.281E-07  8.076E-08  4.933E-08  2.910E-08  1.651E-08  8.975E-09  4.652E-09  2.286E-09  1.059E-09  4.583E-10  1.839E-10  6.772E-11  2.259E-11  6.730E-12  1.759E-12  3.945E-13  7.400E-14  1.124E-14  1.326E-15  1.157E-16  6.989E-18  2.693E-19  5.950E-21  6.570E-23  3.033E-25  4.656E-28  1.784E-31  1.214E-35  1.021E-40  0.000E+00  0.000E+00  0.000E+00
  296.0000  1.389E-05  1.093E-05  8.480E-06  6.487E-06  4.886E-06  3.618E-06  2.631E-06  1.876E-06  1.309E-06  8.921E-07  5.926E-07  3.827E-07  2.396E-07  1.450E-07  8.444E-08  4.716E-08  2.513E-08  1.270E-08  6.050E-09  2.695E-09  1.112E-09  4.208E-10  1.440E-10  4.389E-11  1.169E-11  2.657E-12  5.011E-13  7.560E-14  8.724E-15  7.270E-16  4.065E-17  1.387E-18  2.552E-20  2.156E-22  6.789E-25  6.121E-28  1.145E-31  3.085E-36  8.101E-42  0.000E+00  0.000E+00
  297.0000  2.352E-05  1.889E-05  1.498E-05  1.172E-05  9.048E-06  6.875E-06  5.139E-06  3.772E-06  2.715E-06  1.913E-06  1.316E-06  8.829E-07  5.757E-07  3.639E-07  2.222E-07  1.306E-07  7.352E-08  3.945E-08  2.006E-08  9.592E-09  4.280E-09  1.764E-09  6.636E-10  2.247E-10  6.726E-11  1.743E-11  3.811E-12  6.797E-13  9.494E-14  9.854E-15  7.104E-16  3.260E-17  8.499E-19  1.085E-20  5.584E-23  9.038E-26  3.378E-29  2.028E-33  1.283E-38  4.204E-45  0.000E+00
  298.0000  9.598E-05  7.882E-05  6.402E-05  5.139E-05  4.074E-05  3.185E-05  2.453E-05  1.859E-05  1.385E-05  1.012E-05  7.241E-06  5.065E-06  3.454E-06  2.291E-06  1.473E-06  9.158E-07  5.479E-07  3.140E-07  1.715E-07  8.871E-08  4.313E-08  1.954E-08  8.158E-09  3.100E-09  1.056E-09  3.162E-10  8.133E-11  1.745E-11  3.008E-12  3.975E-13  3.792E-14  2.412E-15  9.232E-17  1.856E-18  1.641E-20  5.061E-23  4.052E-26  5.863E-30  9.717E-35  8.167E-41  0.000E+00
  299.0000  1.792E-04  1.494E-04  1.234E-04  1.008E-04  8.141E-05  6.492E-05  5.107E-05  3.958E-05  3.019E-05  2.263E-05  1.664E-05  1.198E-05  8.428E-06  5.781E-06  3.855E-06  2.491E-06  1.554E-06  9.326E-07  5.355E-07  2.925E-07  1.509E-07  7.301E-08  3.278E-08  1.350E-08  5.030E-09  1.665E-09  4.797E-10  1.170E-10  2.335E-11  3.651E-12  4.231E-13  3.379E-14  1.689E-15  4.663E-17  6.011E-19  2.905E-21  3.962E-24  1.063E-27  3.479E-32  5.788E-38  0.000E+00
  300.0000  3.259E-04  2.766E-04  2.326E-04  1.937E-04  1.597E-04  1.301E-04  1.047E-04  8.320E-05  6.514E-05  5.021E-05  3.804E-05  2.828E-05  2.059E-05  1.465E-05  1.017E-05  6.857E-06  4.482E-06  2.829E-06  1.716E-06  9.949E-07  5.483E-07  2.851E-07  1.386E-07  6.239E-08  2.565E-08  9.487E-09  3.095E-09  8.692E-10  2.038E-10  3.835E-11  5.507E-12  5.646E-13  3.788E-14  1.481E-15  2.890E-17  2.290E-19  5.606E-22  2.959E-25  2.039E-29  7.123E-35  0.000E+00
  301.0000  7.429E-04  6.389E-04  5.449E-04  4.606E-04  3.856E-04  3.195E-04  2.618E-04  2.119E-04  1.692E-04  1.333E-04  1.033E-04  7.869E-05  5.882E-05  4.306E-05  3.080E-05  2.147E-05  1.454E-05  9.537E-06  6.033E-06  3.663E-06  2.123E-06  1.167E-06  6.030E-07  2.904E-07  1.288E-07  5.183E-08  1.860E-08  5.820E-09  1.544E-09  3.348E-10  5.665E-11  7.035E-12  5.914E-13  3.020E-14  8.101E-16  9.383E-18  3.603E-20  3.207E-23  3.938E-27  2.467E-32 -7.006E-45
  302.0000  1.100E-03  9.569E-04  8.260E-04  7.072E-04  6.002E-04  5.045E-04  4.197E-04  3.453E-04  2.807E-04  2.251E-04  1.780E-04  1.385E-04  1.059E-04  7.944E-05  5.833E-05  4.184E-05  2.922E-05  1.982E-05  1.300E-05  8.213E-06  4.972E-06  2.866E-06  1.562E-06  7.977E-07  3.777E-07  1.636E-07  6.375E-08  2.191E-08  6.466E-09  1.585E-09  3.092E-10  4.534E-11  4.633E-12  2.982E-13  1.054E-14  1.697E-16  9.634E-19  1.351E-21  2.751E-25  2.886E-30 -1.244E-42
  303.0000  2.739E-03  2.410E-03  2.106E-03  1.827E-03  1.572E-03  1.341E-03  1.133E-03  9.480E-04  7.843E-04  6.411E-04  5.171E-04  4.112E-04  3.218E-04  2.475E-04  1.867E-04  1.378E-04  9.935E-05  6.971E-05  4.746E-05  3.123E-05  1.976E-05  1.196E-05  6.882E-06  3.731E-06  1.888E-06  8.814E-07  3.737E-07  1.413E-07  4.651E-08  1.293E-08  2.915E-09  5.064E-10  6.316E-11  5.149E-12  2.412E-13  5.433E-15  4.596E-17  1.025E-19  3.484E-23  6.146E-28 -4.227E-40
  304.0000  3.602E-03  3.194E-03  2.813E-03  2.461E-03  2.137E-03  1.840E-03  1.571E-03  1.328E-03  1.111E-03  9.194E-04  7.514E-04  6.058E-04  4.813E-04  3.762E-04  2.887E-04  2.172E-04  1.597E-04  1.146E-04  7.989E-05  5.396E-05  3.514E-05  2.195E-05  1.308E-05  7.369E-06  3.894E-06  1.907E-06  8.539E-07  3.434E-07  1.213E-07  3.654E-08  9.052E-09  1.754E-09  2.489E-10  2.364E-11  1.329E-12  3.726E-14  4.090E-16  1.237E-18  5.932E-22  1.502E-26 -1.473E-38
  305.0000  6.195E-03  5.545E-03  4.933E-03  4.361E-03  3.828E-03  3.336E-03  2.884E-03  2.471E-03  2.097E-03  1.762E-03  1.464E-03  1.201E-03  9.721E-04  7.751E-04  6.080E-04  4.681E-04  3.532E-04  2.604E-04  1.871E-04  1.305E-04  8.811E-05  5.726E-05  3.562E-05  2.107E-05  1.175E-05  6.111E-06  2.929E-06  1.272E-06  4.905E-07  1.635E-07  4.554E-08  1.012E-08  1.686E-09  1.938E-10  1.368E-11  5.032E-13  7.626E-15  3.360E-17  2.449E-20  9.527E-25 -1.389E-36
  306.0000  6.768E-03  6.095E-03  5.458E-03  4.858E-03  4.296E-03  3.772E-03  3.288E-03  2.842E-03  2.435E-03  2.066E-03  1.734E-03  1.439E-03  1.179E-03  9.526E-04  7.577E-04  5.924E-04  4.543E-04  3.410E-04  2.498E-04  1.781E-04  1.230E-04  8.203E-05  5.250E-05  3.204E-05  1.850E-05  1.001E-05  5.016E-06  2.291E-06  9.354E-07  3.331E-07  1.001E-07  2.432E-08  4.503E-09  5.865E-10  4.806E-11  2.114E-12  3.967E-14  2.247E-16  2.177E-19  1.146E-23 -2.263E-35
  307.0000  1.019E-02  9.240E-03  8.330E-03  7.468E-03  6.655E-03  5.891E-03  5.179E-03  4.518E-03  3.909E-03  3.351E-03  2.845E-03  2.389E-03  1.983E-03  1.624E-03  1.311E-03  1.041E-03  8.127E-04  6.216E-04  4.648E-04  3.388E-04  2.399E-04  1.643E-04  1.083E-04  6.835E-05  4.095E-05  2.309E-05  1.212E-05  5.835E-06  2.531E-06  9.661E-07  3.147E-07  8.397E-08  1.736E-08  2.579E-09  2.472E-10  1.312E-11  3.081E-13  2.270E-15  2.956E-18  2.124E-22 -5.687E-34
  308.0000  1.378E-02  1.256E-02  1.140E-02  1.029E-02  9.230E-03  8.232E-03  7.294E-03  6.416E-03  5.600E-03  4.847E-03  4.157E-03  3.529E-03  2.963E-03  2.458E-03  2.011E-03  1.621E-03  1.285E-03  1.000E-03  7.619E-04  5.668E-04  4.104E-04  2.882E-04  1.952E-04  1.269E-04  7.866E-05  4.606E-05  2.522E-05  1.274E-05  5.840E-06  2.375E-06  8.325E-07  2.420E-07  5.537E-08  9.271E-09  1.026E-09  6.464E-11  1.864E-12  1.747E-14  2.989E-17  2.869E-21 -1.025E-32
  309.0000  1.556E-02  1.423E-02  1.296E-02  1.174E-02  1.058E-02  9.472E-03  8.430E-03  7.452E-03  6.538E-03  5.691E-03  4.909E-03  4.194E-03  3.545E-03  2.962E-03  2.443E-03  1.986E-03  1.589E-03  1.249E-03  9.619E-04  7.241E-04  5.312E-04  3.783E-04  2.604E-04  1.723E-04  1.089E-04  6.518E-05  3.658E-05  1.901E-05  8.996E-06  3.796E-06  1.389E-06  4.246E-07  1.031E-07  1.852E-08  2.229E-09  1.556E-10  5.073E-12  5.508E-14  1.119E-16  1.302E-20 -5.769E-32
  310.0000  1.766E-02  1.625E-02  1.489E-02  1.357E-02  1.232E-02  1.112E-02  9.972E-03  8.890E-03  7.871E-03  6.917E-03  6.029E-03  5.208E-03  4.455E-03  3.770E-03  3.152E-03  2.601E-03  2.115E-03  1.691E-03  1.327E-03  1.020E-03  7.656E-04  5.590E-04  3.956E-04  2.699E-04  1.765E-04  1.098E-04  6.432E-05  3.510E-05  1.756E-05  7.903E-06  3.115E-06  1.039E-06  2.794E-07  5.669E-08  7.892E-09  6.557E-10  2.632E-11  3.647E-13  9.752E-16  1.515E-19 -8.919E-31
  311.0000  3.168E-02  2.923E-02  2.685E-02  2.456E-02  2.235E-02  2.024E-02  1.822E-02  1.631E-02  1.449E-02  1.279E-02  1.120E-02  9.722E-03  8.359E-03  7.114E-03  5.984E-03  4.970E-03  4.069E-03  3.279E-03  2.596E-03  2.013E-03  1.526E-03  1.127E-03  8.070E-04  5.581E-04  3.704E-04  2.343E-04  1.400E-04  7.805E-05  4.003E-05  1.853E-05  7.551E-06  2.618E-06  7.369E-07  1.579E-07  2.348E-08  2.113E-09  9.339E-11  1.454E-12  4.464E-15  8.144E-19 -5.793E-30
  312.0000  3.081E-02  2.853E-02  2.631E-02  2.416E-02  2.208E-02  2.008E-02  1.817E-02  1.634E-02  1.460E-02  1.296E-02  1.142E-02  9.976E-03  8.639E-03  7.408E-03  6.283E-03  5.264E-03  4.352E-03  3.544E-03  2.837E-03  2.228E-03  1.712E-03  1.283E-03  9.340E-04  6.578E-04  4.457E-04  2.884E-04  1.768E-04  1.015E-04  5.384E-05  2.591E-05  1.104E-05  4.031E-06  1.207E-06  2.784E-07  4.520E-08  4.521E-09  2.271E-10  4.114E-12  1.505E-14  3.336E-18 -2.932E-29
  313.0000  3.740E-02  3.475E-02  3.216E-02  2.965E-02  2.721E-02  2.485E-02  2.259E-02  2.041E-02  1.834E-02  1.637E-02  1.451E-02  1.276E-02  1.112E-02  9.607E-03  8.213E-03  6.941E-03  5.791E-03  4.763E-03  3.855E-03  3.064E-03  2.385E-03  1.813E-03  1.342E-03  9.619E-04  6.647E-04  4.398E-04  2.764E-04  1.633E-04  8.944E-05  4.467E-05  1.987E-05  7.633E-06  2.426E-06  6.008E-07  1.062E-07  1.177E-08  6.689E-10  1.404E-11  6.093E-14  1.632E-17 -1.765E-28
  314.0000  4.245E-02  3.950E-02  3.662E-02  3.381E-02  3.109E-02  2.845E-02  2.591E-02  2.347E-02  2.113E-02  1.891E-02  1.680E-02  1.482E-02  1.296E-02  1.123E-02  9.633E-03  8.172E-03  6.847E-03  5.656E-03  4.600E-03  3.676E-03  2.878E-03  2.202E-03  1.641E-03  1.186E-03  8.267E-04  5.524E-04  3.510E-04  2.100E-04  1.167E-04  5.928E-05  2.689E-05  1.057E-05  3.452E-06  8.831E-07  1.624E-07  1.889E-08  1.139E-09  2.575E-11  1.225E-13  3.679E-17 -4.624E-28
  315.0000  4.706E-02  4.395E-02  4.090E-02  3.792E-02  3.502E-02  3.220E-02  2.947E-02  2.683E-02  2.429E-02  2.187E-02  1.955E-02  1.736E-02  1.530E-02  1.336E-02  1.156E-02  9.896E-03  8.374E-03  6.993E-03  5.754E-03  4.657E-03  3.698E-03  2.874E-03  2.178E-03  1.604E-03  1.142E-03  7.814E-04  5.100E-04  3.145E-04  1.810E-04  9.562E-05  4.543E-05  1.885E-05  6.560E-06  1.810E-06  3.646E-07  4.730E-08  3.253E-09  8.589E-11  4.886E-13  1.787E-16 -2.770E-27
  316.0000  3.905E-02  3.650E-02  3.399E-02  3.154E-02  2.915E-02  2.682E-02  2.457E-02  2.239E-02  2.029E-02  1.829E-02  1.637E-02  1.455E-02  1.284E-02  1.123E-02  9.732E-03  8.346E-03  7.075E-03  5.920E-03  4.882E-03  3.960E-03  3.153E-03  2.457E-03  1.868E-03  1.381E-03  9.867E-04  6.781E-04  4.448E-04  2.758E-04  1.598E-04  8.506E-05  4.077E-05  1.709E-05  6.025E-06  1.688E-06  3.465E-07  4.605E-08  3.265E-09  8.980E-11  5.402E-13  2.140E-16 -3.754E-27
  317.0000  6.243E-02  5.850E-02  5.464E-02  5.086E-02  4.715E-02  4.353E-02  4.002E-02  3.661E-02  3.332E-02  3.016E-02  2.713E-02  2.424E-02  2.150E-02  1.891E-02  1.649E-02  1.424E-02  1.216E-02  1.025E-02  8.528E-03  6.983E-03  5.617E-03  4.428E-03  3.409E-03  2.555E-03  1.855E-03  1.297E-03  8.676E-04  5.501E-04  3.269E-04  1.792E-04  8.887E-05  3.878E-05  1.433E-05  4.247E-06  9.326E-07  1.344E-07  1.052E-08  3.256E-10  2.249E-12  1.042E-15 -2.183E-26
  318.0000  5.590E-02  5.241E-02  4.898E-02  4.562E-02  4.232E-02  3.910E-02  3.597E-02  3.294E-02  3.000E-02  2.718E-02  2.447E-02  2.189E-02  1.944E-02  1.712E-02  1.495E-02  1.292E-02  1.105E-02  9.338E-03  7.782E-03  6.385E-03  5.148E-03  4.067E-03  3.140E-03  2.360E-03  1.719E-03  1.207E-03  8.108E-04  5.167E-04  3.087E-04  1.704E-04  8.515E-05  3.749E-05  1.401E-05  4.208E-06  9.396E-07  1.384E-07  1.113E-08  3.573E-10  2.597E-12  1.297E-15 -3.053E-26
  319.0000  6.738E-02  6.337E-02  5.941E-02  5.552E-02  5.169E-02  4.795E-02  4.429E-02  4.073E-02  3.727E-02  3.393E-02  3.071E-02  2.762E-02  2.468E-02  2.188E-02  1.924E-02  1.676E-02  1.445E-02  1.232E-02  1.036E-02  8.594E-03  7.009E-03  5.609E-03  4.392E-03  3.353E-03  2.486E-03  1.779E-03  1.222E-03  7.985E-04  4.909E-04  2.800E-04  1.454E-04  6.695E-05  2.637E-05  8.435E-06  2.031E-06  3.274E-07  2.938E-08  1.074E-09  9.082E-12  5.363E-15 -1.516E-25
  320.0000  7.531E-02  7.077E-02  6.630E-02  6.190E-02  5.758E-02  5.336E-02  4.924E-02  4.523E-02  4.134E-02  3.759E-02  3.398E-02  3.052E-02  2.722E-02  2.409E-02  2.115E-02  1.839E-02  1.582E-02  1.346E-02  1.130E-02  9.342E-03  7.597E-03  6.061E-03  4.729E-03  3.597E-03  2.654E-03  1.891E-03  1.292E-03  8.390E-04  5.123E-04  2.899E-04  1.492E-04  6.799E-05  2.647E-05  8.352E-06  1.980E-06  3.139E-07  2.768E-08  9.971E-10  8.386E-12  5.058E-15 -1.543E-25
  321.0000  8.358E-02  7.879E-02  7.405E-02  6.938E-02  6.478E-02  6.027E-02  5.584E-02  5.153E-02  4.732E-02  4.324E-02  3.930E-02  3.551E-02  3.187E-02  2.840E-02  2.510E-02  2.200E-02  1.909E-02  1.638E-02  1.389E-02  1.161E-02  9.557E-03  7.725E-03  6.116E-03  4.727E-03  3.552E-03  2.582E-03  1.804E-03  1.202E-03  7.560E-04  4.426E-04  2.368E-04  1.130E-04  4.644E-05  1.563E-05  4.004E-06  6.967E-07  6.871E-08  2.827E-09  2.773E-11  1.980E-14 -7.238E-25
  322.0000  8.424E-02  7.940E-02  7.462E-02  6.990E-02  6.525E-02  6.069E-02  5.623E-02  5.187E-02  4.763E-02  4.352E-02  3.954E-02  3.571E-02  3.204E-02  2.854E-02  2.523E-02  2.210E-02  1.917E-02  1.645E-02  1.394E-02  1.165E-02  9.581E-03  7.740E-03  6.124E-03  4.730E-03  3.551E-03  2.580E-03  1.801E-03  1.199E-03  7.532E-04  4.405E-04  2.354E-04  1.122E-04  4.605E-05  1.549E-05  3.964E-06  6.902E-07  6.829E-08  2.835E-09  2.836E-11  2.116E-14 -8.478E-25
  323.0000  7.534E-02  7.106E-02  6.683E-02  6.264E-02  5.853E-02  5.448E-02  5.052E-02  4.664E-02  4.287E-02  3.921E-02  3.567E-02  3.225E-02  2.898E-02  2.585E-02  2.288E-02  2.007E-02  1.744E-02  1.499E-02  1.273E-02  1.066E-02  8.793E-03  7.123E-03  5.653E-03  4.380E-03  3.302E-03  2.408E-03  1.689E-03  1.131E-03  7.149E-04  4.211E-04  2.270E-04  1.093E-04  4.540E-05  1.549E-05  4.038E-06  7.193E-07  7.326E-08  3.159E-09  3.326E-11  2.667E-14 -1.190E-24
  324.0000  9.281E-02  8.775E-02  8.273E-02  7.776E-02  7.286E-02  6.803E-02  6.329E-02  5.864E-02  5.409E-02  4.966E-02  4.537E-02  4.121E-02  3.720E-02  3.336E-02  2.969E-02  2.621E-02  2.292E-02  1.984E-02  1.698E-02  1.434E-02  1.194E-02  9.769E-03  7.840E-03  6.152E-03  4.702E-03  3.483E-03  2.487E-03  1.698E-03  1.098E-03  6.643E-04  3.692E-04  1.842E-04  7.982E-05  2.865E-05  7.932E-06  1.520E-06  1.691E-07  8.103E-09  9.657E-11  8.908E-14 -4.657E-24
  325.0000  9.727E-02  9.188E-02  8.654E-02  8.126E-02  7.606E-02  7.093E-02  6.591E-02  6.098E-02  5.618E-02  5.150E-02  4.697E-02  4.259E-02  3.838E-02  3.435E-02  3.051E-02  2.687E-02  2.344E-02  2.024E-02  1.727E-02  1.454E-02  1.206E-02  9.831E-03  7.857E-03  6.136E-03  4.666E-03  3.437E-03  2.438E-03  1.653E-03  1.060E-03  6.350E-04  3.491E-04  1.720E-04  7.347E-05  2.593E-05  7.043E-06  1.321E-06  1.436E-07  6.731E-09  7.917E-11  7.385E-14 -4.114E-24
  326.0000  1.332E-01  1.260E-01  1.189E-01  1.118E-01  1.048E-01  9.793E-02  9.116E-02  8.453E-02  7.803E-02  7.171E-02  6.556E-02  5.960E-02  5.386E-02  4.835E-02  4.309E-02  3.808E-02  3.335E-02  2.892E-02  2.479E-02  2.097E-02  1.749E-02  1.435E-02  1.154E-02  9.081E-03  6.962E-03  5.176E-03  3.710E-03  2.545E-03  1.655E-03  1.007E-03  5.639E-04  2.838E-04  1.243E-04  4.523E-05  1.275E-05  2.500E-06  2.871E-07  1.440E-08  1.839E-10  1.895E-13 -1.197E-23
  327.0000  1.334E-01  1.263E-01  1.193E-01  1.123E-01  1.055E-01  9.867E-02  9.199E-02  8.543E-02  7.900E-02  7.272E-02  6.661E-02  6.069E-02  5.496E-02  4.945E-02  4.418E-02  3.915E-02  3.439E-02  2.992E-02  2.573E-02  2.186E-02  1.831E-02  1.508E-02  1.220E-02  9.652E-03  7.446E-03  5.576E-03  4.029E-03  2.789E-03  1.833E-03  1.129E-03  6.410E-04  3.281E-04  1.466E-04  5.460E-05  1.584E-05  3.217E-06  3.860E-07  2.045E-08  2.796E-10  3.145E-13 -2.235E-23
  328.0000  1.269E-01  1.201E-01  1.133E-01  1.066E-01  1.000E-01  9.349E-02  8.707E-02  8.078E-02  7.463E-02  6.863E-02  6.279E-02  5.713E-02  5.168E-02  4.643E-02  4.142E-02  3.664E-02  3.213E-02  2.790E-02  2.395E-02  2.029E-02  1.695E-02  1.393E-02  1.123E-02  8.857E-03  6.808E-03  5.077E-03  3.652E-03  2.515E-03  1.643E-03  1.005E-03  5.663E-04  2.873E-04  1.270E-04  4.678E-05  1.339E-05  2.681E-06  3.169E-07  1.658E-08  2.258E-10  2.587E-13 -1.963E-23
  329.0000  1.387E-01  1.315E-01  1.243E-01  1.172E-01  1.101E-01  1.032E-01  9.630E-02  8.956E-02  8.295E-02  7.648E-02  7.018E-02  6.406E-02  5.813E-02  5.242E-02  4.694E-02  4.170E-02  3.673E-02  3.205E-02  2.766E-02  2.358E-02  1.982E-02  1.640E-02  1.333E-02  1.060E-02  8.228E-03  6.203E-03  4.516E-03  3.154E-03  2.093E-03  1.304E-03  7.506E-04  3.904E-04  1.778E-04  6.781E-05  2.025E-05  4.269E-06  5.374E-07  3.034E-08  4.527E-10  5.772E-13 -4.978E-23
  330.0000  1.629E-01  1.545E-01  1.461E-01  1.378E-01  1.296E-01  1.215E-01  1.134E-01  1.056E-01  9.783E-02  9.027E-02  8.289E-02  7.572E-02  6.877E-02  6.207E-02  5.564E-02  4.949E-02  4.364E-02  3.812E-02  3.294E-02  2.813E-02  2.368E-02  1.963E-02  1.599E-02  1.275E-02  9.917E-03  7.497E-03  5.476E-03  3.838E-03  2.558E-03  1.602E-03  9.273E-04  4.856E-04  2.230E-04  8.593E-05  2.599E-05  5.568E-06  7.159E-07  4.159E-08  6.460E-10  8.744E-13 -8.296E-23
  331.0000  1.383E-01  1.311E-01  1.240E-01  1.169E-01  1.099E-01  1.029E-01  9.608E-02  8.936E-02  8.277E-02  7.633E-02  7.004E-02  6.394E-02  5.803E-02  5.233E-02  4.687E-02  4.165E-02  3.669E-02  3.201E-02  2.763E-02  2.356E-02  1.981E-02  1.640E-02  1.333E-02  1.061E-02  8.237E-03  6.213E-03  4.526E-03  3.163E-03  2.101E-03  1.311E-03  7.558E-04  3.939E-04  1.800E-04  6.892E-05  2.071E-05  4.408E-06  5.635E-07  3.266E-08  5.107E-10  7.103E-13 -7.221E-23
  332.0000  1.426E-01  1.354E-01  1.281E-01  1.209E-01  1.138E-01  1.068E-01  9.983E-02  9.299E-02  8.628E-02  7.970E-02  7.328E-02  6.703E-02  6.097E-02  5.511E-02  4.948E-02  4.409E-02  3.896E-02  3.410E-02  2.954E-02  2.528E-02  2.135E-02  1.775E-02  1.450E-02  1.161E-02  9.070E-03  6.890E-03  5.060E-03  3.569E-03  2.396E-03  1.513E-03  8.844E-04  4.686E-04  2.183E-04  8.560E-05  2.647E-05  5.834E-06  7.787E-07  4.762E-08  7.957E-10  1.203E-12 -1.364E-22
  333.0000  1.532E-01  1.454E-01  1.377E-01  1.301E-01  1.225E-01  1.150E-01  1.076E-01  1.003E-01  9.314E-02  8.612E-02  7.925E-02  7.257E-02  6.608E-02  5.980E-02  5.375E-02  4.796E-02  4.244E-02  3.721E-02  3.229E-02  2.769E-02  2.343E-02  1.953E-02  1.600E-02  1.284E-02  1.006E-02  7.672E-03  5.657E-03  4.008E-03  2.705E-03  1.718E-03  1.012E-03  5.408E-04  2.545E-04  1.011E-04  3.173E-05  7.130E-06  9.755E-07  6.161E-08  1.076E-09  1.729E-12 -2.154E-22
  334.0000  1.377E-01  1.307E-01  1.238E-01  1.169E-01  1.100E-01  1.032E-01  9.657E-02  8.999E-02  8.352E-02  7.719E-02  7.101E-02  6.498E-02  5.914E-02  5.349E-02  4.806E-02  4.285E-02  3.789E-02  3.320E-02  2.878E-02  2.466E-02  2.085E-02  1.736E-02  1.420E-02  1.138E-02  8.910E-03  6.781E-03  4.992E-03  3.530E-03  2.377E-03  1.506E-03  8.845E-04  4.712E-04  2.210E-04  8.741E-05  2.734E-05  6.121E-06  8.356E-07  5.286E-08  9.323E-10  1.544E-12 -2.060E-22
  335.0000  1.591E-01  1.511E-01  1.432E-01  1.354E-01  1.276E-01  1.199E-01  1.123E-01  1.047E-01  9.736E-02  9.011E-02  8.302E-02  7.610E-02  6.938E-02  6.288E-02  5.661E-02  5.059E-02  4.484E-02  3.939E-02  3.425E-02  2.944E-02  2.497E-02  2.087E-02  1.715E-02  1.381E-02  1.087E-02  8.319E-03  6.164E-03  4.392E-03  2.983E-03  1.909E-03  1.134E-03  6.126E-04  2.921E-04  1.178E-04  3.773E-05  8.700E-06  1.232E-06  8.156E-08  1.524E-09  2.718E-12 -4.011E-22
  336.0000  1.368E-01  1.301E-01  1.233E-01  1.166E-01  1.100E-01  1.034E-01  9.684E-02  9.041E-02  8.408E-02  7.787E-02  7.179E-02  6.586E-02  6.009E-02  5.450E-02  4.911E-02  4.393E-02  3.898E-02  3.428E-02  2.985E-02  2.569E-02  2.182E-02  1.827E-02  1.504E-02  1.214E-02  9.571E-03  7.346E-03  5.460E-03  3.903E-03  2.661E-03  1.711E-03  1.022E-03  5.554E-04  2.668E-04  1.086E-04  3.519E-05  8.236E-06  1.189E-06  8.079E-08  1.566E-09  2.947E-12 -4.736E-22
  337.0000  1.316E-01  1.250E-01  1.185E-01  1.121E-01  1.057E-01  9.930E-02  9.302E-02  8.683E-02  8.073E-02  7.476E-02  6.891E-02  6.320E-02  5.765E-02  5.228E-02  4.709E-02  4.212E-02  3.736E-02  3.285E-02  2.858E-02  2.459E-02  2.089E-02  1.748E-02  1.438E-02  1.160E-02  9.140E-03  7.011E-03  5.207E-03  3.719E-03  2.534E-03  1.628E-03  9.711E-04  5.272E-04  2.530E-04  1.029E-04  3.333E-05  7.803E-06  1.129E-06  7.724E-08  1.520E-09  2.959E-12 -5.099E-22
  338.0000  1.492E-01  1.418E-01  1.345E-01  1.273E-01  1.200E-01  1.129E-01  1.058E-01  9.881E-02  9.193E-02  8.518E-02  7.857E-02  7.212E-02  6.585E-02  5.976E-02  5.389E-02  4.825E-02  4.285E-02  3.772E-02  3.287E-02  2.832E-02  2.409E-02  2.019E-02  1.665E-02  1.346E-02  1.063E-02  8.179E-03  6.093E-03  4.368E-03  2.988E-03  1.929E-03  1.157E-03  6.327E-04  3.061E-04  1.257E-04  4.123E-05  9.804E-06  1.448E-06  1.017E-07  2.078E-09  4.270E-12 -8.000E-22
  339.0000  1.601E-01  1.523E-01  1.445E-01  1.368E-01  1.291E-01  1.215E-01  1.140E-01  1.065E-01  9.918E-02  9.198E-02  8.492E-02  7.803E-02  7.131E-02  6.480E-02  5.850E-02  5.244E-02  4.664E-02  4.112E-02  3.590E-02  3.099E-02  2.641E-02  2.219E-02  1.834E-02  1.487E-02  1.178E-02  9.095E-03  6.803E-03  4.899E-03  3.368E-03  2.187E-03  1.322E-03  7.285E-04  3.560E-04  1.480E-04  4.925E-05  1.193E-05  1.804E-06  1.308E-07  2.784E-09  6.059E-12 -1.237E-21
  340.0000  1.824E-01  1.735E-01  1.647E-01  1.559E-01  1.471E-01  1.385E-01  1.299E-01  1.214E-01  1.131E-01  1.049E-01  9.686E-02  8.901E-02  8.137E-02  7.395E-02  6.678E-02  5.988E-02  5.327E-02  4.698E-02  4.102E-02  3.542E-02  3.021E-02  2.539E-02  2.099E-02  1.703E-02  1.350E-02  1.043E-02  7.809E-03  5.629E-03  3.875E-03  2.519E-03  1.525E-03  8.423E-04  4.126E-04  1.721E-04  5.755E-05  1.403E-05  2.141E-06  1.574E-07  3.430E-09  7.772E-12 -1.706E-21
  341.0000  1.621E-01  1.543E-01  1.465E-01  1.387E-01  1.310E-01  1.233E-01  1.157E-01  1.082E-01  1.009E-01  9.359E-02  8.648E-02  7.952E-02  7.274E-02  6.616E-02  5.979E-02  5.366E-02  4.778E-02  4.218E-02  3.687E-02  3.188E-02  2.722E-02  2.291E-02  1.897E-02  1.541E-02  1.225E-02  9.484E-03  7.118E-03  5.146E-03  3.554E-03  2.320E-03  1.411E-03  7.834E-04  3.863E-04  1.625E-04  5.488E-05  1.355E-05  2.104E-06  1.584E-07  3.566E-09  8.486E-12 -2.015E-21
  342.0000  1.673E-01  1.593E-01  1.513E-01  1.433E-01  1.354E-01  1.275E-01  1.198E-01  1.121E-01  1.045E-01  9.701E-02  8.969E-02  8.253E-02  7.555E-02  6.876E-02  6.220E-02  5.587E-02  4.980E-02  4.400E-02  3.851E-02  3.334E-02  2.850E-02  2.403E-02  1.993E-02  1.623E-02  1.292E-02  1.003E-02  7.547E-03  5.473E-03  3.793E-03  2.486E-03  1.519E-03  8.486E-04  4.214E-04  1.788E-04  6.102E-05  1.528E-05  2.414E-06  1.861E-07  4.333E-09  1.083E-11 -2.781E-21
  343.0000  1.778E-01  1.693E-01  1.609E-01  1.524E-01  1.440E-01  1.357E-01  1.275E-01  1.193E-01  1.113E-01  1.033E-01  9.559E-02  8.799E-02  8.058E-02  7.338E-02  6.640E-02  5.968E-02  5.322E-02  4.706E-02  4.122E-02  3.571E-02  3.056E-02  2.579E-02  2.141E-02  1.745E-02  1.391E-02  1.081E-02  8.151E-03  5.922E-03  4.114E-03  2.704E-03  1.657E-03  9.291E-04  4.635E-04  1.977E-04  6.798E-05  1.718E-05  2.751E-06  2.160E-07  5.167E-09  1.349E-11 -3.724E-21
  344.0000  1.458E-01  1.389E-01  1.319E-01  1.250E-01  1.181E-01  1.113E-01  1.046E-01  9.789E-02  9.130E-02  8.482E-02  7.846E-02  7.223E-02  6.616E-02  6.025E-02  5.454E-02  4.902E-02  4.373E-02  3.867E-02  3.388E-02  2.936E-02  2.513E-02  2.121E-02  1.762E-02  1.437E-02  1.146E-02  8.913E-03  6.722E-03  4.888E-03  3.398E-03  2.236E-03  1.372E-03  7.705E-04  3.852E-04  1.648E-04  5.686E-05  1.445E-05  2.332E-06  1.854E-07  4.531E-09  1.228E-11 -3.629E-21
  345.0000  1.647E-01  1.569E-01  1.491E-01  1.413E-01  1.336E-01  1.260E-01  1.184E-01  1.109E-01  1.035E-01  9.619E-02  8.904E-02  8.203E-02  7.519E-02  6.853E-02  6.208E-02  5.586E-02  4.988E-02  4.416E-02  3.873E-02  3.361E-02  2.881E-02  2.436E-02  2.027E-02  1.656E-02  1.324E-02  1.032E-02  7.805E-03  5.693E-03  3.973E-03  2.625E-03  1.619E-03  9.146E-04  4.605E-04  1.987E-04  6.934E-05  1.787E-05  2.935E-06  2.391E-07  6.039E-09  1.717E-11 -5.474E-21
  346.0000  1.695E-01  1.615E-01  1.535E-01  1.455E-01  1.376E-01  1.297E-01  1.219E-01  1.142E-01  1.066E-01  9.914E-02  9.179E-02  8.459E-02  7.755E-02  7.071E-02  6.407E-02  5.767E-02  5.151E-02  4.563E-02  4.003E-02  3.475E-02  2.981E-02  2.522E-02  2.100E-02  1.717E-02  1.374E-02  1.072E-02  8.115E-03  5.927E-03  4.142E-03  2.741E-03  1.694E-03  9.594E-04  4.845E-04  2.099E-04  7.363E-05  1.910E-05  3.170E-06  2.620E-07  6.775E-09  2.003E-11 -6.837E-21
  347.0000  1.842E-01  1.756E-01  1.669E-01  1.583E-01  1.498E-01  1.412E-01  1.328E-01  1.245E-01  1.162E-01  1.081E-01  1.001E-01  9.231E-02  8.468E-02  7.725E-02  7.004E-02  6.308E-02  5.639E-02  4.998E-02  4.389E-02  3.814E-02  3.274E-02  2.773E-02  2.312E-02  1.893E-02  1.517E-02  1.185E-02  8.994E-03  6.583E-03  4.613E-03  3.062E-03  1.899E-03  1.080E-03  5.483E-04  2.391E-04  8.454E-05  2.217E-05  3.730E-06  3.143E-07  8.357E-09  2.579E-11 -9.446E-21
  348.0000  1.622E-01  1.546E-01  1.470E-01  1.395E-01  1.320E-01  1.245E-01  1.171E-01  1.098E-01  1.026E-01  9.543E-02  8.843E-02  8.157E-02  7.486E-02  6.833E-02  6.199E-02  5.586E-02  4.997E-02  4.433E-02  3.896E-02  3.388E-02  2.912E-02  2.468E-02  2.060E-02  1.689E-02  1.355E-02  1.061E-02  8.067E-03  5.917E-03  4.157E-03  2.767E-03  1.723E-03  9.837E-04  5.019E-04  2.202E-04  7.848E-05  2.079E-05  3.546E-06  3.045E-07  8.322E-09  2.678E-11 -1.052E-20
  349.0000  1.682E-01  1.603E-01  1.525E-01  1.447E-01  1.370E-01  1.293E-01  1.216E-01  1.141E-01  1.066E-01  9.923E-02  9.198E-02  8.488E-02  7.794E-02  7.117E-02  6.461E-02  5.826E-02  5.214E-02  4.629E-02  4.071E-02  3.543E-02  3.048E-02  2.587E-02  2.161E-02  1.774E-02  1.426E-02  1.118E-02  8.513E-03  6.258E-03  4.406E-03  2.942E-03  1.837E-03  1.053E-03  5.399E-04  2.383E-04  8.557E-05  2.289E-05  3.956E-06  3.459E-07  9.707E-09  3.255E-11 -1.368E-20
  350.0000  1.962E-01  1.872E-01  1.781E-01  1.690E-01  1.600E-01  1.510E-01  1.421E-01  1.333E-01  1.246E-01  1.161E-01  1.076E-01  9.935E-02  9.125E-02  8.337E-02  7.571E-02  6.830E-02  6.116E-02  5.433E-02  4.781E-02  4.164E-02  3.585E-02  3.045E-02  2.547E-02  2.092E-02  1.683E-02  1.322E-02  1.008E-02  7.423E-03  5.237E-03  3.504E-03  2.194E-03  1.262E-03  6.498E-04  2.883E-04  1.042E-04  2.810E-05  4.914E-06  4.369E-07  1.256E-08  4.381E-11 -1.967E-20
------------------------------------------------------------
