Spectral Irradiance, W m-2 nm-1
values at z =      3.233 km
Columns: wavelength (nm), solar zenith angles (deg.)
    wc, nm     50.000     51.000     52.000     53.000     54.000     55.000     56.000     57.000     58.000     59.000     60.000     61.000     62.000     63.000     64.000     65.000     66.000     67.000     68.000     69.000     70.000     71.000     72.000     73.000     74.000     75.000     76.000     77.000     78.000     79.000     80.000     81.000     82.000     83.000     84.000     85.000     86.000     87.000     88.000     89.000     90.000
  280.0000  0.000E+00  0.000E+00  0.000E+00  0.000E+00  0.000E+00  0.000E+00  0.000E+00  0.000E+00  0.000E+00  0.000E+00  0.000E+00  0.000E+00  0.000E+00  0.000E+00  0.000E+00  0.000E+00  0.000E+00  0.000E+00  0.000E+00  0.000E+00  0.000E+00  0.000E+00  0.000E+00  0.000E+00  0.000E+00  0.000E+00  0.000E+00  0.000E+00  0.000E+00  0.000E+00  0.000E+00  0.000E+00  0.000E+00  0.000E+00  0.000E+00  0.000E+00  0.000E+00  0.000E+00  0.000E+00  0.000E+00  0.000E+00
  281.0000  0.000E+00  0.000E+00  0.000E+00  0.000E+00  0.000E+00  0.000E+00  0.000E+00  0.000E+00  0.000E+00  0.000E+00  0.000E+00  0.000E+00  0.000E+00  0.000E+00  0.000E+00  0.000E+00  0.000E+00  0.000E+00  0.000E+00  0.000E+00  0.000E+00  0.000E+00  0.000E+00  0.000E+00  0.000E+00  0.000E+00  0.000E+00  0.000E+00  0.000E+00  0.000E+00  0.000E+00  0.000E+00  0.000E+00  0.000E+00  0.000E+00  0.000E+00  0.000E+00  0.000E+00  0.000E+00  0.000E+00  0.000E+00
  282.0000  0.000E+00  0.000E+00  0.000E+00  0.000E+00  0.000E+00  0.000E+00  0.000E+00  0.000E+00  0.000E+00  0.000E+00  0.000E+00  0.000E+00  0.000E+00  0.000E+00  0.000E+00  0.000E+00  0.000E+00  0.000E+00  0.000E+00  0.000E+00  0.000E+00  0.000E+00  0.000E+00  0.000E+00  0.000E+00  0.000E+00  0.000E+00  0.000E+00  0.000E+00  0.000E+00  0.000E+00  0.000E+00  0.000E+00  0.000E+00  0.000E+00  0.000E+00  0.000E+00  0.000E+00  0.000E+00  0.000E+00  0.000E+00
  283.0000  0.000E+00  0.000E+00  0.000E+00  0.000E+00  0.000E+00  0.000E+00  0.000E+00  0.000E+00  0.000E+00  0.000E+00  0.000E+00  0.000E+00  0.000E+00  0.000E+00  0.000E+00  0.000E+00  0.000E+00  0.000E+00  0.000E+00  0.000E+00  0.000E+00  0.000E+00  0.000E+00  0.000E+00  0.000E+00  0.000E+00  0.000E+00  0.000E+00  0.000E+00  0.000E+00  0.000E+00  0.000E+00  0.000E+00  0.000E+00  0.000E+00  0.000E+00  0.000E+00  0.000E+00  0.000E+00  0.000E+00  0.000E+00
  284.0000  0.000E+00  0.000E+00  0.000E+00  0.000E+00  0.000E+00  0.000E+00  0.000E+00  0.000E+00  0.000E+00  0.000E+00  0.000E+00  0.000E+00  0.000E+00  0.000E+00  0.000E+00  0.000E+00  0.000E+00  0.000E+00  0.000E+00  0.000E+00  0.000E+00  0.000E+00  0.000E+00  0.000E+00  0.000E+00  0.000E+00  0.000E+00  0.000E+00  0.000E+00  0.000E+00  0.000E+00  0.000E+00  0.000E+00  0.000E+00  0.000E+00  0.000E+00  0.000E+00  0.000E+00  0.000E+00  0.000E+00  0.000E+00
  285.0000  0.000E+00  0.000E+00  0.000E+00  0.000E+00  0.000E+00  0.000E+00  0.000E+00  0.000E+00  0.000E+00  0.000E+00  0.000E+00  0.000E+00  0.000E+00  0.000E+00  0.000E+00  0.000E+00  0.000E+00  0.000E+00  0.000E+00  0.000E+00  0.000E+00  0.000E+00  0.000E+00  0.000E+00  0.000E+00  0.000E+00  0.000E+00  0.000E+00  0.000E+00  0.000E+00  0.000E+00  0.000E+00  0.000E+00  0.000E+00  0.000E+00  0.000E+00  0.000E+00  0.000E+00  0.000E+00  0.000E+00  0.000E+00
  286.0000  0.000E+00  0.000E+00  0.000E+00  0.000E+00  0.000E+00  0.000E+00  0.000E+00  0.000E+00  0.000E+00  0.000E+00  0.000E+00  0.000E+00  0.000E+00  0.000E+00  0.000E+00  0.000E+00  0.000E+00  0.000E+00  0.000E+00  0.000E+00  0.000E+00  0.000E+00  0.000E+00  0.000E+00  0.000E+00  0.000E+00  0.000E+00  0.000E+00  0.000E+00  0.000E+00  0.000E+00  0.000E+00  0.000E+00  0.000E+00  0.000E+00  0.000E+00  0.000E+00  0.000E+00  0.000E+00  0.000E+00  0.000E+00
  287.0000  0.000E+00  0.000E+00  0.000E+00  0.000E+00  0.000E+00  0.000E+00  0.000E+00  0.000E+00  0.000E+00  0.000E+00  0.000E+00  0.000E+00  0.000E+00  0.000E+00  0.000E+00  0.000E+00  0.000E+00  0.000E+00  0.000E+00  0.000E+00  0.000E+00  0.000E+00  0.000E+00  0.000E+00  0.000E+00  0.000E+00  0.000E+00  0.000E+00  0.000E+00  0.000E+00  0.000E+00  0.000E+00  0.000E+00  0.000E+00  0.000E+00  0.000E+00  0.000E+00  0.000E+00  0.000E+00  0.000E+00  0.000E+00
  288.0000  0.000E+00  0.000E+00  0.000E+00  0.000E+00  0.000E+00  0.000E+00  0.000E+00  0.000E+00  0.000E+00  0.000E+00  0.000E+00  0.000E+00  0.000E+00  0.000E+00  0.000E+00  0.000E+00  0.000E+00  0.000E+00  0.000E+00  0.000E+00  0.000E+00  0.000E+00  0.000E+00  0.000E+00  0.000E+00  0.000E+00  0.000E+00  0.000E+00  0.000E+00  0.000E+00  0.000E+00  0.000E+00  0.000E+00  0.000E+00  0.000E+00  0.000E+00  0.000E+00  0.000E+00  0.000E+00  0.000E+00  0.000E+00
  289.0000  0.000E+00  0.000E+00  0.000E+00  0.000E+00  0.000E+00  0.000E+00  0.000E+00  0.000E+00  0.000E+00  0.000E+00  0.000E+00  0.000E+00  0.000E+00  0.000E+00  0.000E+00  0.000E+00  0.000E+00  0.000E+00  0.000E+00  0.000E+00  0.000E+00  0.000E+00  0.000E+00  0.000E+00  0.000E+00  0.000E+00  0.000E+00  0.000E+00  0.000E+00  0.000E+00  0.000E+00  0.000E+00  0.000E+00  0.000E+00  0.000E+00  0.000E+00  0.000E+00  0.000E+00  0.000E+00  0.000E+00  0.000E+00
  290.0000  0.000E+00  0.000E+00  0.000E+00  0.000E+00  0.000E+00  0.000E+00  0.000E+00  0.000E+00  0.000E+00  0.000E+00  0.000E+00  0.000E+00  0.000E+00  0.000E+00  0.000E+00  0.000E+00  0.000E+00  0.000E+00  0.000E+00  0.000E+00  0.000E+00  0.000E+00  0.000E+00  0.000E+00  0.000E+00  0.000E+00  0.000E+00  0.000E+00  0.000E+00  0.000E+00  0.000E+00  0.000E+00  0.000E+00  0.000E+00  0.000E+00  0.000E+00  0.000E+00  0.000E+00  0.000E+00  0.000E+00  0.000E+00
  291.0000  1.431E-08  9.730E-09  6.473E-09  4.206E-09  2.665E-09  1.642E-09  9.825E-10  5.691E-10  3.183E-10  1.713E-10  8.841E-11  4.357E-11  2.041E-11  9.044E-12  3.766E-12  1.463E-12  5.266E-13  1.738E-13  5.207E-14  1.398E-14  3.311E-15  6.801E-16  1.186E-16  1.710E-17  1.979E-18  1.768E-19  1.164E-20  5.331E-22  1.578E-23  2.755E-25  2.522E-27  1.043E-29  1.605E-32  7.190E-36  6.884E-40  9.809E-45  0.000E+00  0.000E+00  0.000E+00  0.000E+00  0.000E+00
  292.0000  1.091E-07  7.766E-08  5.420E-08  3.705E-08  2.477E-08  1.616E-08  1.028E-08  6.349E-09  3.804E-09  2.203E-09  1.230E-09  6.594E-10  3.381E-10  1.650E-10  7.627E-11  3.318E-11  1.349E-11  5.084E-12  1.759E-12  5.528E-13  1.556E-13  3.865E-14  8.312E-15  1.513E-15  2.269E-16  2.710E-17  2.475E-18  1.642E-19  7.419E-21  2.105E-22  3.383E-24  2.694E-26  8.963E-29  9.997E-32  2.831E-35  1.448E-39  8.408E-45  0.000E+00  0.000E+00  0.000E+00  0.000E+00
  293.0000  3.985E-07  2.916E-07  2.096E-07  1.479E-07  1.022E-07  6.908E-08  4.559E-08  2.932E-08  1.833E-08  1.111E-08  6.509E-09  3.676E-09  1.993E-09  1.033E-09  5.091E-10  2.374E-10  1.041E-10  4.258E-11  1.611E-11  5.578E-12  1.747E-12  4.880E-13  1.195E-13  2.511E-14  4.419E-15  6.316E-16  7.060E-17  5.889E-18  3.456E-19  1.324E-20  3.013E-22  3.599E-24  1.929E-26  3.782E-29  2.095E-32  2.384E-36  3.859E-41  0.000E+00  0.000E+00  0.000E+00  0.000E+00
  294.0000  1.936E-06  1.466E-06  1.093E-06  8.009E-07  5.764E-07  4.068E-07  2.810E-07  1.897E-07  1.249E-07  8.001E-08  4.974E-08  2.992E-08  1.736E-08  9.677E-09  5.161E-09  2.621E-09  1.260E-09  5.692E-10  2.400E-10  9.360E-11  3.339E-11  1.076E-11  3.084E-12  7.723E-13  1.652E-13  2.939E-14  4.203E-15  4.635E-16  3.741E-17  2.067E-18  7.181E-20  1.406E-21  1.347E-23  5.251E-26  6.588E-29  1.982E-32  1.012E-36  6.072E-42  0.000E+00  0.000E+00  0.000E+00
  295.0000  5.959E-06  4.622E-06  3.534E-06  2.661E-06  1.970E-06  1.433E-06  1.023E-06  7.144E-07  4.878E-07  3.249E-07  2.106E-07  1.325E-07  8.062E-08  4.732E-08  2.667E-08  1.438E-08  7.374E-09  3.575E-09  1.628E-09  6.901E-10  2.698E-10  9.617E-11  3.081E-11  8.731E-12  2.144E-12  4.449E-13  7.569E-14  1.016E-14  1.027E-15  7.346E-17  3.441E-18  9.550E-20  1.378E-21  8.729E-24  1.951E-26  1.168E-29  1.344E-33  2.064E-38  2.943E-44  0.000E+00  0.000E+00
  296.0000  2.638E-05  2.103E-05  1.656E-05  1.286E-05  9.843E-06  7.415E-06  5.490E-06  3.990E-06  2.842E-06  1.980E-06  1.346E-06  8.915E-07  5.733E-07  3.571E-07  2.146E-07  1.239E-07  6.848E-08  3.601E-08  1.791E-08  8.359E-09  3.632E-09  1.454E-09  5.297E-10  1.730E-10  4.979E-11  1.234E-11  2.565E-12  4.322E-13  5.657E-14  5.448E-15  3.601E-16  1.493E-17  3.454E-19  3.826E-21  1.662E-23  2.196E-26  6.437E-30  2.904E-34  1.329E-39  0.000E+00  0.000E+00
  297.0000  4.153E-05  3.375E-05  2.711E-05  2.150E-05  1.683E-05  1.298E-05  9.861E-06  7.363E-06  5.397E-06  3.877E-06  2.724E-06  1.868E-06  1.248E-06  8.090E-07  5.078E-07  3.074E-07  1.788E-07  9.934E-08  5.247E-08  2.616E-08  1.222E-08  5.294E-09  2.105E-09  7.578E-10  2.429E-10  6.799E-11  1.620E-11  3.187E-12  4.977E-13  5.872E-14  4.910E-15  2.678E-16  8.554E-18  1.388E-19  9.502E-22  2.158E-24  1.201E-27  1.138E-31  1.178E-36  6.124E-43  0.000E+00
  298.0000  1.563E-04  1.297E-04  1.065E-04  8.649E-05  6.940E-05  5.496E-05  4.292E-05  3.301E-05  2.498E-05  1.856E-05  1.352E-05  9.636E-06  6.707E-06  4.548E-06  2.995E-06  1.910E-06  1.174E-06  6.937E-07  3.915E-07  2.099E-07  1.061E-07  5.017E-08  2.197E-08  8.802E-09  3.179E-09  1.017E-09  2.817E-10  6.571E-11  1.247E-11  1.839E-12  1.992E-13  1.470E-14  6.698E-16  1.655E-17  1.869E-19  7.705E-22  8.684E-25  1.859E-28  4.702E-33  5.913E-39  0.000E+00
  299.0000  2.760E-04  2.324E-04  1.938E-04  1.599E-04  1.305E-04  1.053E-04  8.384E-05  6.583E-05  5.091E-05  3.872E-05  2.893E-05  2.118E-05  1.518E-05  1.061E-05  7.227E-06  4.777E-06  3.055E-06  1.883E-06  1.113E-06  6.273E-07  3.351E-07  1.684E-07  7.887E-08  3.404E-08  1.336E-08  4.689E-09  1.442E-09  3.788E-10  8.231E-11  1.419E-11  1.841E-12  1.676E-13  9.781E-15  3.240E-16  5.188E-18  3.244E-20  5.990E-23  2.274E-26  1.082E-30  2.574E-36  0.000E+00
  300.0000  4.723E-04  4.039E-04  3.425E-04  2.878E-04  2.394E-04  1.970E-04  1.603E-04  1.287E-04  1.020E-04  7.962E-05  6.114E-05  4.612E-05  3.410E-05  2.468E-05  1.743E-05  1.199E-05  8.005E-06  5.168E-06  3.214E-06  1.915E-06  1.087E-06  5.841E-07  2.945E-07  1.380E-07  5.932E-08  2.306E-08  7.959E-09  2.383E-09  6.008E-10  1.229E-10  1.945E-11  2.232E-12  1.710E-13  7.818E-15  1.838E-16  1.816E-18  5.766E-21  4.101E-24  3.896E-28  1.850E-33 -0.000E+00
  301.0000  1.028E-03  8.897E-04  7.643E-04  6.510E-04  5.495E-04  4.592E-04  3.797E-04  3.104E-04  2.505E-04  1.994E-04  1.564E-04  1.207E-04  9.145E-05  6.793E-05  4.936E-05  3.500E-05  2.414E-05  1.616E-05  1.044E-05  6.494E-06  3.863E-06  2.184E-06  1.165E-06  5.812E-07  2.680E-07  1.127E-07  4.248E-08  1.406E-08  3.974E-09  9.271E-10  1.707E-10  2.340E-11  2.209E-12  1.294E-13  4.083E-15  5.737E-17  2.766E-19  3.195E-22  5.196E-26  4.256E-31 -1.401E-43
  302.0000  1.462E-03  1.279E-03  1.111E-03  9.578E-04  8.186E-04  6.933E-04  5.815E-04  4.825E-04  3.957E-04  3.205E-04  2.560E-04  2.015E-04  1.559E-04  1.185E-04  8.819E-05  6.420E-05  4.557E-05  3.145E-05  2.103E-05  1.356E-05  8.401E-06  4.966E-06  2.782E-06  1.465E-06  7.178E-07  3.230E-07  1.315E-07  4.744E-08  1.481E-08  3.870E-09  8.131E-10  1.300E-10  1.470E-11  1.067E-12  4.349E-14  8.294E-16  5.747E-18  1.013E-20  2.638E-24  3.500E-29 -1.807E-41
  303.0000  3.493E-03  3.090E-03  2.715E-03  2.368E-03  2.050E-03  1.760E-03  1.498E-03  1.262E-03  1.052E-03  8.673E-04  7.059E-04  5.667E-04  4.481E-04  3.484E-04  2.659E-04  1.988E-04  1.453E-04  1.035E-04  7.162E-05  4.797E-05  3.096E-05  1.915E-05  1.128E-05  6.278E-06  3.272E-06  1.578E-06  6.943E-07  2.737E-07  9.450E-08  2.775E-08  6.668E-09  1.247E-09  1.697E-10  1.533E-11  8.110E-13  2.112E-14  2.119E-16  5.742E-19  2.411E-22  5.202E-27 -4.176E-39
  304.0000  4.476E-03  3.987E-03  3.529E-03  3.103E-03  2.709E-03  2.346E-03  2.015E-03  1.715E-03  1.445E-03  1.204E-03  9.922E-04  8.069E-04  6.469E-04  5.105E-04  3.960E-04  3.013E-04  2.244E-04  1.631E-04  1.154E-04  7.918E-05  5.247E-05  3.342E-05  2.033E-05  1.173E-05  6.362E-06  3.209E-06  1.485E-06  6.199E-07  2.285E-07  7.230E-08  1.895E-08  3.924E-09  6.018E-10  6.266E-11  3.928E-12  1.253E-13  1.602E-15  5.770E-18  3.340E-21  1.012E-25 -1.140E-37
  305.0000  7.450E-03  6.694E-03  5.980E-03  5.310E-03  4.683E-03  4.101E-03  3.563E-03  3.070E-03  2.622E-03  2.216E-03  1.853E-03  1.532E-03  1.249E-03  1.005E-03  7.950E-04  6.181E-04  4.712E-04  3.514E-04  2.556E-04  1.808E-04  1.238E-04  8.180E-05  5.181E-05  3.126E-05  1.782E-05  9.506E-06  4.685E-06  2.100E-06  8.398E-07  2.919E-07  8.529E-08  2.004E-08  3.568E-09  4.434E-10  3.432E-11  1.409E-12  2.431E-14  1.242E-16  1.063E-19  4.815E-24 -7.898E-36
  306.0000  7.971E-03  7.203E-03  6.474E-03  5.785E-03  5.136E-03  4.530E-03  3.966E-03  3.445E-03  2.967E-03  2.532E-03  2.138E-03  1.786E-03  1.473E-03  1.199E-03  9.613E-04  7.581E-04  5.868E-04  4.449E-04  3.295E-04  2.377E-04  1.664E-04  1.126E-04  7.320E-05  4.548E-05  2.678E-05  1.482E-05  7.608E-06  3.574E-06  1.507E-06  5.569E-07  1.747E-07  4.460E-08  8.756E-09  1.222E-09  1.087E-10  5.271E-12  1.109E-13  7.167E-16  8.000E-19  4.821E-23 -1.057E-34
  307.0000  1.175E-02  1.068E-02  9.657E-03  8.687E-03  7.768E-03  6.903E-03  6.092E-03  5.337E-03  4.638E-03  3.996E-03  3.410E-03  2.879E-03  2.404E-03  1.982E-03  1.611E-03  1.289E-03  1.014E-03  7.824E-04  5.906E-04  4.350E-04  3.115E-04  2.161E-04  1.445E-04  9.254E-05  5.640E-05  3.242E-05  1.738E-05  8.575E-06  3.824E-06  1.507E-06  5.094E-07  1.419E-07  3.087E-08  4.867E-09  5.009E-10  2.893E-11  7.502E-13  6.192E-15  9.120E-18  7.367E-22 -2.160E-33
  308.0000  1.556E-02  1.423E-02  1.294E-02  1.171E-02  1.054E-02  9.432E-03  8.385E-03  7.403E-03  6.487E-03  5.638E-03  4.857E-03  4.143E-03  3.496E-03  2.916E-03  2.400E-03  1.947E-03  1.554E-03  1.219E-03  9.360E-04  7.026E-04  5.137E-04  3.646E-04  2.499E-04  1.647E-04  1.035E-04  6.164E-05  3.438E-05  1.774E-05  8.325E-06  3.480E-06  1.259E-06  3.798E-07  9.075E-08  1.600E-08  1.881E-09  1.275E-10  4.002E-12  4.136E-14  7.866E-17  8.349E-21 -3.226E-32
  309.0000  1.738E-02  1.593E-02  1.454E-02  1.321E-02  1.193E-02  1.072E-02  9.571E-03  8.488E-03  7.474E-03  6.529E-03  5.655E-03  4.853E-03  4.121E-03  3.460E-03  2.869E-03  2.346E-03  1.889E-03  1.495E-03  1.160E-03  8.802E-04  6.515E-04  4.685E-04  3.260E-04  2.183E-04  1.398E-04  8.494E-05  4.848E-05  2.568E-05  1.242E-05  5.372E-06  2.023E-06  6.396E-07  1.615E-07  3.041E-08  3.869E-09  2.885E-10  1.016E-11  1.206E-13  2.696E-16  3.438E-20 -1.636E-31
  310.0000  1.932E-02  1.782E-02  1.636E-02  1.495E-02  1.359E-02  1.230E-02  1.106E-02  9.886E-03  8.778E-03  7.738E-03  6.766E-03  5.866E-03  5.037E-03  4.280E-03  3.594E-03  2.980E-03  2.435E-03  1.958E-03  1.546E-03  1.196E-03  9.043E-04  6.656E-04  4.751E-04  3.273E-04  2.164E-04  1.362E-04  8.093E-05  4.485E-05  2.285E-05  1.049E-05  4.234E-06  1.451E-06  4.030E-07  8.496E-08  1.238E-08  1.085E-09  4.639E-11  6.912E-13  1.999E-15  3.348E-19 -2.089E-30
  311.0000  3.439E-02  3.178E-02  2.925E-02  2.681E-02  2.445E-02  2.218E-02  2.002E-02  1.796E-02  1.600E-02  1.416E-02  1.244E-02  1.083E-02  9.346E-03  7.983E-03  6.742E-03  5.624E-03  4.626E-03  3.747E-03  2.982E-03  2.327E-03  1.775E-03  1.320E-03  9.532E-04  6.651E-04  4.459E-04  2.852E-04  1.725E-04  9.754E-05  5.085E-05  2.398E-05  9.981E-06  3.547E-06  1.028E-06  2.282E-07  3.535E-08  3.339E-09  1.564E-10  2.600E-12  8.571E-15  1.674E-18 -1.255E-29
  312.0000  3.305E-02  3.065E-02  2.831E-02  2.604E-02  2.384E-02  2.173E-02  1.969E-02  1.775E-02  1.590E-02  1.414E-02  1.249E-02  1.095E-02  9.507E-03  8.178E-03  6.960E-03  5.853E-03  4.858E-03  3.973E-03  3.195E-03  2.522E-03  1.949E-03  1.470E-03  1.078E-03  7.647E-04  5.225E-04  3.414E-04  2.115E-04  1.229E-04  6.610E-05  3.231E-05  1.402E-05  5.232E-06  1.607E-06  3.817E-07  6.420E-08  6.697E-09  3.533E-10  6.774E-12  2.635E-14  6.192E-18 -5.695E-29
  313.0000  3.968E-02  3.691E-02  3.421E-02  3.158E-02  2.902E-02  2.655E-02  2.417E-02  2.188E-02  1.970E-02  1.762E-02  1.565E-02  1.379E-02  1.205E-02  1.044E-02  8.951E-03  7.588E-03  6.352E-03  5.244E-03  4.261E-03  3.401E-03  2.660E-03  2.033E-03  1.513E-03  1.092E-03  7.597E-04  5.067E-04  3.213E-04  1.917E-04  1.063E-04  5.378E-05  2.430E-05  9.503E-06  3.085E-06  7.833E-07  1.426E-07  1.638E-08  9.699E-10  2.135E-11  9.753E-14  2.745E-17 -3.084E-28
  314.0000  4.484E-02  4.178E-02  3.878E-02  3.585E-02  3.301E-02  3.025E-02  2.759E-02  2.503E-02  2.258E-02  2.024E-02  1.802E-02  1.593E-02  1.396E-02  1.213E-02  1.043E-02  8.876E-03  7.460E-03  6.184E-03  5.048E-03  4.049E-03  3.185E-03  2.449E-03  1.835E-03  1.334E-03  9.358E-04  6.300E-04  4.037E-04  2.438E-04  1.370E-04  7.042E-05  3.241E-05  1.295E-05  4.314E-06  1.129E-06  2.135E-07  2.566E-08  1.608E-09  3.799E-11  1.895E-13  5.958E-17 -7.760E-28
  315.0000  4.911E-02  4.591E-02  4.277E-02  3.969E-02  3.669E-02  3.378E-02  3.095E-02  2.821E-02  2.558E-02  2.306E-02  2.065E-02  1.837E-02  1.621E-02  1.419E-02  1.230E-02  1.055E-02  8.952E-03  7.496E-03  6.186E-03  5.022E-03  4.001E-03  3.121E-03  2.376E-03  1.758E-03  1.258E-03  8.656E-04  5.686E-04  3.532E-04  2.049E-04  1.094E-04  5.253E-05  2.208E-05  7.803E-06  2.193E-06  4.511E-07  6.004E-08  4.254E-09  1.162E-10  6.864E-13  2.601E-16 -4.147E-27
  316.0000  4.071E-02  3.808E-02  3.550E-02  3.297E-02  3.050E-02  2.810E-02  2.577E-02  2.351E-02  2.134E-02  1.926E-02  1.727E-02  1.537E-02  1.359E-02  1.191E-02  1.034E-02  8.885E-03  7.549E-03  6.333E-03  5.237E-03  4.261E-03  3.404E-03  2.662E-03  2.033E-03  1.509E-03  1.084E-03  7.490E-04  4.944E-04  3.088E-04  1.803E-04  9.691E-05  4.695E-05  1.993E-05  7.132E-06  2.034E-06  4.262E-07  5.806E-08  4.239E-09  1.205E-10  7.516E-13  3.083E-16 -5.556E-27
  317.0000  6.452E-02  6.050E-02  5.655E-02  5.267E-02  4.887E-02  4.517E-02  4.156E-02  3.806E-02  3.467E-02  3.142E-02  2.829E-02  2.531E-02  2.248E-02  1.981E-02  1.730E-02  1.496E-02  1.280E-02  1.082E-02  9.016E-03  7.401E-03  5.969E-03  4.718E-03  3.645E-03  2.741E-03  1.998E-03  1.403E-03  9.434E-04  6.016E-04  3.597E-04  1.987E-04  9.939E-05  4.380E-05  1.638E-05  4.922E-06  1.099E-06  1.615E-07  1.294E-08  4.110E-10  2.921E-12  1.392E-15 -2.979E-26
  318.0000  5.771E-02  5.415E-02  5.065E-02  4.720E-02  4.383E-02  4.053E-02  3.732E-02  3.420E-02  3.119E-02  2.828E-02  2.550E-02  2.283E-02  2.030E-02  1.791E-02  1.566E-02  1.356E-02  1.162E-02  9.836E-03  8.215E-03  6.756E-03  5.461E-03  4.327E-03  3.351E-03  2.527E-03  1.848E-03  1.303E-03  8.796E-04  5.636E-04  3.389E-04  1.884E-04  9.494E-05  4.221E-05  1.595E-05  4.858E-06  1.102E-06  1.654E-07  1.361E-08  4.482E-10  3.349E-12  1.718E-15 -4.130E-26
  319.0000  6.888E-02  6.481E-02  6.080E-02  5.684E-02  5.296E-02  4.915E-02  4.543E-02  4.180E-02  3.828E-02  3.487E-02  3.159E-02  2.844E-02  2.543E-02  2.257E-02  1.986E-02  1.733E-02  1.496E-02  1.277E-02  1.076E-02  8.936E-03  7.301E-03  5.854E-03  4.594E-03  3.516E-03  2.613E-03  1.876E-03  1.293E-03  8.479E-04  5.236E-04  3.002E-04  1.567E-04  7.266E-05  2.884E-05  9.314E-06  2.267E-06  3.704E-07  3.376E-08  1.257E-09  1.083E-11  6.514E-15 -1.869E-25
  320.0000  7.730E-02  7.268E-02  6.813E-02  6.365E-02  5.925E-02  5.494E-02  5.073E-02  4.664E-02  4.267E-02  3.883E-02  3.513E-02  3.159E-02  2.820E-02  2.499E-02  2.197E-02  1.913E-02  1.648E-02  1.404E-02  1.181E-02  9.782E-03  7.972E-03  6.374E-03  4.986E-03  3.803E-03  2.816E-03  2.013E-03  1.381E-03  9.006E-04  5.528E-04  3.147E-04  1.630E-04  7.489E-05  2.942E-05  9.388E-06  2.255E-06  3.631E-07  3.260E-08  1.199E-09  1.032E-11  6.360E-15 -1.974E-25
  321.0000  8.491E-02  8.007E-02  7.529E-02  7.056E-02  6.591E-02  6.134E-02  5.687E-02  5.250E-02  4.824E-02  4.410E-02  4.011E-02  3.625E-02  3.256E-02  2.904E-02  2.569E-02  2.253E-02  1.957E-02  1.681E-02  1.427E-02  1.194E-02  9.841E-03  7.965E-03  6.316E-03  4.889E-03  3.681E-03  2.681E-03  1.878E-03  1.255E-03  7.917E-04  4.651E-04  2.500E-04  1.198E-04  4.952E-05  1.678E-05  4.332E-06  7.610E-07  7.589E-08  3.163E-09  3.145E-11  2.276E-14 -8.411E-25
  322.0000  8.572E-02  8.083E-02  7.599E-02  7.121E-02  6.651E-02  6.189E-02  5.737E-02  5.295E-02  4.865E-02  4.447E-02  4.043E-02  3.654E-02  3.281E-02  2.925E-02  2.588E-02  2.269E-02  1.970E-02  1.692E-02  1.435E-02  1.201E-02  9.895E-03  8.006E-03  6.345E-03  4.910E-03  3.694E-03  2.690E-03  1.883E-03  1.257E-03  7.926E-04  4.653E-04  2.499E-04  1.197E-04  4.944E-05  1.675E-05  4.325E-06  7.610E-07  7.621E-08  3.208E-09  3.259E-11  2.468E-14 -1.000E-24
  323.0000  7.658E-02  7.225E-02  6.797E-02  6.374E-02  5.958E-02  5.548E-02  5.147E-02  4.755E-02  4.372E-02  4.001E-02  3.641E-02  3.295E-02  2.962E-02  2.644E-02  2.342E-02  2.057E-02  1.789E-02  1.539E-02  1.309E-02  1.097E-02  9.061E-03  7.350E-03  5.842E-03  4.535E-03  3.425E-03  2.504E-03  1.761E-03  1.182E-03  7.496E-04  4.432E-04  2.399E-04  1.161E-04  4.850E-05  1.666E-05  4.379E-06  7.876E-07  8.114E-08  3.545E-09  3.786E-11  3.076E-14 -1.387E-24
  324.0000  9.360E-02  8.851E-02  8.347E-02  7.847E-02  7.354E-02  6.868E-02  6.391E-02  5.923E-02  5.465E-02  5.019E-02  4.586E-02  4.167E-02  3.763E-02  3.376E-02  3.006E-02  2.655E-02  2.323E-02  2.012E-02  1.723E-02  1.456E-02  1.213E-02  9.931E-03  7.977E-03  6.265E-03  4.793E-03  3.555E-03  2.542E-03  1.738E-03  1.126E-03  6.823E-04  3.801E-04  1.901E-04  8.263E-05  2.976E-05  8.276E-06  1.594E-06  1.784E-07  8.607E-09  1.033E-10  9.602E-14 -5.050E-24
  325.0000  9.854E-02  9.310E-02  8.772E-02  8.239E-02  7.714E-02  7.197E-02  6.689E-02  6.192E-02  5.706E-02  5.234E-02  4.776E-02  4.333E-02  3.906E-02  3.498E-02  3.109E-02  2.740E-02  2.392E-02  2.067E-02  1.765E-02  1.488E-02  1.235E-02  1.008E-02  8.066E-03  6.309E-03  4.804E-03  3.545E-03  2.520E-03  1.712E-03  1.101E-03  6.614E-04  3.649E-04  1.805E-04  7.744E-05  2.748E-05  7.513E-06  1.420E-06  1.557E-07  7.379E-09  8.776E-11  8.275E-14 -4.650E-24
  326.0000  1.344E-01  1.272E-01  1.200E-01  1.129E-01  1.058E-01  9.890E-02  9.209E-02  8.541E-02  7.887E-02  7.250E-02  6.630E-02  6.030E-02  5.451E-02  4.895E-02  4.364E-02  3.859E-02  3.382E-02  2.933E-02  2.516E-02  2.130E-02  1.778E-02  1.459E-02  1.175E-02  9.254E-03  7.102E-03  5.286E-03  3.794E-03  2.607E-03  1.698E-03  1.035E-03  5.810E-04  2.932E-04  1.289E-04  4.705E-05  1.332E-05  2.625E-06  3.034E-07  1.533E-08  1.972E-10  2.048E-13 -1.302E-23
  327.0000  1.342E-01  1.271E-01  1.200E-01  1.131E-01  1.061E-01  9.932E-02  9.261E-02  8.602E-02  7.956E-02  7.325E-02  6.711E-02  6.116E-02  5.540E-02  4.986E-02  4.456E-02  3.950E-02  3.471E-02  3.020E-02  2.599E-02  2.209E-02  1.850E-02  1.525E-02  1.234E-02  9.773E-03  7.546E-03  5.655E-03  4.090E-03  2.834E-03  1.864E-03  1.150E-03  6.539E-04  3.353E-04  1.501E-04  5.605E-05  1.630E-05  3.324E-06  4.004E-07  2.132E-08  2.930E-10  3.312E-13 -2.363E-23
  328.0000  1.280E-01  1.212E-01  1.144E-01  1.077E-01  1.010E-01  9.446E-02  8.801E-02  8.167E-02  7.547E-02  6.943E-02  6.354E-02  5.784E-02  5.233E-02  4.704E-02  4.198E-02  3.716E-02  3.260E-02  2.832E-02  2.433E-02  2.063E-02  1.725E-02  1.418E-02  1.145E-02  9.036E-03  6.953E-03  5.191E-03  3.739E-03  2.579E-03  1.688E-03  1.035E-03  5.845E-04  2.974E-04  1.319E-04  4.877E-05  1.402E-05  2.824E-06  3.360E-07  1.771E-08  2.432E-10  2.807E-13 -2.143E-23
  329.0000  1.393E-01  1.320E-01  1.248E-01  1.177E-01  1.106E-01  1.036E-01  9.677E-02  9.000E-02  8.337E-02  7.688E-02  7.056E-02  6.441E-02  5.846E-02  5.273E-02  4.723E-02  4.197E-02  3.698E-02  3.227E-02  2.785E-02  2.375E-02  1.998E-02  1.654E-02  1.344E-02  1.070E-02  8.307E-03  6.266E-03  4.565E-03  3.190E-03  2.119E-03  1.321E-03  7.614E-04  3.965E-04  1.809E-04  6.911E-05  2.068E-05  4.371E-06  5.518E-07  3.126E-08  4.681E-10  5.991E-13 -5.183E-23
  330.0000  1.635E-01  1.550E-01  1.467E-01  1.383E-01  1.301E-01  1.219E-01  1.139E-01  1.060E-01  9.826E-02  9.068E-02  8.328E-02  7.609E-02  6.912E-02  6.239E-02  5.593E-02  4.976E-02  4.389E-02  3.835E-02  3.315E-02  2.831E-02  2.385E-02  1.977E-02  1.611E-02  1.285E-02  1.000E-02  7.563E-03  5.528E-03  3.877E-03  2.585E-03  1.620E-03  9.389E-04  4.922E-04  2.264E-04  8.735E-05  2.647E-05  5.683E-06  7.325E-07  4.268E-08  6.650E-10  9.030E-13 -8.590E-23
  331.0000  1.392E-01  1.319E-01  1.248E-01  1.176E-01  1.106E-01  1.036E-01  9.675E-02  9.000E-02  8.338E-02  7.690E-02  7.058E-02  6.445E-02  5.851E-02  5.278E-02  4.728E-02  4.203E-02  3.704E-02  3.233E-02  2.792E-02  2.381E-02  2.004E-02  1.659E-02  1.349E-02  1.075E-02  8.350E-03  6.303E-03  4.596E-03  3.216E-03  2.139E-03  1.336E-03  7.714E-04  4.028E-04  1.844E-04  7.081E-05  2.134E-05  4.559E-06  5.853E-07  3.409E-08  5.357E-10  7.489E-13 -7.644E-23
  332.0000  1.431E-01  1.358E-01  1.285E-01  1.213E-01  1.142E-01  1.071E-01  1.002E-01  9.332E-02  8.659E-02  8.000E-02  7.356E-02  6.729E-02  6.121E-02  5.534E-02  4.969E-02  4.429E-02  3.914E-02  3.427E-02  2.969E-02  2.542E-02  2.147E-02  1.786E-02  1.459E-02  1.168E-02  9.132E-03  6.940E-03  5.099E-03  3.598E-03  2.417E-03  1.527E-03  8.934E-04  4.738E-04  2.210E-04  8.676E-05  2.687E-05  5.933E-06  7.936E-07  4.864E-08  8.150E-10  1.235E-12 -1.404E-22
  333.0000  1.535E-01  1.457E-01  1.380E-01  1.304E-01  1.228E-01  1.153E-01  1.078E-01  1.005E-01  9.337E-02  8.633E-02  7.945E-02  7.276E-02  6.625E-02  5.997E-02  5.391E-02  4.811E-02  4.257E-02  3.733E-02  3.240E-02  2.779E-02  2.352E-02  1.960E-02  1.606E-02  1.289E-02  1.011E-02  7.708E-03  5.686E-03  4.030E-03  2.721E-03  1.729E-03  1.019E-03  5.448E-04  2.566E-04  1.020E-04  3.204E-05  7.209E-06  9.877E-07  6.248E-08  1.093E-09  1.760E-12 -2.195E-22
  334.0000  1.382E-01  1.312E-01  1.243E-01  1.173E-01  1.105E-01  1.037E-01  9.700E-02  9.040E-02  8.392E-02  7.756E-02  7.136E-02  6.532E-02  5.945E-02  5.378E-02  4.833E-02  4.310E-02  3.812E-02  3.341E-02  2.897E-02  2.483E-02  2.100E-02  1.749E-02  1.431E-02  1.148E-02  8.988E-03  6.845E-03  5.041E-03  3.567E-03  2.404E-03  1.525E-03  8.963E-04  4.780E-04  2.245E-04  8.895E-05  2.787E-05  6.256E-06  8.563E-07  5.434E-08  9.616E-10  1.598E-12 -2.137E-22
  335.0000  1.593E-01  1.514E-01  1.435E-01  1.356E-01  1.278E-01  1.201E-01  1.125E-01  1.049E-01  9.754E-02  9.028E-02  8.318E-02  7.626E-02  6.953E-02  6.301E-02  5.673E-02  5.071E-02  4.495E-02  3.949E-02  3.434E-02  2.952E-02  2.504E-02  2.093E-02  1.720E-02  1.385E-02  1.090E-02  8.349E-03  6.189E-03  4.410E-03  2.996E-03  1.918E-03  1.140E-03  6.161E-04  2.939E-04  1.186E-04  3.802E-05  8.774E-06  1.244E-06  8.245E-08  1.543E-09  2.755E-12 -4.070E-22
  336.0000  1.370E-01  1.302E-01  1.235E-01  1.167E-01  1.101E-01  1.035E-01  9.695E-02  9.052E-02  8.418E-02  7.796E-02  7.188E-02  6.594E-02  6.017E-02  5.458E-02  4.918E-02  4.400E-02  3.905E-02  3.434E-02  2.990E-02  2.573E-02  2.187E-02  1.831E-02  1.507E-02  1.216E-02  9.593E-03  7.364E-03  5.474E-03  3.914E-03  2.669E-03  1.716E-03  1.025E-03  5.575E-04  2.679E-04  1.091E-04  3.537E-05  8.283E-06  1.196E-06  8.138E-08  1.578E-09  2.974E-12 -4.783E-22
  337.0000  1.319E-01  1.253E-01  1.188E-01  1.123E-01  1.059E-01  9.956E-02  9.327E-02  8.707E-02  8.096E-02  7.497E-02  6.911E-02  6.339E-02  5.784E-02  5.245E-02  4.725E-02  4.227E-02  3.750E-02  3.297E-02  2.870E-02  2.469E-02  2.098E-02  1.756E-02  1.445E-02  1.165E-02  9.189E-03  7.051E-03  5.238E-03  3.743E-03  2.551E-03  1.640E-03  9.789E-04  5.319E-04  2.554E-04  1.040E-04  3.372E-05  7.906E-06  1.146E-06  7.853E-08  1.549E-09  3.021E-12 -5.214E-22
  338.0000  1.494E-01  1.421E-01  1.348E-01  1.275E-01  1.203E-01  1.131E-01  1.060E-01  9.901E-02  9.212E-02  8.536E-02  7.875E-02  7.229E-02  6.600E-02  5.991E-02  5.402E-02  4.837E-02  4.296E-02  3.782E-02  3.296E-02  2.841E-02  2.417E-02  2.026E-02  1.670E-02  1.351E-02  1.067E-02  8.212E-03  6.120E-03  4.389E-03  3.003E-03  1.939E-03  1.164E-03  6.367E-04  3.082E-04  1.267E-04  4.158E-05  9.897E-06  1.463E-06  1.030E-07  2.106E-09  4.334E-12 -8.130E-22
  339.0000  1.602E-01  1.524E-01  1.446E-01  1.369E-01  1.292E-01  1.216E-01  1.140E-01  1.066E-01  9.926E-02  9.206E-02  8.499E-02  7.809E-02  7.138E-02  6.486E-02  5.856E-02  5.249E-02  4.669E-02  4.116E-02  3.593E-02  3.102E-02  2.644E-02  2.222E-02  1.836E-02  1.489E-02  1.180E-02  9.109E-03  6.814E-03  4.907E-03  3.375E-03  2.192E-03  1.325E-03  7.302E-04  3.569E-04  1.484E-04  4.941E-05  1.198E-05  1.811E-06  1.314E-07  2.798E-09  6.093E-12 -1.245E-21
  340.0000  1.826E-01  1.737E-01  1.649E-01  1.561E-01  1.473E-01  1.386E-01  1.301E-01  1.216E-01  1.132E-01  1.050E-01  9.700E-02  8.914E-02  8.149E-02  7.407E-02  6.689E-02  5.998E-02  5.337E-02  4.706E-02  4.110E-02  3.550E-02  3.027E-02  2.545E-02  2.104E-02  1.707E-02  1.354E-02  1.046E-02  7.831E-03  5.646E-03  3.888E-03  2.529E-03  1.531E-03  8.458E-04  4.145E-04  1.730E-04  5.788E-05  1.412E-05  2.157E-06  1.587E-07  3.462E-09  7.851E-12 -1.725E-21
  341.0000  1.622E-01  1.544E-01  1.466E-01  1.388E-01  1.311E-01  1.234E-01  1.158E-01  1.083E-01  1.009E-01  9.368E-02  8.656E-02  7.960E-02  7.282E-02  6.623E-02  5.986E-02  5.372E-02  4.784E-02  4.223E-02  3.692E-02  3.192E-02  2.726E-02  2.294E-02  1.900E-02  1.544E-02  1.227E-02  9.502E-03  7.132E-03  5.156E-03  3.562E-03  2.326E-03  1.415E-03  7.857E-04  3.876E-04  1.631E-04  5.509E-05  1.361E-05  2.115E-06  1.592E-07  3.588E-09  8.544E-12 -2.030E-21
  342.0000  1.674E-01  1.594E-01  1.513E-01  1.434E-01  1.355E-01  1.276E-01  1.198E-01  1.121E-01  1.045E-01  9.705E-02  8.973E-02  8.256E-02  7.558E-02  6.879E-02  6.222E-02  5.589E-02  4.982E-02  4.402E-02  3.853E-02  3.336E-02  2.852E-02  2.405E-02  1.995E-02  1.624E-02  1.293E-02  1.004E-02  7.553E-03  5.477E-03  3.797E-03  2.489E-03  1.521E-03  8.496E-04  4.219E-04  1.790E-04  6.111E-05  1.530E-05  2.419E-06  1.865E-07  4.343E-09  1.086E-11 -2.790E-21
  343.0000  1.779E-01  1.694E-01  1.609E-01  1.525E-01  1.441E-01  1.358E-01  1.275E-01  1.193E-01  1.113E-01  1.034E-01  9.563E-02  8.803E-02  8.062E-02  7.341E-02  6.644E-02  5.971E-02  5.325E-02  4.709E-02  4.124E-02  3.573E-02  3.058E-02  2.580E-02  2.143E-02  1.746E-02  1.393E-02  1.082E-02  8.159E-03  5.928E-03  4.118E-03  2.707E-03  1.659E-03  9.303E-04  4.641E-04  1.980E-04  6.810E-05  1.722E-05  2.757E-06  2.165E-07  5.181E-09  1.353E-11 -3.737E-21
  344.0000  1.459E-01  1.390E-01  1.320E-01  1.251E-01  1.183E-01  1.114E-01  1.047E-01  9.799E-02  9.140E-02  8.491E-02  7.855E-02  7.232E-02  6.624E-02  6.033E-02  5.461E-02  4.909E-02  4.379E-02  3.873E-02  3.393E-02  2.941E-02  2.517E-02  2.125E-02  1.765E-02  1.439E-02  1.149E-02  8.932E-03  6.738E-03  4.900E-03  3.407E-03  2.242E-03  1.376E-03  7.731E-04  3.866E-04  1.654E-04  5.712E-05  1.452E-05  2.345E-06  1.866E-07  4.563E-09  1.237E-11 -3.661E-21
  345.0000  1.647E-01  1.569E-01  1.491E-01  1.414E-01  1.337E-01  1.260E-01  1.184E-01  1.109E-01  1.035E-01  9.624E-02  8.908E-02  8.207E-02  7.522E-02  6.857E-02  6.211E-02  5.589E-02  4.990E-02  4.419E-02  3.875E-02  3.363E-02  2.883E-02  2.437E-02  2.028E-02  1.657E-02  1.325E-02  1.033E-02  7.813E-03  5.699E-03  3.977E-03  2.628E-03  1.621E-03  9.158E-04  4.612E-04  1.990E-04  6.946E-05  1.790E-05  2.942E-06  2.397E-07  6.056E-09  1.723E-11 -5.493E-21
  346.0000  1.696E-01  1.616E-01  1.536E-01  1.456E-01  1.377E-01  1.298E-01  1.220E-01  1.143E-01  1.067E-01  9.923E-02  9.187E-02  8.466E-02  7.762E-02  7.077E-02  6.413E-02  5.772E-02  5.156E-02  4.568E-02  4.008E-02  3.480E-02  2.985E-02  2.525E-02  2.103E-02  1.719E-02  1.376E-02  1.073E-02  8.129E-03  5.937E-03  4.150E-03  2.747E-03  1.698E-03  9.618E-04  4.859E-04  2.106E-04  7.387E-05  1.918E-05  3.184E-06  2.633E-07  6.811E-09  2.014E-11 -6.880E-21
  347.0000  1.843E-01  1.757E-01  1.670E-01  1.584E-01  1.498E-01  1.413E-01  1.329E-01  1.245E-01  1.163E-01  1.082E-01  1.002E-01  9.238E-02  8.474E-02  7.731E-02  7.010E-02  6.313E-02  5.643E-02  5.002E-02  4.393E-02  3.817E-02  3.278E-02  2.776E-02  2.314E-02  1.895E-02  1.518E-02  1.187E-02  9.006E-03  6.592E-03  4.619E-03  3.067E-03  1.903E-03  1.082E-03  5.495E-04  2.396E-04  8.475E-05  2.223E-05  3.742E-06  3.155E-07  8.391E-09  2.590E-11 -9.492E-21
  348.0000  1.622E-01  1.547E-01  1.471E-01  1.395E-01  1.320E-01  1.246E-01  1.172E-01  1.098E-01  1.026E-01  9.548E-02  8.847E-02  8.161E-02  7.490E-02  6.837E-02  6.202E-02  5.589E-02  5.000E-02  4.435E-02  3.898E-02  3.390E-02  2.914E-02  2.470E-02  2.062E-02  1.690E-02  1.357E-02  1.062E-02  8.074E-03  5.923E-03  4.161E-03  2.771E-03  1.725E-03  9.850E-04  5.027E-04  2.206E-04  7.863E-05  2.083E-05  3.555E-06  3.053E-07  8.347E-09  2.687E-11 -1.055E-20
  349.0000  1.682E-01  1.604E-01  1.526E-01  1.448E-01  1.370E-01  1.293E-01  1.217E-01  1.141E-01  1.066E-01  9.926E-02  9.202E-02  8.491E-02  7.797E-02  7.120E-02  6.463E-02  5.828E-02  5.216E-02  4.631E-02  4.073E-02  3.545E-02  3.050E-02  2.588E-02  2.163E-02  1.775E-02  1.427E-02  1.119E-02  8.519E-03  6.263E-03  4.410E-03  2.944E-03  1.839E-03  1.054E-03  5.406E-04  2.386E-04  8.569E-05  2.293E-05  3.963E-06  3.466E-07  9.730E-09  3.263E-11 -1.372E-20
  350.0000  1.963E-01  1.872E-01  1.781E-01  1.691E-01  1.601E-01  1.511E-01  1.422E-01  1.334E-01  1.247E-01  1.161E-01  1.077E-01  9.939E-02  9.130E-02  8.341E-02  7.575E-02  6.833E-02  6.120E-02  5.436E-02  4.784E-02  4.167E-02  3.587E-02  3.047E-02  2.548E-02  2.094E-02  1.685E-02  1.323E-02  1.009E-02  7.429E-03  5.242E-03  3.508E-03  2.197E-03  1.264E-03  6.507E-04  2.887E-04  1.043E-04  2.816E-05  4.924E-06  4.379E-07  1.260E-08  4.394E-11 -1.973E-20
------------------------------------------------------------
