Spectral Irradiance, W m-2 nm-1
values at z =      3.233 km
Columns: wavelength (nm), solar zenith angles (deg.)
    wc, nm     50.000     51.000     52.000     53.000     54.000     55.000     56.000     57.000     58.000     59.000     60.000     61.000     62.000     63.000     64.000     65.000     66.000     67.000     68.000     69.000     70.000     71.000     72.000     73.000     74.000     75.000     76.000     77.000     78.000     79.000     80.000     81.000     82.000     83.000     84.000     85.000     86.000     87.000     88.000     89.000     90.000
  280.0000  0.000E+00  0.000E+00  0.000E+00  0.000E+00  0.000E+00  0.000E+00  0.000E+00  0.000E+00  0.000E+00  0.000E+00  0.000E+00  0.000E+00  0.000E+00  0.000E+00  0.000E+00  0.000E+00  0.000E+00  0.000E+00  0.000E+00  0.000E+00  0.000E+00  0.000E+00  0.000E+00  0.000E+00  0.000E+00  0.000E+00  0.000E+00  0.000E+00  0.000E+00  0.000E+00  0.000E+00  0.000E+00  0.000E+00  0.000E+00  0.000E+00  0.000E+00  0.000E+00  0.000E+00  0.000E+00  0.000E+00  0.000E+00
  281.0000  0.000E+00  0.000E+00  0.000E+00  0.000E+00  0.000E+00  0.000E+00  0.000E+00  0.000E+00  0.000E+00  0.000E+00  0.000E+00  0.000E+00  0.000E+00  0.000E+00  0.000E+00  0.000E+00  0.000E+00  0.000E+00  0.000E+00  0.000E+00  0.000E+00  0.000E+00  0.000E+00  0.000E+00  0.000E+00  0.000E+00  0.000E+00  0.000E+00  0.000E+00  0.000E+00  0.000E+00  0.000E+00  0.000E+00  0.000E+00  0.000E+00  0.000E+00  0.000E+00  0.000E+00  0.000E+00  0.000E+00  0.000E+00
  282.0000  0.000E+00  0.000E+00  0.000E+00  0.000E+00  0.000E+00  0.000E+00  0.000E+00  0.000E+00  0.000E+00  0.000E+00  0.000E+00  0.000E+00  0.000E+00  0.000E+00  0.000E+00  0.000E+00  0.000E+00  0.000E+00  0.000E+00  0.000E+00  0.000E+00  0.000E+00  0.000E+00  0.000E+00  0.000E+00  0.000E+00  0.000E+00  0.000E+00  0.000E+00  0.000E+00  0.000E+00  0.000E+00  0.000E+00  0.000E+00  0.000E+00  0.000E+00  0.000E+00  0.000E+00  0.000E+00  0.000E+00  0.000E+00
  283.0000  0.000E+00  0.000E+00  0.000E+00  0.000E+00  0.000E+00  0.000E+00  0.000E+00  0.000E+00  0.000E+00  0.000E+00  0.000E+00  0.000E+00  0.000E+00  0.000E+00  0.000E+00  0.000E+00  0.000E+00  0.000E+00  0.000E+00  0.000E+00  0.000E+00  0.000E+00  0.000E+00  0.000E+00  0.000E+00  0.000E+00  0.000E+00  0.000E+00  0.000E+00  0.000E+00  0.000E+00  0.000E+00  0.000E+00  0.000E+00  0.000E+00  0.000E+00  0.000E+00  0.000E+00  0.000E+00  0.000E+00  0.000E+00
  284.0000  0.000E+00  0.000E+00  0.000E+00  0.000E+00  0.000E+00  0.000E+00  0.000E+00  0.000E+00  0.000E+00  0.000E+00  0.000E+00  0.000E+00  0.000E+00  0.000E+00  0.000E+00  0.000E+00  0.000E+00  0.000E+00  0.000E+00  0.000E+00  0.000E+00  0.000E+00  0.000E+00  0.000E+00  0.000E+00  0.000E+00  0.000E+00  0.000E+00  0.000E+00  0.000E+00  0.000E+00  0.000E+00  0.000E+00  0.000E+00  0.000E+00  0.000E+00  0.000E+00  0.000E+00  0.000E+00  0.000E+00  0.000E+00
  285.0000  0.000E+00  0.000E+00  0.000E+00  0.000E+00  0.000E+00  0.000E+00  0.000E+00  0.000E+00  0.000E+00  0.000E+00  0.000E+00  0.000E+00  0.000E+00  0.000E+00  0.000E+00  0.000E+00  0.000E+00  0.000E+00  0.000E+00  0.000E+00  0.000E+00  0.000E+00  0.000E+00  0.000E+00  0.000E+00  0.000E+00  0.000E+00  0.000E+00  0.000E+00  0.000E+00  0.000E+00  0.000E+00  0.000E+00  0.000E+00  0.000E+00  0.000E+00  0.000E+00  0.000E+00  0.000E+00  0.000E+00  0.000E+00
  286.0000  0.000E+00  0.000E+00  0.000E+00  0.000E+00  0.000E+00  0.000E+00  0.000E+00  0.000E+00  0.000E+00  0.000E+00  0.000E+00  0.000E+00  0.000E+00  0.000E+00  0.000E+00  0.000E+00  0.000E+00  0.000E+00  0.000E+00  0.000E+00  0.000E+00  0.000E+00  0.000E+00  0.000E+00  0.000E+00  0.000E+00  0.000E+00  0.000E+00  0.000E+00  0.000E+00  0.000E+00  0.000E+00  0.000E+00  0.000E+00  0.000E+00  0.000E+00  0.000E+00  0.000E+00  0.000E+00  0.000E+00  0.000E+00
  287.0000  8.170E-08  5.873E-08  4.149E-08  2.877E-08  1.957E-08  1.304E-08  8.498E-09  5.414E-09  3.371E-09  2.073E-09  1.188E-09  7.005E-10  4.023E-10  2.284E-10  1.299E-10  7.582E-11  4.648E-11  3.055E-11  2.171E-11  1.655E-11  1.331E-11  1.111E-11  9.503E-12  8.260E-12  7.261E-12  6.435E-12  5.739E-12  5.141E-12  4.621E-12  4.162E-12  3.752E-12  3.381E-12  3.041E-12  2.726E-12  2.431E-12  2.150E-12  1.880E-12  1.616E-12  1.357E-12  1.099E-12  8.483E-13
  288.0000  4.052E-07  3.030E-07  2.231E-07  1.617E-07  1.152E-07  8.059E-08  5.532E-08  3.722E-08  2.454E-08  1.579E-08  9.818E-09  6.154E-09  3.765E-09  2.269E-09  1.359E-09  8.223E-10  5.112E-10  3.328E-10  2.302E-10  1.699E-10  1.327E-10  1.083E-10  9.116E-11  7.833E-11  6.826E-11  6.007E-11  5.323E-11  4.742E-11  4.241E-11  3.801E-11  3.411E-11  3.062E-11  2.744E-11  2.451E-11  2.178E-11  1.921E-11  1.675E-11  1.437E-11  1.204E-11  9.735E-12  7.512E-12
  289.0000  2.399E-06  1.844E-06  1.399E-06  1.045E-06  7.694E-07  5.572E-07  3.967E-07  2.774E-07  1.904E-07  1.296E-07  8.324E-08  5.448E-08  3.487E-08  2.196E-08  1.369E-08  8.544E-09  5.411E-09  3.533E-09  2.413E-09  1.742E-09  1.328E-09  1.061E-09  8.791E-10  7.468E-10  6.452E-10  5.641E-10  4.972E-10  4.408E-10  3.924E-10  3.503E-10  3.132E-10  2.800E-10  2.501E-10  2.228E-10  1.974E-10  1.737E-10  1.511E-10  1.293E-10  1.081E-10  8.728E-11  6.729E-11
  290.0000  1.206E-05  9.517E-06  7.418E-06  5.708E-06  4.332E-06  3.240E-06  2.386E-06  1.729E-06  1.233E-06  8.586E-07  5.855E-07  3.993E-07  2.667E-07  1.752E-07  1.136E-07  7.334E-08  4.758E-08  3.140E-08  2.136E-08  1.516E-08  1.130E-08  8.816E-09  7.158E-09  5.989E-09  5.117E-09  4.436E-09  3.883E-09  3.423E-09  3.032E-09  2.694E-09  2.398E-09  2.136E-09  1.900E-09  1.686E-09  1.489E-09  1.306E-09  1.133E-09  9.673E-10  8.068E-10  6.502E-10  5.006E-10
  291.0000  3.577E-05  2.882E-05  2.297E-05  1.809E-05  1.407E-05  1.081E-05  8.181E-06  6.104E-06  4.487E-06  3.249E-06  2.277E-06  1.605E-06  1.110E-06  7.551E-07  5.064E-07  3.369E-07  2.239E-07  1.500E-07  1.024E-07  7.208E-08  5.280E-08  4.038E-08  3.214E-08  2.645E-08  2.232E-08  1.916E-08  1.666E-08  1.459E-08  1.286E-08  1.137E-08  1.008E-08  8.939E-09  7.923E-09  7.006E-09  6.167E-09  5.391E-09  4.663E-09  3.971E-09  3.304E-09  2.657E-09  2.043E-09
  292.0000  1.156E-04  9.566E-05  7.838E-05  6.357E-05  5.100E-05  4.045E-05  3.169E-05  2.452E-05  1.871E-05  1.397E-05  1.033E-05  7.593E-06  5.489E-06  3.904E-06  2.736E-06  1.897E-06  1.306E-06  8.990E-07  6.229E-07  4.387E-07  3.170E-07  2.368E-07  1.834E-07  1.471E-07  1.214E-07  1.025E-07  8.792E-08  7.626E-08  6.662E-08  5.848E-08  5.148E-08  4.536E-08  3.997E-08  3.514E-08  3.077E-08  2.677E-08  2.305E-08  1.954E-08  1.620E-08  1.299E-08  9.960E-09
  293.0000  2.485E-04  2.089E-04  1.741E-04  1.438E-04  1.175E-04  9.510E-05  7.610E-05  6.018E-05  4.702E-05  3.627E-05  2.732E-05  2.060E-05  1.530E-05  1.119E-05  8.063E-06  5.743E-06  4.054E-06  2.847E-06  2.001E-06  1.419E-06  1.023E-06  7.559E-07  5.761E-07  4.536E-07  3.681E-07  3.063E-07  2.598E-07  2.234E-07  1.938E-07  1.691E-07  1.481E-07  1.299E-07  1.139E-07  9.971E-08  8.696E-08  7.535E-08  6.465E-08  5.464E-08  4.515E-08  3.610E-08  2.763E-08
  294.0000  6.358E-04  5.452E-04  4.639E-04  3.915E-04  3.275E-04  2.715E-04  2.229E-04  1.811E-04  1.456E-04  1.147E-04  9.003E-05  7.009E-05  5.384E-05  4.076E-05  3.041E-05  2.242E-05  1.636E-05  1.183E-05  8.518E-06  6.134E-06  4.447E-06  3.270E-06  2.455E-06  1.891E-06  1.499E-06  1.220E-06  1.015E-06  8.600E-07  7.374E-07  6.373E-07  5.535E-07  4.819E-07  4.197E-07  3.650E-07  3.163E-07  2.725E-07  2.325E-07  1.955E-07  1.608E-07  1.280E-07  9.763E-08
  295.0000  1.245E-03  1.083E-03  9.347E-04  8.010E-04  6.810E-04  5.743E-04  4.800E-04  3.974E-04  3.259E-04  2.651E-04  2.105E-04  1.676E-04  1.318E-04  1.023E-04  7.825E-05  5.916E-05  4.422E-05  3.273E-05  2.405E-05  1.759E-05  1.288E-05  9.493E-06  7.089E-06  5.396E-06  4.206E-06  3.362E-06  2.751E-06  2.296E-06  1.946E-06  1.666E-06  1.436E-06  1.242E-06  1.075E-06  9.298E-07  8.014E-07  6.868E-07  5.831E-07  4.880E-07  3.998E-07  3.171E-07  2.411E-07
  296.0000  3.289E-03  2.905E-03  2.550E-03  2.224E-03  1.927E-03  1.657E-03  1.413E-03  1.196E-03  1.004E-03  8.332E-04  6.821E-04  5.572E-04  4.505E-04  3.597E-04  2.835E-04  2.209E-04  1.701E-04  1.297E-04  9.786E-05  7.330E-05  5.465E-05  4.071E-05  3.046E-05  2.302E-05  1.767E-05  1.383E-05  1.107E-05  9.044E-06  7.523E-06  6.345E-06  5.401E-06  4.624E-06  3.967E-06  3.402E-06  2.909E-06  2.474E-06  2.085E-06  1.733E-06  1.411E-06  1.113E-06  8.420E-07
  297.0000  3.641E-03  3.251E-03  2.886E-03  2.548E-03  2.235E-03  1.947E-03  1.685E-03  1.447E-03  1.233E-03  1.035E-03  8.671E-04  7.209E-04  5.938E-04  4.834E-04  3.889E-04  3.094E-04  2.434E-04  1.894E-04  1.459E-04  1.113E-04  8.433E-05  6.359E-05  4.791E-05  3.623E-05  2.766E-05  2.141E-05  1.687E-05  1.355E-05  1.110E-05  9.228E-06  7.766E-06  6.585E-06  5.605E-06  4.773E-06  4.055E-06  3.426E-06  2.870E-06  2.372E-06  1.920E-06  1.507E-06  1.135E-06
  298.0000  9.329E-03  8.429E-03  7.578E-03  6.778E-03  6.028E-03  5.330E-03  4.684E-03  4.089E-03  3.544E-03  3.034E-03  2.588E-03  2.194E-03  1.845E-03  1.535E-03  1.263E-03  1.029E-03  8.294E-04  6.614E-04  5.219E-04  4.076E-04  3.154E-04  2.421E-04  1.849E-04  1.409E-04  1.076E-04  8.267E-05  6.425E-05  5.068E-05  4.066E-05  3.316E-05  2.743E-05  2.293E-05  1.928E-05  1.625E-05  1.368E-05  1.146E-05  9.513E-06  7.797E-06  6.263E-06  4.880E-06  3.654E-06
  299.0000  1.260E-02  1.147E-02  1.041E-02  9.392E-03  8.433E-03  7.533E-03  6.690E-03  5.905E-03  5.180E-03  4.493E-03  3.882E-03  3.336E-03  2.847E-03  2.404E-03  2.010E-03  1.665E-03  1.365E-03  1.107E-03  8.891E-04  7.065E-04  5.558E-04  4.333E-04  3.351E-04  2.578E-04  1.978E-04  1.520E-04  1.174E-04  9.168E-05  7.253E-05  5.825E-05  4.747E-05  3.915E-05  3.256E-05  2.718E-05  2.269E-05  1.886E-05  1.554E-05  1.265E-05  1.009E-05  7.813E-06  5.818E-06
  300.0000  1.609E-02  1.479E-02  1.354E-02  1.235E-02  1.120E-02  1.012E-02  9.092E-03  8.126E-03  7.220E-03  6.336E-03  5.570E-03  4.859E-03  4.213E-03  3.618E-03  3.079E-03  2.597E-03  2.171E-03  1.797E-03  1.472E-03  1.194E-03  9.586E-04  7.618E-04  5.996E-04  4.681E-04  3.631E-04  2.806E-04  2.167E-04  1.680E-04  1.312E-04  1.036E-04  8.288E-05  6.712E-05  5.491E-05  4.521E-05  3.729E-05  3.066E-05  2.502E-05  2.016E-05  1.593E-05  1.222E-05  8.976E-06
  301.0000  2.800E-02  2.591E-02  2.389E-02  2.195E-02  2.008E-02  1.829E-02  1.658E-02  1.496E-02  1.342E-02  1.193E-02  1.058E-02  9.339E-03  8.197E-03  7.130E-03  6.151E-03  5.263E-03  4.465E-03  3.753E-03  3.125E-03  2.576E-03  2.102E-03  1.698E-03  1.357E-03  1.075E-03  8.436E-04  6.576E-04  5.103E-04  3.954E-04  3.070E-04  2.399E-04  1.892E-04  1.508E-04  1.215E-04  9.861E-05  8.035E-05  6.537E-05  5.283E-05  4.216E-05  3.301E-05  2.511E-05  1.841E-05
  302.0000  3.283E-02  3.057E-02  2.836E-02  2.622E-02  2.416E-02  2.216E-02  2.025E-02  1.841E-02  1.667E-02  1.494E-02  1.339E-02  1.194E-02  1.059E-02  9.311E-03  8.128E-03  7.041E-03  6.052E-03  5.157E-03  4.355E-03  3.643E-03  3.017E-03  2.474E-03  2.007E-03  1.612E-03  1.282E-03  1.010E-03  7.898E-04  6.143E-04  4.767E-04  3.704E-04  2.891E-04  2.274E-04  1.804E-04  1.444E-04  1.161E-04  9.338E-05  7.469E-05  5.903E-05  4.577E-05  3.449E-05  2.507E-05
  303.0000  6.453E-02  6.044E-02  5.644E-02  5.254E-02  4.874E-02  4.505E-02  4.148E-02  3.804E-02  3.474E-02  3.145E-02  2.846E-02  2.562E-02  2.298E-02  2.043E-02  1.805E-02  1.584E-02  1.380E-02  1.193E-02  1.022E-02  8.686E-03  7.310E-03  6.092E-03  5.025E-03  4.101E-03  3.312E-03  2.647E-03  2.094E-03  1.643E-03  1.281E-03  9.938E-04  7.705E-04  5.988E-04  4.678E-04  3.678E-04  2.908E-04  2.303E-04  1.817E-04  1.418E-04  1.086E-04  8.086E-05  5.809E-05
  304.0000  7.277E-02  6.842E-02  6.415E-02  5.996E-02  5.587E-02  5.189E-02  4.802E-02  4.427E-02  4.064E-02  3.701E-02  3.371E-02  3.054E-02  2.758E-02  2.471E-02  2.200E-02  1.946E-02  1.710E-02  1.491E-02  1.291E-02  1.107E-02  9.417E-03  7.933E-03  6.615E-03  5.459E-03  4.457E-03  3.599E-03  2.875E-03  2.274E-03  1.782E-03  1.386E-03  1.074E-03  8.304E-04  6.433E-04  5.003E-04  3.908E-04  3.060E-04  2.389E-04  1.847E-04  1.402E-04  1.034E-04  7.365E-05
  305.0000  1.036E-01  9.787E-02  9.223E-02  8.668E-02  8.122E-02  7.588E-02  7.066E-02  6.558E-02  6.063E-02  5.556E-02  5.108E-02  4.666E-02  4.250E-02  3.843E-02  3.455E-02  3.089E-02  2.744E-02  2.422E-02  2.121E-02  1.844E-02  1.590E-02  1.358E-02  1.149E-02  9.628E-03  7.980E-03  6.542E-03  5.301E-03  4.247E-03  3.364E-03  2.638E-03  2.049E-03  1.582E-03  1.216E-03  9.336E-04  7.176E-04  5.522E-04  4.239E-04  3.227E-04  2.414E-04  1.755E-04  1.233E-04
  306.0000  9.988E-02  9.466E-02  8.949E-02  8.439E-02  7.937E-02  7.443E-02  6.959E-02  6.486E-02  6.023E-02  5.553E-02  5.125E-02  4.706E-02  4.310E-02  3.920E-02  3.548E-02  3.193E-02  2.856E-02  2.539E-02  2.242E-02  1.965E-02  1.709E-02  1.474E-02  1.259E-02  1.066E-02  8.924E-03  7.391E-03  6.051E-03  4.895E-03  3.913E-03  3.090E-03  2.413E-03  1.866E-03  1.431E-03  1.093E-03  8.319E-04  6.326E-04  4.797E-04  3.609E-04  2.670E-04  1.921E-04  1.335E-04
  307.0000  1.321E-01  1.256E-01  1.192E-01  1.128E-01  1.065E-01  1.003E-01  9.413E-02  8.811E-02  8.223E-02  7.624E-02  7.070E-02  6.529E-02  6.014E-02  5.505E-02  5.015E-02  4.545E-02  4.097E-02  3.671E-02  3.269E-02  2.892E-02  2.539E-02  2.211E-02  1.909E-02  1.633E-02  1.384E-02  1.159E-02  9.606E-03  7.862E-03  6.353E-03  5.067E-03  3.989E-03  3.100E-03  2.381E-03  1.811E-03  1.368E-03  1.027E-03  7.677E-04  5.689E-04  4.149E-04  2.945E-04  2.019E-04
  308.0000  1.587E-01  1.513E-01  1.440E-01  1.367E-01  1.295E-01  1.224E-01  1.154E-01  1.085E-01  1.017E-01  9.472E-02  8.824E-02  8.189E-02  7.584E-02  6.982E-02  6.399E-02  5.838E-02  5.299E-02  4.783E-02  4.292E-02  3.828E-02  3.390E-02  2.980E-02  2.599E-02  2.247E-02  1.924E-02  1.631E-02  1.367E-02  1.132E-02  9.256E-03  7.465E-03  5.935E-03  4.650E-03  3.590E-03  2.733E-03  2.056E-03  1.531E-03  1.129E-03  8.244E-04  5.922E-04  4.142E-04  2.798E-04
  309.0000  1.666E-01  1.592E-01  1.518E-01  1.444E-01  1.370E-01  1.298E-01  1.226E-01  1.155E-01  1.085E-01  1.014E-01  9.469E-02  8.812E-02  8.185E-02  7.559E-02  6.952E-02  6.364E-02  5.799E-02  5.256E-02  4.737E-02  4.244E-02  3.777E-02  3.338E-02  2.926E-02  2.545E-02  2.192E-02  1.870E-02  1.578E-02  1.316E-02  1.084E-02  8.799E-03  7.041E-03  5.547E-03  4.301E-03  3.282E-03  2.467E-03  1.830E-03  1.341E-03  9.706E-04  6.907E-04  4.785E-04  3.203E-04
  310.0000  1.681E-01  1.610E-01  1.540E-01  1.470E-01  1.400E-01  1.331E-01  1.262E-01  1.194E-01  1.127E-01  1.058E-01  9.931E-02  9.290E-02  8.676E-02  8.060E-02  7.459E-02  6.875E-02  6.308E-02  5.761E-02  5.235E-02  4.730E-02  4.248E-02  3.791E-02  3.359E-02  2.953E-02  2.575E-02  2.224E-02  1.902E-02  1.608E-02  1.343E-02  1.106E-02  8.981E-03  7.171E-03  5.626E-03  4.331E-03  3.270E-03  2.420E-03  1.758E-03  1.254E-03  8.758E-04  5.948E-04  3.901E-04
  311.0000  2.849E-01  2.734E-01  2.618E-01  2.502E-01  2.387E-01  2.272E-01  2.158E-01  2.046E-01  1.934E-01  1.820E-01  1.711E-01  1.604E-01  1.501E-01  1.398E-01  1.297E-01  1.199E-01  1.103E-01  1.011E-01  9.212E-02  8.353E-02  7.531E-02  6.747E-02  6.003E-02  5.302E-02  4.645E-02  4.033E-02  3.467E-02  2.948E-02  2.477E-02  2.054E-02  1.677E-02  1.348E-02  1.064E-02  8.229E-03  6.234E-03  4.620E-03  3.351E-03  2.378E-03  1.649E-03  1.110E-03  7.214E-04
  312.0000  2.576E-01  2.476E-01  2.375E-01  2.275E-01  2.174E-01  2.074E-01  1.975E-01  1.876E-01  1.778E-01  1.678E-01  1.582E-01  1.488E-01  1.397E-01  1.305E-01  1.215E-01  1.127E-01  1.042E-01  9.586E-02  8.779E-02  8.001E-02  7.251E-02  6.534E-02  5.849E-02  5.200E-02  4.588E-02  4.013E-02  3.478E-02  2.983E-02  2.529E-02  2.117E-02  1.746E-02  1.417E-02  1.129E-02  8.815E-03  6.727E-03  5.008E-03  3.633E-03  2.565E-03  1.762E-03  1.171E-03  7.500E-04
  313.0000  2.915E-01  2.806E-01  2.697E-01  2.587E-01  2.478E-01  2.369E-01  2.261E-01  2.152E-01  2.045E-01  1.935E-01  1.830E-01  1.726E-01  1.625E-01  1.523E-01  1.424E-01  1.326E-01  1.230E-01  1.136E-01  1.046E-01  9.574E-02  8.723E-02  7.904E-02  7.119E-02  6.369E-02  5.658E-02  4.987E-02  4.356E-02  3.768E-02  3.225E-02  2.725E-02  2.272E-02  1.864E-02  1.501E-02  1.185E-02  9.130E-03  6.850E-03  4.990E-03  3.522E-03  2.403E-03  1.579E-03  9.969E-04
  314.0000  3.190E-01  3.073E-01  2.956E-01  2.838E-01  2.720E-01  2.603E-01  2.486E-01  2.369E-01  2.253E-01  2.134E-01  2.020E-01  1.907E-01  1.798E-01  1.688E-01  1.579E-01  1.473E-01  1.369E-01  1.267E-01  1.167E-01  1.071E-01  9.777E-02  8.878E-02  8.014E-02  7.188E-02  6.402E-02  5.658E-02  4.958E-02  4.303E-02  3.694E-02  3.134E-02  2.623E-02  2.161E-02  1.748E-02  1.385E-02  1.072E-02  8.071E-03  5.893E-03  4.161E-03  2.833E-03  1.854E-03  1.164E-03
  315.0000  3.286E-01  3.171E-01  3.056E-01  2.940E-01  2.824E-01  2.709E-01  2.593E-01  2.477E-01  2.362E-01  2.244E-01  2.131E-01  2.018E-01  1.909E-01  1.798E-01  1.689E-01  1.582E-01  1.476E-01  1.372E-01  1.271E-01  1.172E-01  1.076E-01  9.835E-02  8.937E-02  8.073E-02  7.246E-02  6.458E-02  5.710E-02  5.004E-02  4.343E-02  3.727E-02  3.158E-02  2.636E-02  2.163E-02  1.740E-02  1.366E-02  1.043E-02  7.708E-03  5.482E-03  3.735E-03  2.426E-03  1.502E-03
  316.0000  2.670E-01  2.577E-01  2.484E-01  2.391E-01  2.297E-01  2.204E-01  2.110E-01  2.017E-01  1.923E-01  1.828E-01  1.736E-01  1.645E-01  1.556E-01  1.467E-01  1.378E-01  1.291E-01  1.205E-01  1.121E-01  1.039E-01  9.590E-02  8.810E-02  8.054E-02  7.323E-02  6.620E-02  5.946E-02  5.303E-02  4.692E-02  4.116E-02  3.575E-02  3.071E-02  2.605E-02  2.177E-02  1.789E-02  1.441E-02  1.133E-02  8.663E-03  6.408E-03  4.561E-03  3.108E-03  2.018E-03  1.248E-03
  317.0000  4.036E-01  3.901E-01  3.765E-01  3.629E-01  3.492E-01  3.355E-01  3.218E-01  3.081E-01  2.944E-01  2.804E-01  2.669E-01  2.534E-01  2.404E-01  2.271E-01  2.140E-01  2.011E-01  1.883E-01  1.758E-01  1.635E-01  1.514E-01  1.397E-01  1.283E-01  1.172E-01  1.065E-01  9.617E-02  8.629E-02  7.686E-02  6.791E-02  5.945E-02  5.151E-02  4.410E-02  3.724E-02  3.094E-02  2.522E-02  2.009E-02  1.556E-02  1.165E-02  8.381E-03  5.749E-03  3.733E-03  2.293E-03
  318.0000  3.544E-01  3.426E-01  3.307E-01  3.188E-01  3.069E-01  2.949E-01  2.829E-01  2.710E-01  2.590E-01  2.467E-01  2.349E-01  2.231E-01  2.117E-01  2.001E-01  1.886E-01  1.772E-01  1.660E-01  1.550E-01  1.442E-01  1.337E-01  1.234E-01  1.133E-01  1.036E-01  9.417E-02  8.510E-02  7.640E-02  6.810E-02  6.020E-02  5.274E-02  4.573E-02  3.919E-02  3.312E-02  2.755E-02  2.248E-02  1.792E-02  1.390E-02  1.042E-02  7.505E-03  5.151E-03  3.345E-03  2.053E-03
  319.0000  4.019E-01  3.891E-01  3.762E-01  3.633E-01  3.503E-01  3.372E-01  3.242E-01  3.111E-01  2.980E-01  2.846E-01  2.716E-01  2.586E-01  2.460E-01  2.332E-01  2.205E-01  2.080E-01  1.955E-01  1.833E-01  1.712E-01  1.594E-01  1.478E-01  1.365E-01  1.254E-01  1.147E-01  1.043E-01  9.435E-02  8.475E-02  7.557E-02  6.682E-02  5.854E-02  5.074E-02  4.343E-02  3.663E-02  3.035E-02  2.461E-02  1.944E-02  1.485E-02  1.089E-02  7.595E-03  4.982E-03  3.062E-03
  320.0000  4.508E-01  4.362E-01  4.215E-01  4.068E-01  3.920E-01  3.771E-01  3.623E-01  3.474E-01  3.325E-01  3.172E-01  3.025E-01  2.878E-01  2.735E-01  2.589E-01  2.445E-01  2.303E-01  2.162E-01  2.024E-01  1.888E-01  1.754E-01  1.623E-01  1.496E-01  1.372E-01  1.251E-01  1.135E-01  1.024E-01  9.164E-02  8.142E-02  7.172E-02  6.256E-02  5.396E-02  4.594E-02  3.851E-02  3.170E-02  2.552E-02  2.000E-02  1.515E-02  1.102E-02  7.623E-03  4.972E-03  3.048E-03
  321.0000  4.702E-01  4.557E-01  4.411E-01  4.264E-01  4.116E-01  3.968E-01  3.819E-01  3.670E-01  3.521E-01  3.368E-01  3.219E-01  3.071E-01  2.926E-01  2.779E-01  2.633E-01  2.489E-01  2.345E-01  2.204E-01  2.064E-01  1.927E-01  1.792E-01  1.661E-01  1.532E-01  1.406E-01  1.285E-01  1.167E-01  1.053E-01  9.442E-02  8.399E-02  7.407E-02  6.467E-02  5.580E-02  4.750E-02  3.976E-02  3.262E-02  2.610E-02  2.022E-02  1.505E-02  1.065E-02  7.069E-03  4.375E-03
  322.0000  4.706E-01  4.560E-01  4.413E-01  4.265E-01  4.116E-01  3.967E-01  3.817E-01  3.667E-01  3.517E-01  3.363E-01  3.213E-01  3.064E-01  2.919E-01  2.771E-01  2.624E-01  2.479E-01  2.335E-01  2.193E-01  2.052E-01  1.915E-01  1.779E-01  1.647E-01  1.518E-01  1.392E-01  1.270E-01  1.152E-01  1.039E-01  9.297E-02  8.257E-02  7.268E-02  6.332E-02  5.451E-02  4.628E-02  3.863E-02  3.159E-02  2.518E-02  1.943E-02  1.440E-02  1.014E-02  6.707E-03  4.140E-03
  323.0000  4.126E-01  3.999E-01  3.871E-01  3.742E-01  3.612E-01  3.482E-01  3.351E-01  3.221E-01  3.090E-01  2.955E-01  2.825E-01  2.695E-01  2.568E-01  2.439E-01  2.311E-01  2.184E-01  2.058E-01  1.933E-01  1.811E-01  1.690E-01  1.572E-01  1.456E-01  1.343E-01  1.232E-01  1.125E-01  1.022E-01  9.218E-02  8.260E-02  7.344E-02  6.472E-02  5.646E-02  4.868E-02  4.140E-02  3.463E-02  2.837E-02  2.267E-02  1.754E-02  1.304E-02  9.206E-03  6.099E-03  3.768E-03
  324.0000  4.836E-01  4.693E-01  4.548E-01  4.402E-01  4.256E-01  4.108E-01  3.961E-01  3.812E-01  3.664E-01  3.511E-01  3.363E-01  3.214E-01  3.070E-01  2.922E-01  2.775E-01  2.630E-01  2.485E-01  2.342E-01  2.201E-01  2.061E-01  1.924E-01  1.790E-01  1.658E-01  1.529E-01  1.403E-01  1.282E-01  1.164E-01  1.050E-01  9.407E-02  8.362E-02  7.365E-02  6.419E-02  5.526E-02  4.686E-02  3.901E-02  3.173E-02  2.506E-02  1.906E-02  1.379E-02  9.353E-03  5.896E-03
  325.0000  5.101E-01  4.947E-01  4.791E-01  4.634E-01  4.477E-01  4.319E-01  4.160E-01  4.001E-01  3.841E-01  3.677E-01  3.518E-01  3.359E-01  3.204E-01  3.047E-01  2.890E-01  2.734E-01  2.580E-01  2.427E-01  2.276E-01  2.128E-01  1.982E-01  1.839E-01  1.699E-01  1.563E-01  1.430E-01  1.302E-01  1.178E-01  1.058E-01  9.438E-02  8.347E-02  7.310E-02  6.331E-02  5.410E-02  4.550E-02  3.753E-02  3.020E-02  2.356E-02  1.767E-02  1.259E-02  8.413E-03  5.231E-03
  326.0000  6.760E-01  6.560E-01  6.358E-01  6.154E-01  5.950E-01  5.744E-01  5.537E-01  5.330E-01  5.123E-01  4.910E-01  4.702E-01  4.495E-01  4.292E-01  4.086E-01  3.881E-01  3.677E-01  3.475E-01  3.275E-01  3.077E-01  2.882E-01  2.690E-01  2.502E-01  2.317E-01  2.136E-01  1.961E-01  1.790E-01  1.625E-01  1.465E-01  1.312E-01  1.166E-01  1.026E-01  8.941E-02  7.691E-02  6.517E-02  5.421E-02  4.406E-02  3.476E-02  2.640E-02  1.907E-02  1.291E-02  8.123E-03
  327.0000  6.588E-01  6.396E-01  6.202E-01  6.007E-01  5.810E-01  5.613E-01  5.414E-01  5.215E-01  5.016E-01  4.811E-01  4.611E-01  4.411E-01  4.216E-01  4.017E-01  3.819E-01  3.622E-01  3.427E-01  3.234E-01  3.042E-01  2.853E-01  2.667E-01  2.484E-01  2.305E-01  2.129E-01  1.958E-01  1.791E-01  1.630E-01  1.474E-01  1.324E-01  1.180E-01  1.043E-01  9.123E-02  7.885E-02  6.719E-02  5.624E-02  4.605E-02  3.664E-02  2.810E-02  2.052E-02  1.406E-02  8.946E-03
  328.0000  6.281E-01  6.094E-01  5.907E-01  5.718E-01  5.528E-01  5.337E-01  5.145E-01  4.952E-01  4.759E-01  4.561E-01  4.368E-01  4.175E-01  3.987E-01  3.795E-01  3.605E-01  3.415E-01  3.227E-01  3.041E-01  2.857E-01  2.675E-01  2.497E-01  2.321E-01  2.149E-01  1.981E-01  1.817E-01  1.659E-01  1.505E-01  1.356E-01  1.214E-01  1.078E-01  9.481E-02  8.251E-02  7.090E-02  6.001E-02  4.986E-02  4.046E-02  3.187E-02  2.416E-02  1.741E-02  1.176E-02  7.379E-03
  329.0000  6.618E-01  6.427E-01  6.235E-01  6.040E-01  5.845E-01  5.648E-01  5.451E-01  5.253E-01  5.054E-01  4.850E-01  4.650E-01  4.451E-01  4.257E-01  4.058E-01  3.861E-01  3.664E-01  3.469E-01  3.276E-01  3.084E-01  2.895E-01  2.708E-01  2.525E-01  2.345E-01  2.168E-01  1.996E-01  1.829E-01  1.666E-01  1.509E-01  1.358E-01  1.212E-01  1.073E-01  9.409E-02  8.153E-02  6.967E-02  5.853E-02  4.811E-02  3.847E-02  2.966E-02  2.179E-02  1.503E-02  9.617E-03
  330.0000  7.652E-01  7.432E-01  7.211E-01  6.987E-01  6.762E-01  6.535E-01  6.308E-01  6.079E-01  5.850E-01  5.615E-01  5.385E-01  5.156E-01  4.931E-01  4.703E-01  4.475E-01  4.248E-01  4.022E-01  3.799E-01  3.578E-01  3.359E-01  3.144E-01  2.932E-01  2.724E-01  2.520E-01  2.321E-01  2.127E-01  1.939E-01  1.757E-01  1.581E-01  1.413E-01  1.252E-01  1.098E-01  9.523E-02  8.147E-02  6.852E-02  5.641E-02  4.518E-02  3.491E-02  2.571E-02  1.777E-02  1.141E-02
  331.0000  6.486E-01  6.297E-01  6.107E-01  5.916E-01  5.723E-01  5.529E-01  5.334E-01  5.139E-01  4.943E-01  4.742E-01  4.545E-01  4.349E-01  4.158E-01  3.962E-01  3.767E-01  3.574E-01  3.381E-01  3.191E-01  3.002E-01  2.816E-01  2.632E-01  2.451E-01  2.274E-01  2.101E-01  1.932E-01  1.767E-01  1.608E-01  1.453E-01  1.305E-01  1.163E-01  1.027E-01  8.976E-02  7.754E-02  6.602E-02  5.523E-02  4.518E-02  3.592E-02  2.751E-02  2.006E-02  1.372E-02  8.702E-03
  332.0000  6.511E-01  6.325E-01  6.138E-01  5.948E-01  5.758E-01  5.566E-01  5.374E-01  5.180E-01  4.986E-01  4.787E-01  4.592E-01  4.398E-01  4.207E-01  4.013E-01  3.820E-01  3.627E-01  3.436E-01  3.246E-01  3.058E-01  2.873E-01  2.689E-01  2.509E-01  2.332E-01  2.158E-01  1.989E-01  1.823E-01  1.663E-01  1.508E-01  1.358E-01  1.214E-01  1.076E-01  9.450E-02  8.204E-02  7.026E-02  5.918E-02  4.880E-02  3.916E-02  3.032E-02  2.238E-02  1.551E-02  9.978E-03
  333.0000  6.872E-01  6.677E-01  6.480E-01  6.282E-01  6.082E-01  5.881E-01  5.679E-01  5.476E-01  5.272E-01  5.063E-01  4.858E-01  4.654E-01  4.454E-01  4.250E-01  4.047E-01  3.844E-01  3.643E-01  3.444E-01  3.246E-01  3.050E-01  2.857E-01  2.667E-01  2.480E-01  2.297E-01  2.118E-01  1.944E-01  1.774E-01  1.610E-01  1.451E-01  1.299E-01  1.153E-01  1.014E-01  8.819E-02  7.567E-02  6.388E-02  5.282E-02  4.252E-02  3.305E-02  2.451E-02  1.707E-02  1.104E-02
  334.0000  6.157E-01  5.980E-01  5.802E-01  5.623E-01  5.443E-01  5.261E-01  5.079E-01  4.896E-01  4.712E-01  4.523E-01  4.338E-01  4.154E-01  3.974E-01  3.790E-01  3.606E-01  3.424E-01  3.243E-01  3.063E-01  2.885E-01  2.709E-01  2.535E-01  2.364E-01  2.196E-01  2.031E-01  1.870E-01  1.714E-01  1.562E-01  1.415E-01  1.273E-01  1.137E-01  1.006E-01  8.824E-02  7.648E-02  6.537E-02  5.494E-02  4.519E-02  3.616E-02  2.790E-02  2.051E-02  1.415E-02  9.051E-03
  335.0000  6.950E-01  6.753E-01  6.555E-01  6.356E-01  6.154E-01  5.952E-01  5.748E-01  5.544E-01  5.339E-01  5.128E-01  4.922E-01  4.716E-01  4.514E-01  4.308E-01  4.103E-01  3.899E-01  3.696E-01  3.494E-01  3.295E-01  3.097E-01  2.902E-01  2.709E-01  2.520E-01  2.335E-01  2.154E-01  1.977E-01  1.805E-01  1.639E-01  1.478E-01  1.323E-01  1.175E-01  1.034E-01  8.999E-02  7.728E-02  6.530E-02  5.406E-02  4.358E-02  3.393E-02  2.521E-02  1.759E-02  1.139E-02
  336.0000  5.893E-01  5.727E-01  5.560E-01  5.391E-01  5.221E-01  5.050E-01  4.878E-01  4.705E-01  4.532E-01  4.354E-01  4.180E-01  4.005E-01  3.835E-01  3.661E-01  3.487E-01  3.314E-01  3.142E-01  2.972E-01  2.802E-01  2.635E-01  2.470E-01  2.307E-01  2.146E-01  1.989E-01  1.835E-01  1.685E-01  1.540E-01  1.398E-01  1.262E-01  1.130E-01  1.005E-01  8.845E-02  7.703E-02  6.622E-02  5.601E-02  4.643E-02  3.749E-02  2.925E-02  2.178E-02  1.523E-02  9.892E-03
  337.0000  5.633E-01  5.474E-01  5.313E-01  5.151E-01  4.988E-01  4.823E-01  4.658E-01  4.492E-01  4.325E-01  4.154E-01  3.987E-01  3.819E-01  3.656E-01  3.488E-01  3.322E-01  3.156E-01  2.991E-01  2.827E-01  2.665E-01  2.504E-01  2.345E-01  2.189E-01  2.035E-01  1.885E-01  1.737E-01  1.594E-01  1.454E-01  1.319E-01  1.189E-01  1.063E-01  9.431E-02  8.286E-02  7.199E-02  6.171E-02  5.204E-02  4.298E-02  3.455E-02  2.681E-02  1.984E-02  1.378E-02  8.873E-03
  338.0000  6.294E-01  6.117E-01  5.938E-01  5.758E-01  5.576E-01  5.393E-01  5.209E-01  5.024E-01  4.839E-01  4.648E-01  4.462E-01  4.276E-01  4.093E-01  3.907E-01  3.721E-01  3.536E-01  3.352E-01  3.170E-01  2.989E-01  2.809E-01  2.632E-01  2.458E-01  2.286E-01  2.118E-01  1.953E-01  1.793E-01  1.637E-01  1.485E-01  1.339E-01  1.199E-01  1.064E-01  9.360E-02  8.141E-02  6.987E-02  5.901E-02  4.881E-02  3.933E-02  3.059E-02  2.270E-02  1.581E-02  1.022E-02
  339.0000  6.645E-01  6.459E-01  6.271E-01  6.082E-01  5.891E-01  5.700E-01  5.507E-01  5.313E-01  5.118E-01  4.918E-01  4.722E-01  4.526E-01  4.335E-01  4.139E-01  3.944E-01  3.749E-01  3.556E-01  3.364E-01  3.173E-01  2.984E-01  2.798E-01  2.614E-01  2.433E-01  2.256E-01  2.082E-01  1.912E-01  1.747E-01  1.587E-01  1.433E-01  1.284E-01  1.141E-01  1.005E-01  8.760E-02  7.535E-02  6.378E-02  5.292E-02  4.278E-02  3.342E-02  2.492E-02  1.746E-02  1.135E-02
  340.0000  7.500E-01  7.290E-01  7.078E-01  6.865E-01  6.649E-01  6.432E-01  6.214E-01  5.995E-01  5.775E-01  5.549E-01  5.328E-01  5.106E-01  4.889E-01  4.668E-01  4.448E-01  4.228E-01  4.009E-01  3.792E-01  3.576E-01  3.363E-01  3.152E-01  2.944E-01  2.740E-01  2.539E-01  2.343E-01  2.151E-01  1.964E-01  1.784E-01  1.609E-01  1.441E-01  1.280E-01  1.127E-01  9.807E-02  8.426E-02  7.124E-02  5.902E-02  4.763E-02  3.712E-02  2.761E-02  1.928E-02  1.249E-02
  341.0000  6.580E-01  6.397E-01  6.211E-01  6.024E-01  5.836E-01  5.646E-01  5.455E-01  5.263E-01  5.071E-01  4.873E-01  4.680E-01  4.486E-01  4.296E-01  4.102E-01  3.909E-01  3.716E-01  3.525E-01  3.334E-01  3.145E-01  2.958E-01  2.774E-01  2.591E-01  2.412E-01  2.236E-01  2.063E-01  1.895E-01  1.731E-01  1.573E-01  1.419E-01  1.272E-01  1.130E-01  9.951E-02  8.667E-02  7.451E-02  6.305E-02  5.229E-02  4.225E-02  3.298E-02  2.457E-02  1.719E-02  1.116E-02
  342.0000  6.703E-01  6.517E-01  6.329E-01  6.139E-01  5.948E-01  5.755E-01  5.561E-01  5.366E-01  5.171E-01  4.970E-01  4.773E-01  4.576E-01  4.383E-01  4.187E-01  3.990E-01  3.794E-01  3.599E-01  3.406E-01  3.214E-01  3.023E-01  2.835E-01  2.650E-01  2.467E-01  2.288E-01  2.112E-01  1.940E-01  1.773E-01  1.611E-01  1.455E-01  1.304E-01  1.160E-01  1.022E-01  8.907E-02  7.665E-02  6.493E-02  5.392E-02  4.363E-02  3.412E-02  2.548E-02  1.787E-02  1.163E-02
  343.0000  7.047E-01  6.851E-01  6.654E-01  6.454E-01  6.254E-01  6.051E-01  5.848E-01  5.643E-01  5.437E-01  5.226E-01  5.020E-01  4.813E-01  4.610E-01  4.403E-01  4.197E-01  3.991E-01  3.786E-01  3.583E-01  3.381E-01  3.180E-01  2.983E-01  2.787E-01  2.595E-01  2.406E-01  2.222E-01  2.041E-01  1.865E-01  1.695E-01  1.530E-01  1.372E-01  1.220E-01  1.074E-01  9.363E-02  8.056E-02  6.823E-02  5.665E-02  4.584E-02  3.584E-02  2.675E-02  1.875E-02  1.220E-02
  344.0000  5.732E-01  5.573E-01  5.412E-01  5.249E-01  5.085E-01  4.921E-01  4.755E-01  4.588E-01  4.421E-01  4.249E-01  4.080E-01  3.912E-01  3.747E-01  3.578E-01  3.410E-01  3.242E-01  3.075E-01  2.909E-01  2.745E-01  2.582E-01  2.421E-01  2.261E-01  2.105E-01  1.951E-01  1.801E-01  1.654E-01  1.510E-01  1.372E-01  1.238E-01  1.109E-01  9.848E-02  8.668E-02  7.546E-02  6.485E-02  5.484E-02  4.546E-02  3.671E-02  2.863E-02  2.131E-02  1.489E-02  9.645E-03
  345.0000  6.388E-01  6.211E-01  6.032E-01  5.852E-01  5.670E-01  5.487E-01  5.303E-01  5.118E-01  4.932E-01  4.741E-01  4.554E-01  4.367E-01  4.183E-01  3.996E-01  3.809E-01  3.622E-01  3.437E-01  3.252E-01  3.069E-01  2.888E-01  2.708E-01  2.531E-01  2.357E-01  2.185E-01  2.017E-01  1.854E-01  1.694E-01  1.539E-01  1.389E-01  1.245E-01  1.107E-01  9.752E-02  8.498E-02  7.310E-02  6.191E-02  5.139E-02  4.158E-02  3.251E-02  2.426E-02  1.700E-02  1.105E-02
  346.0000  6.514E-01  6.334E-01  6.152E-01  5.968E-01  5.782E-01  5.596E-01  5.408E-01  5.219E-01  5.029E-01  4.834E-01  4.644E-01  4.452E-01  4.265E-01  4.074E-01  3.883E-01  3.693E-01  3.503E-01  3.315E-01  3.128E-01  2.943E-01  2.759E-01  2.579E-01  2.401E-01  2.226E-01  2.054E-01  1.887E-01  1.724E-01  1.566E-01  1.413E-01  1.266E-01  1.125E-01  9.903E-02  8.624E-02  7.414E-02  6.273E-02  5.203E-02  4.205E-02  3.283E-02  2.446E-02  1.711E-02  1.109E-02
  347.0000  7.004E-01  6.810E-01  6.615E-01  6.417E-01  6.218E-01  6.018E-01  5.816E-01  5.614E-01  5.410E-01  5.201E-01  4.996E-01  4.791E-01  4.590E-01  4.384E-01  4.179E-01  3.975E-01  3.771E-01  3.569E-01  3.368E-01  3.169E-01  2.972E-01  2.778E-01  2.586E-01  2.398E-01  2.214E-01  2.034E-01  1.858E-01  1.688E-01  1.523E-01  1.365E-01  1.213E-01  1.068E-01  9.304E-02  8.000E-02  6.771E-02  5.618E-02  4.542E-02  3.548E-02  2.646E-02  1.852E-02  1.201E-02
  348.0000  6.099E-01  5.931E-01  5.761E-01  5.589E-01  5.416E-01  5.242E-01  5.067E-01  4.890E-01  4.713E-01  4.532E-01  4.353E-01  4.175E-01  4.000E-01  3.821E-01  3.643E-01  3.465E-01  3.288E-01  3.112E-01  2.937E-01  2.764E-01  2.592E-01  2.423E-01  2.256E-01  2.092E-01  1.932E-01  1.775E-01  1.622E-01  1.473E-01  1.330E-01  1.192E-01  1.059E-01  9.328E-02  8.126E-02  6.989E-02  5.917E-02  4.911E-02  3.973E-02  3.105E-02  2.316E-02  1.622E-02  1.053E-02
  349.0000  6.258E-01  6.086E-01  5.912E-01  5.736E-01  5.559E-01  5.380E-01  5.201E-01  5.020E-01  4.839E-01  4.652E-01  4.470E-01  4.287E-01  4.107E-01  3.924E-01  3.741E-01  3.559E-01  3.377E-01  3.197E-01  3.017E-01  2.839E-01  2.663E-01  2.490E-01  2.318E-01  2.150E-01  1.985E-01  1.824E-01  1.667E-01  1.515E-01  1.367E-01  1.225E-01  1.089E-01  9.593E-02  8.358E-02  7.189E-02  6.087E-02  5.054E-02  4.089E-02  3.197E-02  2.386E-02  1.671E-02  1.085E-02
  350.0000  7.233E-01  7.034E-01  6.832E-01  6.630E-01  6.425E-01  6.219E-01  6.012E-01  5.803E-01  5.593E-01  5.378E-01  5.167E-01  4.956E-01  4.749E-01  4.537E-01  4.326E-01  4.115E-01  3.905E-01  3.696E-01  3.489E-01  3.283E-01  3.080E-01  2.879E-01  2.681E-01  2.487E-01  2.296E-01  2.109E-01  1.928E-01  1.751E-01  1.581E-01  1.417E-01  1.259E-01  1.109E-01  9.657E-02  8.305E-02  7.031E-02  5.836E-02  4.721E-02  3.690E-02  2.753E-02  1.928E-02  1.250E-02
------------------------------------------------------------
