Spectral Irradiance, W m-2 nm-1
values at z =      3.233 km
Columns: wavelength (nm), solar zenith angles (deg.)
    wc, nm     50.000     51.000     52.000     53.000     54.000     55.000     56.000     57.000     58.000     59.000     60.000     61.000     62.000     63.000     64.000     65.000     66.000     67.000     68.000     69.000     70.000     71.000     72.000     73.000     74.000     75.000     76.000     77.000     78.000     79.000     80.000     81.000     82.000     83.000     84.000     85.000     86.000     87.000     88.000     89.000     90.000
  280.0000  0.000E+00  0.000E+00  0.000E+00  0.000E+00  0.000E+00  0.000E+00  0.000E+00  0.000E+00  0.000E+00  0.000E+00  0.000E+00  0.000E+00  0.000E+00  0.000E+00  0.000E+00  0.000E+00  0.000E+00  0.000E+00  0.000E+00  0.000E+00  0.000E+00  0.000E+00  0.000E+00  0.000E+00  0.000E+00  0.000E+00  0.000E+00  0.000E+00  0.000E+00  0.000E+00  0.000E+00  0.000E+00  0.000E+00  0.000E+00  0.000E+00  0.000E+00  0.000E+00  0.000E+00  0.000E+00  0.000E+00  0.000E+00
  281.0000  0.000E+00  0.000E+00  0.000E+00  0.000E+00  0.000E+00  0.000E+00  0.000E+00  0.000E+00  0.000E+00  0.000E+00  0.000E+00  0.000E+00  0.000E+00  0.000E+00  0.000E+00  0.000E+00  0.000E+00  0.000E+00  0.000E+00  0.000E+00  0.000E+00  0.000E+00  0.000E+00  0.000E+00  0.000E+00  0.000E+00  0.000E+00  0.000E+00  0.000E+00  0.000E+00  0.000E+00  0.000E+00  0.000E+00  0.000E+00  0.000E+00  0.000E+00  0.000E+00  0.000E+00  0.000E+00  0.000E+00  0.000E+00
  282.0000  0.000E+00  0.000E+00  0.000E+00  0.000E+00  0.000E+00  0.000E+00  0.000E+00  0.000E+00  0.000E+00  0.000E+00  0.000E+00  0.000E+00  0.000E+00  0.000E+00  0.000E+00  0.000E+00  0.000E+00  0.000E+00  0.000E+00  0.000E+00  0.000E+00  0.000E+00  0.000E+00  0.000E+00  0.000E+00  0.000E+00  0.000E+00  0.000E+00  0.000E+00  0.000E+00  0.000E+00  0.000E+00  0.000E+00  0.000E+00  0.000E+00  0.000E+00  0.000E+00  0.000E+00  0.000E+00  0.000E+00  0.000E+00
  283.0000  0.000E+00  0.000E+00  0.000E+00  0.000E+00  0.000E+00  0.000E+00  0.000E+00  0.000E+00  0.000E+00  0.000E+00  0.000E+00  0.000E+00  0.000E+00  0.000E+00  0.000E+00  0.000E+00  0.000E+00  0.000E+00  0.000E+00  0.000E+00  0.000E+00  0.000E+00  0.000E+00  0.000E+00  0.000E+00  0.000E+00  0.000E+00  0.000E+00  0.000E+00  0.000E+00  0.000E+00  0.000E+00  0.000E+00  0.000E+00  0.000E+00  0.000E+00  0.000E+00  0.000E+00  0.000E+00  0.000E+00  0.000E+00
  284.0000  0.000E+00  0.000E+00  0.000E+00  0.000E+00  0.000E+00  0.000E+00  0.000E+00  0.000E+00  0.000E+00  0.000E+00  0.000E+00  0.000E+00  0.000E+00  0.000E+00  0.000E+00  0.000E+00  0.000E+00  0.000E+00  0.000E+00  0.000E+00  0.000E+00  0.000E+00  0.000E+00  0.000E+00  0.000E+00  0.000E+00  0.000E+00  0.000E+00  0.000E+00  0.000E+00  0.000E+00  0.000E+00  0.000E+00  0.000E+00  0.000E+00  0.000E+00  0.000E+00  0.000E+00  0.000E+00  0.000E+00  0.000E+00
  285.0000  0.000E+00  0.000E+00  0.000E+00  0.000E+00  0.000E+00  0.000E+00  0.000E+00  0.000E+00  0.000E+00  0.000E+00  0.000E+00  0.000E+00  0.000E+00  0.000E+00  0.000E+00  0.000E+00  0.000E+00  0.000E+00  0.000E+00  0.000E+00  0.000E+00  0.000E+00  0.000E+00  0.000E+00  0.000E+00  0.000E+00  0.000E+00  0.000E+00  0.000E+00  0.000E+00  0.000E+00  0.000E+00  0.000E+00  0.000E+00  0.000E+00  0.000E+00  0.000E+00  0.000E+00  0.000E+00  0.000E+00  0.000E+00
  286.0000  0.000E+00  0.000E+00  0.000E+00  0.000E+00  0.000E+00  0.000E+00  0.000E+00  0.000E+00  0.000E+00  0.000E+00  0.000E+00  0.000E+00  0.000E+00  0.000E+00  0.000E+00  0.000E+00  0.000E+00  0.000E+00  0.000E+00  0.000E+00  0.000E+00  0.000E+00  0.000E+00  0.000E+00  0.000E+00  0.000E+00  0.000E+00  0.000E+00  0.000E+00  0.000E+00  0.000E+00  0.000E+00  0.000E+00  0.000E+00  0.000E+00  0.000E+00  0.000E+00  0.000E+00  0.000E+00  0.000E+00  0.000E+00
  287.0000  0.000E+00  0.000E+00  0.000E+00  0.000E+00  0.000E+00  0.000E+00  0.000E+00  0.000E+00  0.000E+00  0.000E+00  0.000E+00  0.000E+00  0.000E+00  0.000E+00  0.000E+00  0.000E+00  0.000E+00  0.000E+00  0.000E+00  0.000E+00  0.000E+00  0.000E+00  0.000E+00  0.000E+00  0.000E+00  0.000E+00  0.000E+00  0.000E+00  0.000E+00  0.000E+00  0.000E+00  0.000E+00  0.000E+00  0.000E+00  0.000E+00  0.000E+00  0.000E+00  0.000E+00  0.000E+00  0.000E+00  0.000E+00
  288.0000  6.640E-08  4.783E-08  3.386E-08  2.353E-08  1.604E-08  1.071E-08  6.998E-09  4.470E-09  2.791E-09  1.719E-09  9.889E-10  5.846E-10  3.365E-10  1.913E-10  1.090E-10  6.355E-11  3.888E-11  2.548E-11  1.805E-11  1.372E-11  1.101E-11  9.175E-12  7.838E-12  6.806E-12  5.979E-12  5.296E-12  4.721E-12  4.227E-12  3.798E-12  3.419E-12  3.081E-12  2.776E-12  2.496E-12  2.237E-12  1.994E-12  1.764E-12  1.542E-12  1.326E-12  1.113E-12  9.012E-13  6.958E-13
  289.0000  4.743E-07  3.526E-07  2.581E-07  1.859E-07  1.315E-07  9.138E-08  6.225E-08  4.156E-08  2.716E-08  1.725E-08  1.066E-08  6.621E-09  4.010E-09  2.393E-09  1.421E-09  8.527E-10  5.274E-10  3.428E-10  2.375E-10  1.758E-10  1.378E-10  1.128E-10  9.520E-11  8.194E-11  7.150E-11  6.298E-11  5.586E-11  4.980E-11  4.457E-11  3.997E-11  3.590E-11  3.224E-11  2.890E-11  2.583E-11  2.297E-11  2.027E-11  1.768E-11  1.517E-11  1.271E-11  1.028E-11  7.934E-12
  290.0000  2.844E-06  2.178E-06  1.645E-06  1.225E-06  8.975E-07  6.470E-07  4.582E-07  3.188E-07  2.175E-07  1.466E-07  9.393E-08  6.110E-08  3.884E-08  2.429E-08  1.504E-08  9.333E-09  5.882E-09  3.829E-09  2.614E-09  1.888E-09  1.442E-09  1.155E-09  9.586E-10  8.154E-10  7.052E-10  6.170E-10  5.441E-10  4.826E-10  4.299E-10  3.839E-10  3.434E-10  3.072E-10  2.745E-10  2.446E-10  2.168E-10  1.908E-10  1.660E-10  1.421E-10  1.189E-10  9.605E-11  7.402E-11
  291.0000  9.726E-06  7.631E-06  5.911E-06  4.521E-06  3.408E-06  2.531E-06  1.850E-06  1.331E-06  9.404E-07  6.448E-07  4.383E-07  2.961E-07  1.958E-07  1.273E-07  8.175E-08  5.230E-08  3.368E-08  2.211E-08  1.501E-08  1.067E-08  7.973E-09  6.249E-09  5.093E-09  4.274E-09  3.661E-09  3.179E-09  2.787E-09  2.459E-09  2.180E-09  1.939E-09  1.727E-09  1.539E-09  1.371E-09  1.217E-09  1.076E-09  9.441E-10  8.194E-10  6.999E-10  5.841E-10  4.709E-10  3.627E-10
  292.0000  3.759E-05  3.039E-05  2.431E-05  1.922E-05  1.501E-05  1.157E-05  8.798E-06  6.595E-06  4.870E-06  3.548E-06  2.498E-06  1.770E-06  1.230E-06  8.412E-07  5.668E-07  3.787E-07  2.525E-07  1.694E-07  1.156E-07  8.122E-08  5.927E-08  4.511E-08  3.575E-08  2.930E-08  2.465E-08  2.112E-08  1.832E-08  1.603E-08  1.411E-08  1.246E-08  1.103E-08  9.776E-09  8.657E-09  7.648E-09  6.728E-09  5.878E-09  5.081E-09  4.324E-09  3.597E-09  2.892E-09  2.223E-09
  293.0000  9.017E-05  7.427E-05  6.056E-05  4.887E-05  3.900E-05  3.076E-05  2.396E-05  1.842E-05  1.397E-05  1.031E-05  7.598E-06  5.543E-06  3.975E-06  2.804E-06  1.949E-06  1.340E-06  9.158E-07  6.260E-07  4.316E-07  3.032E-07  2.190E-07  1.639E-07  1.274E-07  1.025E-07  8.493E-08  7.190E-08  6.182E-08  5.371E-08  4.699E-08  4.130E-08  3.639E-08  3.210E-08  2.831E-08  2.491E-08  2.184E-08  1.901E-08  1.638E-08  1.390E-08  1.153E-08  9.249E-09  7.097E-09
  294.0000  2.639E-04  2.223E-04  1.857E-04  1.536E-04  1.259E-04  1.021E-04  8.189E-05  6.493E-05  5.086E-05  3.936E-05  2.972E-05  2.248E-05  1.675E-05  1.228E-05  8.877E-06  6.339E-06  4.485E-06  3.156E-06  2.220E-06  1.574E-06  1.133E-06  8.355E-07  6.348E-07  4.982E-07  4.030E-07  3.345E-07  2.831E-07  2.430E-07  2.106E-07  1.835E-07  1.606E-07  1.407E-07  1.233E-07  1.078E-07  9.399E-08  8.139E-08  6.978E-08  5.895E-08  4.869E-08  3.891E-08  2.977E-08
  295.0000  5.682E-04  4.863E-04  4.129E-04  3.477E-04  2.902E-04  2.400E-04  1.965E-04  1.592E-04  1.276E-04  1.001E-04  7.838E-05  6.081E-05  4.655E-05  3.510E-05  2.608E-05  1.915E-05  1.391E-05  1.002E-05  7.186E-06  5.158E-06  3.730E-06  2.738E-06  2.055E-06  1.585E-06  1.257E-06  1.025E-06  8.545E-07  7.246E-07  6.219E-07  5.380E-07  4.676E-07  4.073E-07  3.550E-07  3.089E-07  2.678E-07  2.308E-07  1.971E-07  1.658E-07  1.364E-07  1.087E-07  8.292E-08
  296.0000  1.674E-03  1.459E-03  1.263E-03  1.085E-03  9.252E-04  7.825E-04  6.560E-04  5.450E-04  4.484E-04  3.668E-04  2.919E-04  2.332E-04  1.842E-04  1.435E-04  1.102E-04  8.368E-05  6.280E-05  4.666E-05  3.438E-05  2.522E-05  1.848E-05  1.362E-05  1.016E-05  7.709E-06  5.986E-06  4.764E-06  3.883E-06  3.229E-06  2.728E-06  2.331E-06  2.005E-06  1.731E-06  1.497E-06  1.292E-06  1.113E-06  9.523E-07  8.076E-07  6.753E-07  5.527E-07  4.380E-07  3.328E-07
  297.0000  1.996E-03  1.761E-03  1.544E-03  1.345E-03  1.164E-03  9.993E-04  8.513E-04  7.193E-04  6.024E-04  4.980E-04  4.077E-04  3.324E-04  2.681E-04  2.135E-04  1.679E-04  1.305E-04  1.002E-04  7.616E-05  5.732E-05  4.281E-05  3.183E-05  2.366E-05  1.767E-05  1.334E-05  1.024E-05  8.019E-06  6.421E-06  5.251E-06  4.373E-06  3.691E-06  3.145E-06  2.694E-06  2.313E-06  1.985E-06  1.698E-06  1.445E-06  1.218E-06  1.013E-06  8.252E-07  6.511E-07  4.928E-07
  298.0000  5.554E-03  4.967E-03  4.418E-03  3.907E-03  3.434E-03  2.998E-03  2.600E-03  2.238E-03  1.911E-03  1.608E-03  1.351E-03  1.126E-03  9.299E-04  7.592E-04  6.124E-04  4.886E-04  3.856E-04  3.009E-04  2.324E-04  1.778E-04  1.349E-04  1.019E-04  7.679E-05  5.805E-05  4.423E-05  3.415E-05  2.682E-05  2.147E-05  1.752E-05  1.453E-05  1.219E-05  1.032E-05  8.768E-06  7.455E-06  6.324E-06  5.337E-06  4.465E-06  3.686E-06  2.981E-06  2.337E-06  1.759E-06
  299.0000  7.938E-03  7.167E-03  6.438E-03  5.753E-03  5.111E-03  4.515E-03  3.963E-03  3.455E-03  2.990E-03  2.553E-03  2.178E-03  1.843E-03  1.547E-03  1.285E-03  1.056E-03  8.581E-04  6.901E-04  5.491E-04  4.322E-04  3.367E-04  2.599E-04  1.991E-04  1.517E-04  1.154E-04  8.795E-05  6.752E-05  5.246E-05  4.139E-05  3.323E-05  2.712E-05  2.245E-05  1.878E-05  1.581E-05  1.333E-05  1.122E-05  9.405E-06  7.815E-06  6.408E-06  5.150E-06  4.015E-06  3.008E-06
  300.0000  1.080E-02  9.853E-03  8.947E-03  8.087E-03  7.272E-03  6.505E-03  5.787E-03  5.117E-03  4.496E-03  3.910E-03  3.383E-03  2.913E-03  2.491E-03  2.108E-03  1.767E-03  1.467E-03  1.205E-03  9.804E-04  7.891E-04  6.285E-04  4.955E-04  3.870E-04  2.998E-04  2.308E-04  1.771E-04  1.360E-04  1.050E-04  8.174E-05  6.447E-05  5.161E-05  4.192E-05  3.447E-05  2.860E-05  2.383E-05  1.985E-05  1.647E-05  1.356E-05  1.101E-05  8.775E-06  6.786E-06  5.048E-06
  301.0000  1.972E-02  1.813E-02  1.660E-02  1.513E-02  1.373E-02  1.240E-02  1.115E-02  9.963E-03  8.853E-03  7.811E-03  6.831E-03  5.959E-03  5.166E-03  4.437E-03  3.776E-03  3.185E-03  2.662E-03  2.203E-03  1.805E-03  1.464E-03  1.174E-03  9.329E-04  7.340E-04  5.726E-04  4.438E-04  3.426E-04  2.644E-04  2.047E-04  1.597E-04  1.260E-04  1.007E-04  8.146E-05  6.659E-05  5.480E-05  4.517E-05  3.713E-05  3.028E-05  2.439E-05  1.926E-05  1.478E-05  1.092E-05
  302.0000  2.411E-02  2.231E-02  2.057E-02  1.890E-02  1.728E-02  1.574E-02  1.427E-02  1.288E-02  1.155E-02  1.027E-02  9.110E-03  8.037E-03  7.053E-03  6.134E-03  5.290E-03  4.526E-03  3.838E-03  3.225E-03  2.685E-03  2.212E-03  1.804E-03  1.456E-03  1.164E-03  9.206E-04  7.220E-04  5.623E-04  4.359E-04  3.374E-04  2.618E-04  2.044E-04  1.611E-04  1.283E-04  1.033E-04  8.387E-05  6.833E-05  5.559E-05  4.492E-05  3.584E-05  2.806E-05  2.134E-05  1.564E-05
  303.0000  4.945E-02  4.608E-02  4.280E-02  3.962E-02  3.653E-02  3.356E-02  3.070E-02  2.795E-02  2.534E-02  2.275E-02  2.042E-02  1.823E-02  1.619E-02  1.427E-02  1.248E-02  1.083E-02  9.325E-03  7.962E-03  6.738E-03  5.649E-03  4.689E-03  3.853E-03  3.132E-03  2.520E-03  2.007E-03  1.584E-03  1.239E-03  9.643E-04  7.478E-04  5.801E-04  4.517E-04  3.542E-04  2.801E-04  2.234E-04  1.791E-04  1.437E-04  1.146E-04  9.040E-05  6.994E-05  5.259E-05  3.813E-05
  304.0000  5.730E-02  5.363E-02  5.004E-02  4.654E-02  4.314E-02  3.984E-02  3.665E-02  3.358E-02  3.062E-02  2.768E-02  2.503E-02  2.251E-02  2.016E-02  1.790E-02  1.579E-02  1.383E-02  1.203E-02  1.038E-02  8.877E-03  7.525E-03  6.319E-03  5.253E-03  4.322E-03  3.519E-03  2.834E-03  2.259E-03  1.783E-03  1.396E-03  1.086E-03  8.420E-04  6.526E-04  5.074E-04  3.968E-04  3.126E-04  2.476E-04  1.965E-04  1.553E-04  1.214E-04  9.310E-05  6.941E-05  4.993E-05
  305.0000  8.442E-02  7.945E-02  7.457E-02  6.979E-02  6.510E-02  6.053E-02  5.610E-02  5.177E-02  4.761E-02  4.344E-02  3.961E-02  3.594E-02  3.251E-02  2.918E-02  2.603E-02  2.308E-02  2.032E-02  1.776E-02  1.540E-02  1.325E-02  1.129E-02  9.539E-03  7.975E-03  6.599E-03  5.401E-03  4.372E-03  3.500E-03  2.772E-03  2.175E-03  1.693E-03  1.310E-03  1.012E-03  7.814E-04  6.055E-04  4.711E-04  3.674E-04  2.858E-04  2.202E-04  1.666E-04  1.225E-04  8.697E-05
  306.0000  8.321E-02  7.860E-02  7.404E-02  6.956E-02  6.516E-02  6.085E-02  5.664E-02  5.253E-02  4.855E-02  4.444E-02  4.086E-02  3.730E-02  3.395E-02  3.067E-02  2.756E-02  2.462E-02  2.185E-02  1.926E-02  1.686E-02  1.464E-02  1.260E-02  1.075E-02  9.086E-03  7.601E-03  6.290E-03  5.147E-03  4.164E-03  3.330E-03  2.634E-03  2.061E-03  1.600E-03  1.233E-03  9.475E-04  7.275E-04  5.594E-04  4.307E-04  3.309E-04  2.521E-04  1.887E-04  1.374E-04  9.656E-05
  307.0000  1.127E-01  1.068E-01  1.010E-01  9.529E-02  8.965E-02  8.411E-02  7.867E-02  7.334E-02  6.815E-02  6.286E-02  5.804E-02  5.332E-02  4.886E-02  4.446E-02  4.025E-02  3.625E-02  3.245E-02  2.886E-02  2.550E-02  2.237E-02  1.946E-02  1.679E-02  1.436E-02  1.216E-02  1.019E-02  8.443E-03  6.916E-03  5.596E-03  4.473E-03  3.532E-03  2.757E-03  2.130E-03  1.632E-03  1.244E-03  9.450E-04  7.169E-04  5.424E-04  4.072E-04  3.007E-04  2.160E-04  1.498E-04
  308.0000  1.383E-01  1.315E-01  1.248E-01  1.182E-01  1.116E-01  1.052E-01  9.880E-02  9.255E-02  8.642E-02  8.018E-02  7.440E-02  6.875E-02  6.338E-02  5.805E-02  5.293E-02  4.801E-02  4.332E-02  3.885E-02  3.463E-02  3.066E-02  2.695E-02  2.349E-02  2.031E-02  1.740E-02  1.475E-02  1.238E-02  1.027E-02  8.412E-03  6.804E-03  5.431E-03  4.277E-03  3.324E-03  2.552E-03  1.939E-03  1.462E-03  1.095E-03  8.164E-04  6.034E-04  4.389E-04  3.108E-04  2.125E-04
  309.0000  1.470E-01  1.401E-01  1.332E-01  1.264E-01  1.196E-01  1.130E-01  1.064E-01  9.992E-02  9.355E-02  8.707E-02  8.103E-02  7.511E-02  6.948E-02  6.387E-02  5.846E-02  5.325E-02  4.825E-02  4.348E-02  3.894E-02  3.466E-02  3.063E-02  2.686E-02  2.336E-02  2.014E-02  1.720E-02  1.453E-02  1.214E-02  1.002E-02  8.164E-03  6.561E-03  5.199E-03  4.060E-03  3.126E-03  2.376E-03  1.786E-03  1.330E-03  9.829E-04  7.194E-04  5.183E-04  3.636E-04  2.464E-04
  310.0000  1.515E-01  1.449E-01  1.383E-01  1.317E-01  1.252E-01  1.187E-01  1.123E-01  1.060E-01  9.974E-02  9.337E-02  8.736E-02  8.146E-02  7.582E-02  7.017E-02  6.468E-02  5.937E-02  5.423E-02  4.929E-02  4.456E-02  4.004E-02  3.575E-02  3.170E-02  2.790E-02  2.436E-02  2.107E-02  1.805E-02  1.530E-02  1.282E-02  1.061E-02  8.655E-03  6.957E-03  5.503E-03  4.280E-03  3.271E-03  2.459E-03  1.819E-03  1.326E-03  9.531E-04  6.728E-04  4.624E-04  3.070E-04
  311.0000  2.592E-01  2.483E-01  2.373E-01  2.264E-01  2.155E-01  2.048E-01  1.941E-01  1.835E-01  1.730E-01  1.623E-01  1.522E-01  1.423E-01  1.328E-01  1.232E-01  1.139E-01  1.049E-01  9.611E-02  8.766E-02  7.953E-02  7.175E-02  6.434E-02  5.731E-02  5.068E-02  4.447E-02  3.868E-02  3.333E-02  2.842E-02  2.397E-02  1.996E-02  1.639E-02  1.326E-02  1.055E-02  8.253E-03  6.335E-03  4.771E-03  3.527E-03  2.562E-03  1.829E-03  1.280E-03  8.715E-04  5.733E-04
  312.0000  2.374E-01  2.278E-01  2.182E-01  2.086E-01  1.991E-01  1.896E-01  1.802E-01  1.708E-01  1.615E-01  1.520E-01  1.430E-01  1.342E-01  1.256E-01  1.170E-01  1.086E-01  1.005E-01  9.250E-02  8.479E-02  7.734E-02  7.017E-02  6.331E-02  5.676E-02  5.054E-02  4.467E-02  3.917E-02  3.403E-02  2.928E-02  2.493E-02  2.096E-02  1.739E-02  1.422E-02  1.144E-02  9.029E-03  6.988E-03  5.293E-03  3.920E-03  2.839E-03  2.010E-03  1.389E-03  9.325E-04  6.042E-04
  313.0000  2.720E-01  2.615E-01  2.510E-01  2.405E-01  2.300E-01  2.196E-01  2.092E-01  1.988E-01  1.885E-01  1.781E-01  1.680E-01  1.581E-01  1.486E-01  1.389E-01  1.295E-01  1.202E-01  1.112E-01  1.024E-01  9.393E-02  8.570E-02  7.777E-02  7.017E-02  6.291E-02  5.601E-02  4.950E-02  4.337E-02  3.766E-02  3.236E-02  2.749E-02  2.306E-02  1.906E-02  1.551E-02  1.238E-02  9.685E-03  7.402E-03  5.515E-03  3.999E-03  2.820E-03  1.930E-03  1.278E-03  8.147E-04
  314.0000  2.992E-01  2.878E-01  2.765E-01  2.652E-01  2.538E-01  2.425E-01  2.313E-01  2.200E-01  2.089E-01  1.975E-01  1.866E-01  1.758E-01  1.654E-01  1.549E-01  1.446E-01  1.345E-01  1.246E-01  1.150E-01  1.057E-01  9.662E-02  8.788E-02  7.948E-02  7.144E-02  6.379E-02  5.653E-02  4.969E-02  4.329E-02  3.733E-02  3.184E-02  2.682E-02  2.227E-02  1.819E-02  1.459E-02  1.146E-02  8.796E-03  6.573E-03  4.773E-03  3.362E-03  2.294E-03  1.510E-03  9.568E-04
  315.0000  3.124E-01  3.012E-01  2.900E-01  2.787E-01  2.675E-01  2.562E-01  2.450E-01  2.338E-01  2.226E-01  2.112E-01  2.002E-01  1.893E-01  1.788E-01  1.681E-01  1.576E-01  1.473E-01  1.372E-01  1.272E-01  1.176E-01  1.081E-01  9.901E-02  9.017E-02  8.167E-02  7.351E-02  6.572E-02  5.831E-02  5.132E-02  4.475E-02  3.862E-02  3.295E-02  2.774E-02  2.299E-02  1.873E-02  1.494E-02  1.164E-02  8.813E-03  6.464E-03  4.572E-03  3.108E-03  2.022E-03  1.259E-03
  316.0000  2.542E-01  2.452E-01  2.361E-01  2.270E-01  2.179E-01  2.088E-01  1.997E-01  1.906E-01  1.816E-01  1.723E-01  1.634E-01  1.546E-01  1.461E-01  1.374E-01  1.289E-01  1.205E-01  1.123E-01  1.042E-01  9.632E-02  8.866E-02  8.122E-02  7.402E-02  6.708E-02  6.043E-02  5.407E-02  4.802E-02  4.230E-02  3.692E-02  3.190E-02  2.724E-02  2.296E-02  1.906E-02  1.554E-02  1.242E-02  9.687E-03  7.346E-03  5.393E-03  3.817E-03  2.594E-03  1.687E-03  1.048E-03
  317.0000  3.881E-01  3.748E-01  3.615E-01  3.482E-01  3.348E-01  3.214E-01  3.080E-01  2.946E-01  2.812E-01  2.676E-01  2.544E-01  2.412E-01  2.285E-01  2.156E-01  2.029E-01  1.903E-01  1.779E-01  1.658E-01  1.539E-01  1.422E-01  1.309E-01  1.199E-01  1.093E-01  9.902E-02  8.916E-02  7.973E-02  7.076E-02  6.227E-02  5.427E-02  4.680E-02  3.986E-02  3.346E-02  2.763E-02  2.236E-02  1.768E-02  1.359E-02  1.010E-02  7.211E-03  4.921E-03  3.189E-03  1.962E-03
  318.0000  3.412E-01  3.296E-01  3.180E-01  3.063E-01  2.946E-01  2.828E-01  2.711E-01  2.594E-01  2.477E-01  2.357E-01  2.242E-01  2.127E-01  2.015E-01  1.902E-01  1.790E-01  1.680E-01  1.571E-01  1.465E-01  1.360E-01  1.258E-01  1.158E-01  1.061E-01  9.678E-02  8.774E-02  7.905E-02  7.074E-02  6.283E-02  5.533E-02  4.826E-02  4.165E-02  3.551E-02  2.984E-02  2.467E-02  1.999E-02  1.582E-02  1.218E-02  9.059E-03  6.477E-03  4.421E-03  2.865E-03  1.761E-03
  319.0000  3.914E-01  3.787E-01  3.660E-01  3.532E-01  3.404E-01  3.275E-01  3.147E-01  3.018E-01  2.889E-01  2.757E-01  2.629E-01  2.501E-01  2.378E-01  2.252E-01  2.127E-01  2.003E-01  1.882E-01  1.762E-01  1.644E-01  1.528E-01  1.414E-01  1.304E-01  1.196E-01  1.092E-01  9.913E-02  8.943E-02  8.012E-02  7.124E-02  6.281E-02  5.484E-02  4.735E-02  4.036E-02  3.388E-02  2.793E-02  2.252E-02  1.767E-02  1.341E-02  9.767E-03  6.765E-03  4.414E-03  2.705E-03
  320.0000  4.370E-01  4.226E-01  4.082E-01  3.936E-01  3.791E-01  3.645E-01  3.498E-01  3.352E-01  3.206E-01  3.056E-01  2.911E-01  2.767E-01  2.627E-01  2.485E-01  2.344E-01  2.204E-01  2.067E-01  1.932E-01  1.799E-01  1.669E-01  1.542E-01  1.418E-01  1.298E-01  1.181E-01  1.069E-01  9.611E-02  8.579E-02  7.598E-02  6.669E-02  5.794E-02  4.976E-02  4.216E-02  3.516E-02  2.877E-02  2.301E-02  1.790E-02  1.346E-02  9.720E-03  6.682E-03  4.340E-03  2.658E-03
  321.0000  4.613E-01  4.469E-01  4.324E-01  4.179E-01  4.032E-01  3.885E-01  3.738E-01  3.590E-01  3.443E-01  3.291E-01  3.144E-01  2.998E-01  2.855E-01  2.710E-01  2.566E-01  2.423E-01  2.282E-01  2.142E-01  2.005E-01  1.869E-01  1.737E-01  1.607E-01  1.481E-01  1.357E-01  1.238E-01  1.123E-01  1.011E-01  9.049E-02  8.032E-02  7.066E-02  6.152E-02  5.292E-02  4.489E-02  3.743E-02  3.057E-02  2.433E-02  1.875E-02  1.387E-02  9.751E-03  6.435E-03  3.965E-03
  322.0000  4.608E-01  4.464E-01  4.318E-01  4.172E-01  4.024E-01  3.877E-01  3.728E-01  3.580E-01  3.432E-01  3.279E-01  3.132E-01  2.984E-01  2.841E-01  2.695E-01  2.550E-01  2.407E-01  2.265E-01  2.125E-01  1.987E-01  1.852E-01  1.719E-01  1.589E-01  1.462E-01  1.339E-01  1.220E-01  1.104E-01  9.935E-02  8.873E-02  7.860E-02  6.900E-02  5.993E-02  5.142E-02  4.349E-02  3.614E-02  2.941E-02  2.331E-02  1.789E-02  1.317E-02  9.217E-03  6.059E-03  3.725E-03
  323.0000  4.046E-01  3.920E-01  3.793E-01  3.665E-01  3.537E-01  3.408E-01  3.279E-01  3.150E-01  3.020E-01  2.887E-01  2.758E-01  2.629E-01  2.504E-01  2.377E-01  2.250E-01  2.125E-01  2.001E-01  1.878E-01  1.757E-01  1.638E-01  1.522E-01  1.408E-01  1.297E-01  1.188E-01  1.083E-01  9.820E-02  8.844E-02  7.908E-02  7.015E-02  6.166E-02  5.364E-02  4.611E-02  3.907E-02  3.254E-02  2.654E-02  2.110E-02  1.623E-02  1.199E-02  8.411E-03  5.540E-03  3.408E-03
  324.0000  4.787E-01  4.644E-01  4.500E-01  4.355E-01  4.209E-01  4.062E-01  3.915E-01  3.768E-01  3.620E-01  3.468E-01  3.320E-01  3.173E-01  3.029E-01  2.882E-01  2.737E-01  2.592E-01  2.448E-01  2.306E-01  2.166E-01  2.028E-01  1.892E-01  1.758E-01  1.628E-01  1.500E-01  1.376E-01  1.255E-01  1.139E-01  1.026E-01  9.182E-02  8.151E-02  7.168E-02  6.237E-02  5.358E-02  4.533E-02  3.764E-02  3.053E-02  2.403E-02  1.819E-02  1.310E-02  8.849E-03  5.553E-03
  325.0000  5.023E-01  4.869E-01  4.714E-01  4.559E-01  4.403E-01  4.246E-01  4.088E-01  3.930E-01  3.772E-01  3.609E-01  3.452E-01  3.294E-01  3.141E-01  2.984E-01  2.829E-01  2.675E-01  2.522E-01  2.371E-01  2.222E-01  2.076E-01  1.932E-01  1.791E-01  1.653E-01  1.518E-01  1.388E-01  1.261E-01  1.139E-01  1.022E-01  9.098E-02  8.030E-02  7.016E-02  6.061E-02  5.164E-02  4.329E-02  3.557E-02  2.850E-02  2.213E-02  1.650E-02  1.169E-02  7.767E-03  4.807E-03
  326.0000  6.689E-01  6.489E-01  6.288E-01  6.086E-01  5.882E-01  5.677E-01  5.472E-01  5.266E-01  5.059E-01  4.847E-01  4.641E-01  4.435E-01  4.234E-01  4.029E-01  3.825E-01  3.623E-01  3.422E-01  3.223E-01  3.027E-01  2.834E-01  2.643E-01  2.456E-01  2.273E-01  2.095E-01  1.921E-01  1.752E-01  1.588E-01  1.431E-01  1.280E-01  1.136E-01  9.981E-02  8.678E-02  7.450E-02  6.298E-02  5.225E-02  4.233E-02  3.328E-02  2.516E-02  1.809E-02  1.219E-02  7.635E-03
  327.0000  6.542E-01  6.350E-01  6.157E-01  5.962E-01  5.766E-01  5.569E-01  5.372E-01  5.173E-01  4.974E-01  4.770E-01  4.571E-01  4.372E-01  4.178E-01  3.980E-01  3.783E-01  3.587E-01  3.392E-01  3.200E-01  3.009E-01  2.821E-01  2.636E-01  2.454E-01  2.276E-01  2.101E-01  1.931E-01  1.766E-01  1.606E-01  1.451E-01  1.302E-01  1.160E-01  1.024E-01  8.943E-02  7.719E-02  6.566E-02  5.487E-02  4.482E-02  3.558E-02  2.720E-02  1.980E-02  1.352E-02  8.568E-03
  328.0000  6.211E-01  6.026E-01  5.839E-01  5.651E-01  5.462E-01  5.272E-01  5.081E-01  4.889E-01  4.697E-01  4.500E-01  4.309E-01  4.117E-01  3.930E-01  3.740E-01  3.550E-01  3.362E-01  3.175E-01  2.990E-01  2.808E-01  2.628E-01  2.451E-01  2.277E-01  2.107E-01  1.940E-01  1.778E-01  1.621E-01  1.469E-01  1.323E-01  1.182E-01  1.048E-01  9.204E-02  7.994E-02  6.855E-02  5.788E-02  4.795E-02  3.879E-02  3.044E-02  2.297E-02  1.647E-02  1.107E-02  6.916E-03
  329.0000  6.585E-01  6.394E-01  6.202E-01  6.008E-01  5.813E-01  5.617E-01  5.420E-01  5.222E-01  5.024E-01  4.820E-01  4.621E-01  4.423E-01  4.229E-01  4.031E-01  3.834E-01  3.638E-01  3.444E-01  3.251E-01  3.060E-01  2.871E-01  2.686E-01  2.503E-01  2.323E-01  2.148E-01  1.977E-01  1.810E-01  1.648E-01  1.492E-01  1.341E-01  1.197E-01  1.059E-01  9.274E-02  8.028E-02  6.853E-02  5.748E-02  4.718E-02  3.765E-02  2.896E-02  2.123E-02  1.459E-02  9.312E-03
  330.0000  7.619E-01  7.399E-01  7.178E-01  6.954E-01  6.730E-01  6.504E-01  6.277E-01  6.049E-01  5.820E-01  5.585E-01  5.356E-01  5.127E-01  4.903E-01  4.675E-01  4.448E-01  4.221E-01  3.997E-01  3.774E-01  3.554E-01  3.336E-01  3.121E-01  2.910E-01  2.702E-01  2.499E-01  2.301E-01  2.108E-01  1.920E-01  1.739E-01  1.565E-01  1.397E-01  1.237E-01  1.084E-01  9.397E-02  8.030E-02  6.746E-02  5.546E-02  4.435E-02  3.419E-02  2.513E-02  1.733E-02  1.109E-02
  331.0000  6.439E-01  6.251E-01  6.062E-01  5.871E-01  5.679E-01  5.486E-01  5.292E-01  5.097E-01  4.901E-01  4.701E-01  4.505E-01  4.310E-01  4.119E-01  3.924E-01  3.730E-01  3.537E-01  3.346E-01  3.156E-01  2.969E-01  2.783E-01  2.601E-01  2.421E-01  2.245E-01  2.073E-01  1.905E-01  1.741E-01  1.583E-01  1.430E-01  1.283E-01  1.142E-01  1.007E-01  8.794E-02  7.585E-02  6.448E-02  5.383E-02  4.394E-02  3.485E-02  2.661E-02  1.933E-02  1.317E-02  8.322E-03
  332.0000  6.488E-01  6.302E-01  6.115E-01  5.926E-01  5.736E-01  5.544E-01  5.352E-01  5.159E-01  4.965E-01  4.766E-01  4.572E-01  4.378E-01  4.188E-01  3.994E-01  3.801E-01  3.609E-01  3.418E-01  3.229E-01  3.041E-01  2.856E-01  2.673E-01  2.494E-01  2.317E-01  2.144E-01  1.975E-01  1.810E-01  1.650E-01  1.495E-01  1.346E-01  1.203E-01  1.066E-01  9.353E-02  8.114E-02  6.943E-02  5.842E-02  4.812E-02  3.856E-02  2.981E-02  2.196E-02  1.519E-02  9.747E-03
  333.0000  6.856E-01  6.661E-01  6.464E-01  6.266E-01  6.066E-01  5.866E-01  5.664E-01  5.461E-01  5.257E-01  5.048E-01  4.844E-01  4.640E-01  4.440E-01  4.237E-01  4.034E-01  3.832E-01  3.631E-01  3.431E-01  3.234E-01  3.039E-01  2.846E-01  2.656E-01  2.470E-01  2.287E-01  2.108E-01  1.934E-01  1.765E-01  1.601E-01  1.443E-01  1.291E-01  1.146E-01  1.007E-01  8.755E-02  7.508E-02  6.334E-02  5.233E-02  4.209E-02  3.268E-02  2.420E-02  1.683E-02  1.087E-02
  334.0000  6.128E-01  5.952E-01  5.775E-01  5.596E-01  5.416E-01  5.235E-01  5.052E-01  4.870E-01  4.686E-01  4.498E-01  4.314E-01  4.130E-01  3.950E-01  3.766E-01  3.584E-01  3.402E-01  3.221E-01  3.042E-01  2.864E-01  2.689E-01  2.515E-01  2.345E-01  2.178E-01  2.014E-01  1.853E-01  1.698E-01  1.546E-01  1.400E-01  1.259E-01  1.123E-01  9.939E-02  8.707E-02  7.539E-02  6.438E-02  5.403E-02  4.438E-02  3.544E-02  2.729E-02  2.002E-02  1.377E-02  8.784E-03
  335.0000  6.937E-01  6.741E-01  6.543E-01  6.343E-01  6.142E-01  5.940E-01  5.736E-01  5.532E-01  5.327E-01  5.117E-01  4.911E-01  4.705E-01  4.504E-01  4.298E-01  4.093E-01  3.889E-01  3.686E-01  3.485E-01  3.285E-01  3.088E-01  2.893E-01  2.701E-01  2.512E-01  2.327E-01  2.146E-01  1.970E-01  1.798E-01  1.632E-01  1.471E-01  1.317E-01  1.170E-01  1.029E-01  8.949E-02  7.682E-02  6.487E-02  5.367E-02  4.324E-02  3.363E-02  2.496E-02  1.740E-02  1.125E-02
  336.0000  5.886E-01  5.720E-01  5.553E-01  5.384E-01  5.214E-01  5.043E-01  4.872E-01  4.699E-01  4.525E-01  4.347E-01  4.173E-01  3.999E-01  3.829E-01  3.655E-01  3.481E-01  3.309E-01  3.137E-01  2.966E-01  2.797E-01  2.630E-01  2.465E-01  2.302E-01  2.142E-01  1.985E-01  1.831E-01  1.681E-01  1.536E-01  1.394E-01  1.258E-01  1.127E-01  1.001E-01  8.814E-02  7.674E-02  6.595E-02  5.577E-02  4.621E-02  3.729E-02  2.907E-02  2.163E-02  1.512E-02  9.809E-03
  337.0000  5.617E-01  5.458E-01  5.298E-01  5.136E-01  4.972E-01  4.808E-01  4.643E-01  4.477E-01  4.311E-01  4.140E-01  3.973E-01  3.806E-01  3.642E-01  3.475E-01  3.309E-01  3.143E-01  2.979E-01  2.815E-01  2.653E-01  2.493E-01  2.334E-01  2.179E-01  2.025E-01  1.875E-01  1.728E-01  1.585E-01  1.445E-01  1.311E-01  1.181E-01  1.056E-01  9.360E-02  8.219E-02  7.137E-02  6.114E-02  5.151E-02  4.250E-02  3.413E-02  2.645E-02  1.954E-02  1.355E-02  8.709E-03
  338.0000  6.281E-01  6.104E-01  5.926E-01  5.745E-01  5.564E-01  5.381E-01  5.197E-01  5.013E-01  4.827E-01  4.637E-01  4.451E-01  4.265E-01  4.083E-01  3.897E-01  3.711E-01  3.526E-01  3.343E-01  3.160E-01  2.979E-01  2.800E-01  2.624E-01  2.449E-01  2.278E-01  2.110E-01  1.946E-01  1.785E-01  1.630E-01  1.479E-01  1.333E-01  1.193E-01  1.059E-01  9.305E-02  8.090E-02  6.940E-02  5.857E-02  4.842E-02  3.898E-02  3.029E-02  2.245E-02  1.562E-02  1.008E-02
  339.0000  6.640E-01  6.454E-01  6.266E-01  6.077E-01  5.887E-01  5.695E-01  5.502E-01  5.308E-01  5.113E-01  4.913E-01  4.718E-01  4.522E-01  4.330E-01  4.135E-01  3.940E-01  3.745E-01  3.552E-01  3.360E-01  3.169E-01  2.981E-01  2.794E-01  2.610E-01  2.430E-01  2.252E-01  2.079E-01  1.909E-01  1.744E-01  1.584E-01  1.430E-01  1.282E-01  1.139E-01  1.003E-01  8.739E-02  7.515E-02  6.360E-02  5.276E-02  4.264E-02  3.329E-02  2.481E-02  1.737E-02  1.129E-02
  340.0000  7.490E-01  7.280E-01  7.068E-01  6.855E-01  6.639E-01  6.423E-01  6.204E-01  5.985E-01  5.765E-01  5.540E-01  5.319E-01  5.097E-01  4.881E-01  4.660E-01  4.439E-01  4.220E-01  4.001E-01  3.784E-01  3.569E-01  3.355E-01  3.145E-01  2.937E-01  2.733E-01  2.532E-01  2.336E-01  2.145E-01  1.959E-01  1.778E-01  1.604E-01  1.436E-01  1.275E-01  1.122E-01  9.766E-02  8.387E-02  7.088E-02  5.870E-02  4.734E-02  3.688E-02  2.741E-02  1.912E-02  1.237E-02
  341.0000  6.574E-01  6.391E-01  6.205E-01  6.019E-01  5.830E-01  5.640E-01  5.450E-01  5.258E-01  5.065E-01  4.868E-01  4.674E-01  4.481E-01  4.291E-01  4.097E-01  3.904E-01  3.712E-01  3.520E-01  3.330E-01  3.141E-01  2.954E-01  2.769E-01  2.587E-01  2.408E-01  2.232E-01  2.060E-01  1.892E-01  1.728E-01  1.569E-01  1.416E-01  1.269E-01  1.127E-01  9.924E-02  8.642E-02  7.429E-02  6.284E-02  5.210E-02  4.208E-02  3.283E-02  2.445E-02  1.710E-02  1.109E-02
  342.0000  6.701E-01  6.514E-01  6.326E-01  6.136E-01  5.945E-01  5.753E-01  5.559E-01  5.364E-01  5.168E-01  4.968E-01  4.771E-01  4.574E-01  4.381E-01  4.185E-01  3.988E-01  3.792E-01  3.597E-01  3.404E-01  3.212E-01  3.022E-01  2.833E-01  2.648E-01  2.465E-01  2.286E-01  2.110E-01  1.939E-01  1.772E-01  1.610E-01  1.454E-01  1.303E-01  1.159E-01  1.021E-01  8.897E-02  7.655E-02  6.484E-02  5.384E-02  4.356E-02  3.406E-02  2.543E-02  1.783E-02  1.160E-02
  343.0000  7.044E-01  6.849E-01  6.651E-01  6.452E-01  6.251E-01  6.048E-01  5.845E-01  5.640E-01  5.435E-01  5.224E-01  5.017E-01  4.810E-01  4.608E-01  4.401E-01  4.194E-01  3.989E-01  3.784E-01  3.580E-01  3.378E-01  3.178E-01  2.981E-01  2.785E-01  2.593E-01  2.405E-01  2.220E-01  2.039E-01  1.864E-01  1.693E-01  1.529E-01  1.370E-01  1.218E-01  1.073E-01  9.351E-02  8.045E-02  6.813E-02  5.656E-02  4.575E-02  3.576E-02  2.669E-02  1.871E-02  1.216E-02
  344.0000  5.726E-01  5.566E-01  5.405E-01  5.243E-01  5.080E-01  4.915E-01  4.749E-01  4.582E-01  4.415E-01  4.243E-01  4.075E-01  3.907E-01  3.741E-01  3.573E-01  3.405E-01  3.237E-01  3.070E-01  2.905E-01  2.740E-01  2.577E-01  2.416E-01  2.257E-01  2.101E-01  1.947E-01  1.797E-01  1.650E-01  1.507E-01  1.368E-01  1.234E-01  1.105E-01  9.819E-02  8.640E-02  7.521E-02  6.461E-02  5.463E-02  4.526E-02  3.653E-02  2.848E-02  2.119E-02  1.479E-02  9.572E-03
  345.0000  6.385E-01  6.208E-01  6.029E-01  5.849E-01  5.667E-01  5.484E-01  5.300E-01  5.115E-01  4.929E-01  4.739E-01  4.552E-01  4.364E-01  4.181E-01  3.993E-01  3.806E-01  3.620E-01  3.434E-01  3.250E-01  3.067E-01  2.886E-01  2.706E-01  2.529E-01  2.355E-01  2.184E-01  2.016E-01  1.852E-01  1.692E-01  1.538E-01  1.388E-01  1.244E-01  1.106E-01  9.740E-02  8.486E-02  7.300E-02  6.181E-02  5.131E-02  4.150E-02  3.244E-02  2.420E-02  1.696E-02  1.101E-02
  346.0000  6.509E-01  6.329E-01  6.147E-01  5.963E-01  5.777E-01  5.591E-01  5.403E-01  5.214E-01  5.024E-01  4.830E-01  4.639E-01  4.448E-01  4.261E-01  4.070E-01  3.879E-01  3.689E-01  3.499E-01  3.311E-01  3.124E-01  2.939E-01  2.756E-01  2.575E-01  2.397E-01  2.222E-01  2.051E-01  1.884E-01  1.721E-01  1.563E-01  1.410E-01  1.263E-01  1.123E-01  9.881E-02  8.603E-02  7.394E-02  6.255E-02  5.186E-02  4.190E-02  3.270E-02  2.435E-02  1.702E-02  1.103E-02
  347.0000  7.000E-01  6.806E-01  6.611E-01  6.413E-01  6.214E-01  6.014E-01  5.813E-01  5.610E-01  5.406E-01  5.197E-01  4.992E-01  4.787E-01  4.586E-01  4.381E-01  4.176E-01  3.971E-01  3.768E-01  3.566E-01  3.365E-01  3.166E-01  2.969E-01  2.775E-01  2.583E-01  2.395E-01  2.211E-01  2.031E-01  1.856E-01  1.686E-01  1.521E-01  1.363E-01  1.211E-01  1.066E-01  9.286E-02  7.984E-02  6.756E-02  5.604E-02  4.530E-02  3.538E-02  2.637E-02  1.844E-02  1.196E-02
  348.0000  6.096E-01  5.928E-01  5.758E-01  5.586E-01  5.414E-01  5.239E-01  5.064E-01  4.888E-01  4.711E-01  4.529E-01  4.351E-01  4.173E-01  3.998E-01  3.819E-01  3.641E-01  3.463E-01  3.286E-01  3.110E-01  2.935E-01  2.762E-01  2.590E-01  2.421E-01  2.254E-01  2.090E-01  1.930E-01  1.773E-01  1.620E-01  1.472E-01  1.328E-01  1.190E-01  1.058E-01  9.316E-02  8.115E-02  6.979E-02  5.907E-02  4.902E-02  3.965E-02  3.098E-02  2.311E-02  1.617E-02  1.049E-02
  349.0000  6.256E-01  6.084E-01  5.910E-01  5.734E-01  5.557E-01  5.378E-01  5.199E-01  5.018E-01  4.837E-01  4.650E-01  4.468E-01  4.285E-01  4.106E-01  3.922E-01  3.740E-01  3.557E-01  3.376E-01  3.195E-01  3.016E-01  2.838E-01  2.662E-01  2.488E-01  2.317E-01  2.149E-01  1.984E-01  1.823E-01  1.666E-01  1.514E-01  1.366E-01  1.224E-01  1.088E-01  9.583E-02  8.349E-02  7.181E-02  6.080E-02  5.047E-02  4.083E-02  3.192E-02  2.381E-02  1.668E-02  1.082E-02
  350.0000  7.230E-01  7.031E-01  6.830E-01  6.627E-01  6.422E-01  6.216E-01  6.009E-01  5.800E-01  5.591E-01  5.376E-01  5.165E-01  4.954E-01  4.746E-01  4.535E-01  4.323E-01  4.113E-01  3.903E-01  3.694E-01  3.487E-01  3.281E-01  3.078E-01  2.877E-01  2.679E-01  2.485E-01  2.294E-01  2.108E-01  1.926E-01  1.750E-01  1.579E-01  1.415E-01  1.258E-01  1.107E-01  9.645E-02  8.294E-02  7.021E-02  5.827E-02  4.713E-02  3.683E-02  2.747E-02  1.923E-02  1.246E-02
------------------------------------------------------------
