Spectral Irradiance, W m-2 nm-1
values at z =      3.233 km
Columns: wavelength (nm), solar zenith angles (deg.)
    wc, nm     50.000     51.000     52.000     53.000     54.000     55.000     56.000     57.000     58.000     59.000     60.000     61.000     62.000     63.000     64.000     65.000     66.000     67.000     68.000     69.000     70.000     71.000     72.000     73.000     74.000     75.000     76.000     77.000     78.000     79.000     80.000     81.000     82.000     83.000     84.000     85.000     86.000     87.000     88.000     89.000     90.000
  280.0000  0.000E+00  0.000E+00  0.000E+00  0.000E+00  0.000E+00  0.000E+00  0.000E+00  0.000E+00  0.000E+00  0.000E+00  0.000E+00  0.000E+00  0.000E+00  0.000E+00  0.000E+00  0.000E+00  0.000E+00  0.000E+00  0.000E+00  0.000E+00  0.000E+00  0.000E+00  0.000E+00  0.000E+00  0.000E+00  0.000E+00  0.000E+00  0.000E+00  0.000E+00  0.000E+00  0.000E+00  0.000E+00  0.000E+00  0.000E+00  0.000E+00  0.000E+00  0.000E+00  0.000E+00  0.000E+00  0.000E+00  0.000E+00
  281.0000  0.000E+00  0.000E+00  0.000E+00  0.000E+00  0.000E+00  0.000E+00  0.000E+00  0.000E+00  0.000E+00  0.000E+00  0.000E+00  0.000E+00  0.000E+00  0.000E+00  0.000E+00  0.000E+00  0.000E+00  0.000E+00  0.000E+00  0.000E+00  0.000E+00  0.000E+00  0.000E+00  0.000E+00  0.000E+00  0.000E+00  0.000E+00  0.000E+00  0.000E+00  0.000E+00  0.000E+00  0.000E+00  0.000E+00  0.000E+00  0.000E+00  0.000E+00  0.000E+00  0.000E+00  0.000E+00  0.000E+00  0.000E+00
  282.0000  0.000E+00  0.000E+00  0.000E+00  0.000E+00  0.000E+00  0.000E+00  0.000E+00  0.000E+00  0.000E+00  0.000E+00  0.000E+00  0.000E+00  0.000E+00  0.000E+00  0.000E+00  0.000E+00  0.000E+00  0.000E+00  0.000E+00  0.000E+00  0.000E+00  0.000E+00  0.000E+00  0.000E+00  0.000E+00  0.000E+00  0.000E+00  0.000E+00  0.000E+00  0.000E+00  0.000E+00  0.000E+00  0.000E+00  0.000E+00  0.000E+00  0.000E+00  0.000E+00  0.000E+00  0.000E+00  0.000E+00  0.000E+00
  283.0000  0.000E+00  0.000E+00  0.000E+00  0.000E+00  0.000E+00  0.000E+00  0.000E+00  0.000E+00  0.000E+00  0.000E+00  0.000E+00  0.000E+00  0.000E+00  0.000E+00  0.000E+00  0.000E+00  0.000E+00  0.000E+00  0.000E+00  0.000E+00  0.000E+00  0.000E+00  0.000E+00  0.000E+00  0.000E+00  0.000E+00  0.000E+00  0.000E+00  0.000E+00  0.000E+00  0.000E+00  0.000E+00  0.000E+00  0.000E+00  0.000E+00  0.000E+00  0.000E+00  0.000E+00  0.000E+00  0.000E+00  0.000E+00
  284.0000  0.000E+00  0.000E+00  0.000E+00  0.000E+00  0.000E+00  0.000E+00  0.000E+00  0.000E+00  0.000E+00  0.000E+00  0.000E+00  0.000E+00  0.000E+00  0.000E+00  0.000E+00  0.000E+00  0.000E+00  0.000E+00  0.000E+00  0.000E+00  0.000E+00  0.000E+00  0.000E+00  0.000E+00  0.000E+00  0.000E+00  0.000E+00  0.000E+00  0.000E+00  0.000E+00  0.000E+00  0.000E+00  0.000E+00  0.000E+00  0.000E+00  0.000E+00  0.000E+00  0.000E+00  0.000E+00  0.000E+00  0.000E+00
  285.0000  0.000E+00  0.000E+00  0.000E+00  0.000E+00  0.000E+00  0.000E+00  0.000E+00  0.000E+00  0.000E+00  0.000E+00  0.000E+00  0.000E+00  0.000E+00  0.000E+00  0.000E+00  0.000E+00  0.000E+00  0.000E+00  0.000E+00  0.000E+00  0.000E+00  0.000E+00  0.000E+00  0.000E+00  0.000E+00  0.000E+00  0.000E+00  0.000E+00  0.000E+00  0.000E+00  0.000E+00  0.000E+00  0.000E+00  0.000E+00  0.000E+00  0.000E+00  0.000E+00  0.000E+00  0.000E+00  0.000E+00  0.000E+00
  286.0000  0.000E+00  0.000E+00  0.000E+00  0.000E+00  0.000E+00  0.000E+00  0.000E+00  0.000E+00  0.000E+00  0.000E+00  0.000E+00  0.000E+00  0.000E+00  0.000E+00  0.000E+00  0.000E+00  0.000E+00  0.000E+00  0.000E+00  0.000E+00  0.000E+00  0.000E+00  0.000E+00  0.000E+00  0.000E+00  0.000E+00  0.000E+00  0.000E+00  0.000E+00  0.000E+00  0.000E+00  0.000E+00  0.000E+00  0.000E+00  0.000E+00  0.000E+00  0.000E+00  0.000E+00  0.000E+00  0.000E+00  0.000E+00
  287.0000  0.000E+00  0.000E+00  0.000E+00  0.000E+00  0.000E+00  0.000E+00  0.000E+00  0.000E+00  0.000E+00  0.000E+00  0.000E+00  0.000E+00  0.000E+00  0.000E+00  0.000E+00  0.000E+00  0.000E+00  0.000E+00  0.000E+00  0.000E+00  0.000E+00  0.000E+00  0.000E+00  0.000E+00  0.000E+00  0.000E+00  0.000E+00  0.000E+00  0.000E+00  0.000E+00  0.000E+00  0.000E+00  0.000E+00  0.000E+00  0.000E+00  0.000E+00  0.000E+00  0.000E+00  0.000E+00  0.000E+00  0.000E+00
  288.0000  0.000E+00  0.000E+00  0.000E+00  0.000E+00  0.000E+00  0.000E+00  0.000E+00  0.000E+00  0.000E+00  0.000E+00  0.000E+00  0.000E+00  0.000E+00  0.000E+00  0.000E+00  0.000E+00  0.000E+00  0.000E+00  0.000E+00  0.000E+00  0.000E+00  0.000E+00  0.000E+00  0.000E+00  0.000E+00  0.000E+00  0.000E+00  0.000E+00  0.000E+00  0.000E+00  0.000E+00  0.000E+00  0.000E+00  0.000E+00  0.000E+00  0.000E+00  0.000E+00  0.000E+00  0.000E+00  0.000E+00  0.000E+00
  289.0000  9.422E-08  6.775E-08  4.787E-08  3.321E-08  2.259E-08  1.505E-08  9.815E-09  6.251E-09  3.889E-09  2.385E-09  1.370E-09  8.075E-10  4.631E-10  2.623E-10  1.489E-10  8.655E-11  5.283E-11  3.458E-11  2.448E-11  1.861E-11  1.495E-11  1.246E-11  1.065E-11  9.250E-12  8.127E-12  7.200E-12  6.418E-12  5.748E-12  5.165E-12  4.651E-12  4.191E-12  3.776E-12  3.396E-12  3.044E-12  2.714E-12  2.400E-12  2.098E-12  1.804E-12  1.514E-12  1.226E-12  9.469E-13
  290.0000  6.735E-07  5.007E-07  3.666E-07  2.640E-07  1.868E-07  1.297E-07  8.838E-08  5.899E-08  3.855E-08  2.444E-08  1.512E-08  9.385E-09  5.680E-09  3.387E-09  2.008E-09  1.203E-09  7.429E-10  4.819E-10  3.333E-10  2.463E-10  1.929E-10  1.578E-10  1.331E-10  1.145E-10  9.991E-11  8.799E-11  7.803E-11  6.956E-11  6.224E-11  5.582E-11  5.012E-11  4.501E-11  4.035E-11  3.606E-11  3.206E-11  2.829E-11  2.468E-11  2.117E-11  1.774E-11  1.435E-11  1.107E-11
  291.0000  2.656E-06  2.029E-06  1.528E-06  1.134E-06  8.285E-07  5.955E-07  4.202E-07  2.911E-07  1.979E-07  1.323E-07  8.464E-08  5.481E-08  3.467E-08  2.157E-08  1.329E-08  8.205E-09  5.152E-09  3.345E-09  2.281E-09  1.649E-09  1.261E-09  1.011E-09  8.399E-10  7.150E-10  6.188E-10  5.416E-10  4.778E-10  4.239E-10  3.777E-10  3.374E-10  3.018E-10  2.701E-10  2.414E-10  2.151E-10  1.907E-10  1.678E-10  1.461E-10  1.251E-10  1.046E-10  8.451E-11  6.516E-11
  292.0000  1.227E-05  9.695E-06  7.568E-06  5.833E-06  4.434E-06  3.322E-06  2.451E-06  1.780E-06  1.271E-06  8.855E-07  6.058E-07  4.138E-07  2.768E-07  1.820E-07  1.181E-07  7.623E-08  4.939E-08  3.252E-08  2.205E-08  1.559E-08  1.156E-08  8.988E-09  7.276E-09  6.072E-09  5.179E-09  4.484E-09  3.921E-09  3.453E-09  3.056E-09  2.713E-09  2.413E-09  2.148E-09  1.910E-09  1.694E-09  1.496E-09  1.311E-09  1.137E-09  9.705E-10  8.093E-10  6.521E-10  5.021E-10
  293.0000  3.284E-05  2.650E-05  2.114E-05  1.668E-05  1.299E-05  9.988E-06  7.571E-06  5.657E-06  4.161E-06  3.017E-06  2.120E-06  1.496E-06  1.036E-06  7.052E-07  4.732E-07  3.148E-07  2.090E-07  1.397E-07  9.515E-08  6.675E-08  4.870E-08  3.710E-08  2.943E-08  2.416E-08  2.034E-08  1.744E-08  1.514E-08  1.325E-08  1.167E-08  1.031E-08  9.133E-09  8.095E-09  7.171E-09  6.337E-09  5.577E-09  4.873E-09  4.214E-09  3.587E-09  2.984E-09  2.400E-09  1.845E-09
  294.0000  1.099E-04  9.098E-05  7.456E-05  6.049E-05  4.854E-05  3.851E-05  3.018E-05  2.335E-05  1.783E-05  1.326E-05  9.841E-06  7.233E-06  5.226E-06  3.716E-06  2.602E-06  1.802E-06  1.239E-06  8.510E-07  5.882E-07  4.130E-07  2.975E-07  2.216E-07  1.711E-07  1.369E-07  1.128E-07  9.513E-08  8.153E-08  7.066E-08  6.170E-08  5.413E-08  4.762E-08  4.195E-08  3.694E-08  3.247E-08  2.842E-08  2.472E-08  2.128E-08  1.804E-08  1.495E-08  1.198E-08  9.191E-09
  295.0000  2.601E-04  2.191E-04  1.830E-04  1.514E-04  1.241E-04  1.006E-04  8.069E-05  6.398E-05  5.011E-05  3.874E-05  2.927E-05  2.213E-05  1.648E-05  1.208E-05  8.727E-06  6.228E-06  4.403E-06  3.095E-06  2.175E-06  1.539E-06  1.107E-06  8.149E-07  6.183E-07  4.847E-07  3.918E-07  3.249E-07  2.749E-07  2.359E-07  2.044E-07  1.781E-07  1.558E-07  1.365E-07  1.196E-07  1.046E-07  9.114E-08  7.892E-08  6.767E-08  5.716E-08  4.721E-08  3.773E-08  2.887E-08
  296.0000  8.548E-04  7.350E-04  6.272E-04  5.309E-04  4.456E-04  3.706E-04  3.053E-04  2.489E-04  2.008E-04  1.590E-04  1.252E-04  9.787E-05  7.550E-05  5.739E-05  4.300E-05  3.183E-05  2.330E-05  1.690E-05  1.219E-05  8.785E-06  6.364E-06  4.666E-06  3.489E-06  2.675E-06  2.108E-06  1.707E-06  1.415E-06  1.194E-06  1.021E-06  8.803E-07  7.631E-07  6.633E-07  5.768E-07  5.010E-07  4.336E-07  3.731E-07  3.180E-07  2.671E-07  2.195E-07  1.746E-07  1.331E-07
  297.0000  1.098E-03  9.572E-04  8.288E-04  7.124E-04  6.077E-04  5.142E-04  4.313E-04  3.584E-04  2.950E-04  2.412E-04  1.922E-04  1.537E-04  1.214E-04  9.459E-05  7.270E-05  5.521E-05  4.144E-05  3.079E-05  2.268E-05  1.663E-05  1.218E-05  8.969E-06  6.679E-06  5.063E-06  3.925E-06  3.120E-06  2.540E-06  2.110E-06  1.782E-06  1.521E-06  1.308E-06  1.129E-06  9.758E-07  8.425E-07  7.250E-07  6.204E-07  5.260E-07  4.397E-07  3.598E-07  2.851E-07  2.166E-07
  298.0000  3.316E-03  2.935E-03  2.582E-03  2.258E-03  1.961E-03  1.691E-03  1.447E-03  1.228E-03  1.033E-03  8.604E-04  7.066E-04  5.792E-04  4.698E-04  3.764E-04  2.977E-04  2.328E-04  1.799E-04  1.375E-04  1.041E-04  7.812E-05  5.831E-05  4.344E-05  3.247E-05  2.447E-05  1.871E-05  1.458E-05  1.161E-05  9.441E-06  7.821E-06  6.574E-06  5.581E-06  4.767E-06  4.082E-06  3.495E-06  2.985E-06  2.534E-06  2.133E-06  1.771E-06  1.440E-06  1.135E-06  8.576E-07
  299.0000  5.016E-03  4.488E-03  3.993E-03  3.532E-03  3.105E-03  2.712E-03  2.353E-03  2.026E-03  1.731E-03  1.458E-03  1.224E-03  1.021E-03  8.434E-04  6.888E-04  5.558E-04  4.436E-04  3.501E-04  2.733E-04  2.111E-04  1.614E-04  1.225E-04  9.244E-05  6.963E-05  5.258E-05  4.002E-05  3.086E-05  2.420E-05  1.935E-05  1.577E-05  1.306E-05  1.096E-05  9.266E-06  7.869E-06  6.688E-06  5.671E-06  4.784E-06  4.001E-06  3.301E-06  2.669E-06  2.092E-06  1.575E-06
  300.0000  7.268E-03  6.578E-03  5.924E-03  5.309E-03  4.731E-03  4.192E-03  3.691E-03  3.229E-03  2.806E-03  2.409E-03  2.059E-03  1.750E-03  1.476E-03  1.231E-03  1.016E-03  8.302E-04  6.710E-04  5.366E-04  4.245E-04  3.323E-04  2.577E-04  1.981E-04  1.514E-04  1.153E-04  8.794E-05  6.741E-05  5.220E-05  4.100E-05  3.274E-05  2.658E-05  2.190E-05  1.824E-05  1.530E-05  1.286E-05  1.080E-05  9.031E-06  7.486E-06  6.125E-06  4.912E-06  3.822E-06  2.858E-06
  301.0000  1.392E-02  1.271E-02  1.155E-02  1.045E-02  9.412E-03  8.431E-03  7.510E-03  6.650E-03  5.851E-03  5.103E-03  4.417E-03  3.810E-03  3.263E-03  2.767E-03  2.323E-03  1.932E-03  1.591E-03  1.297E-03  1.046E-03  8.347E-04  6.592E-04  5.157E-04  4.000E-04  3.082E-04  2.366E-04  1.816E-04  1.399E-04  1.088E-04  8.556E-05  6.830E-05  5.532E-05  4.538E-05  3.757E-05  3.124E-05  2.599E-05  2.153E-05  1.770E-05  1.436E-05  1.143E-05  8.827E-06  6.558E-06
  302.0000  1.774E-02  1.632E-02  1.495E-02  1.364E-02  1.240E-02  1.121E-02  1.008E-02  9.020E-03  8.025E-03  7.086E-03  6.207E-03  5.422E-03  4.707E-03  4.048E-03  3.450E-03  2.915E-03  2.440E-03  2.022E-03  1.659E-03  1.348E-03  1.083E-03  8.614E-04  6.785E-04  5.298E-04  4.109E-04  3.172E-04  2.446E-04  1.892E-04  1.474E-04  1.160E-04  9.250E-05  7.468E-05  6.094E-05  5.006E-05  4.121E-05  3.383E-05  2.756E-05  2.217E-05  1.749E-05  1.340E-05  9.889E-06
  303.0000  3.796E-02  3.519E-02  3.251E-02  2.993E-02  2.743E-02  2.504E-02  2.275E-02  2.058E-02  1.851E-02  1.652E-02  1.468E-02  1.299E-02  1.144E-02  9.979E-03  8.637E-03  7.416E-03  6.313E-03  5.327E-03  4.452E-03  3.684E-03  3.017E-03  2.446E-03  1.962E-03  1.558E-03  1.226E-03  9.567E-04  7.426E-04  5.748E-04  4.452E-04  3.465E-04  2.719E-04  2.155E-04  1.726E-04  1.394E-04  1.131E-04  9.169E-05  7.384E-05  5.873E-05  4.583E-05  3.474E-05  2.539E-05
  304.0000  4.519E-02  4.210E-02  3.910E-02  3.618E-02  3.336E-02  3.064E-02  2.802E-02  2.551E-02  2.312E-02  2.075E-02  1.862E-02  1.661E-02  1.475E-02  1.299E-02  1.136E-02  9.851E-03  8.478E-03  7.235E-03  6.119E-03  5.125E-03  4.251E-03  3.490E-03  2.835E-03  2.278E-03  1.813E-03  1.429E-03  1.117E-03  8.681E-04  6.726E-04  5.214E-04  4.058E-04  3.181E-04  2.516E-04  2.007E-04  1.610E-04  1.292E-04  1.031E-04  8.134E-05  6.295E-05  4.734E-05  3.433E-05
  305.0000  6.889E-02  6.460E-02  6.038E-02  5.626E-02  5.225E-02  4.835E-02  4.458E-02  4.093E-02  3.743E-02  3.394E-02  3.075E-02  2.773E-02  2.491E-02  2.219E-02  1.964E-02  1.726E-02  1.507E-02  1.305E-02  1.121E-02  9.538E-03  8.044E-03  6.717E-03  5.551E-03  4.539E-03  3.671E-03  2.938E-03  2.327E-03  1.826E-03  1.423E-03  1.103E-03  8.530E-04  6.610E-04  5.144E-04  4.029E-04  3.173E-04  2.504E-04  1.970E-04  1.533E-04  1.170E-04  8.689E-05  6.226E-05
  306.0000  6.942E-02  6.534E-02  6.134E-02  5.741E-02  5.356E-02  4.981E-02  4.615E-02  4.261E-02  3.919E-02  3.575E-02  3.261E-02  2.960E-02  2.678E-02  2.403E-02  2.144E-02  1.901E-02  1.674E-02  1.463E-02  1.269E-02  1.092E-02  9.308E-03  7.861E-03  6.572E-03  5.437E-03  4.449E-03  3.600E-03  2.881E-03  2.281E-03  1.789E-03  1.391E-03  1.076E-03  8.299E-04  6.404E-04  4.958E-04  3.854E-04  3.003E-04  2.335E-04  1.798E-04  1.359E-04  9.990E-05  7.090E-05
  307.0000  9.620E-02  9.093E-02  8.573E-02  8.061E-02  7.558E-02  7.064E-02  6.582E-02  6.112E-02  5.654E-02  5.184E-02  4.770E-02  4.360E-02  3.974E-02  3.595E-02  3.235E-02  2.894E-02  2.573E-02  2.272E-02  1.992E-02  1.733E-02  1.495E-02  1.278E-02  1.082E-02  9.072E-03  7.523E-03  6.169E-03  5.000E-03  4.005E-03  3.171E-03  2.484E-03  1.927E-03  1.484E-03  1.138E-03  8.713E-04  6.675E-04  5.119E-04  3.919E-04  2.975E-04  2.220E-04  1.611E-04  1.130E-04
  308.0000  1.206E-01  1.144E-01  1.083E-01  1.023E-01  9.631E-02  9.045E-02  8.469E-02  7.906E-02  7.354E-02  6.793E-02  6.280E-02  5.777E-02  5.301E-02  4.832E-02  4.382E-02  3.953E-02  3.545E-02  3.160E-02  2.797E-02  2.459E-02  2.145E-02  1.855E-02  1.590E-02  1.349E-02  1.134E-02  9.420E-03  7.735E-03  6.275E-03  5.027E-03  3.976E-03  3.107E-03  2.401E-03  1.839E-03  1.398E-03  1.059E-03  8.004E-04  6.029E-04  4.507E-04  3.315E-04  2.372E-04  1.640E-04
  309.0000  1.297E-01  1.233E-01  1.170E-01  1.107E-01  1.045E-01  9.844E-02  9.243E-02  8.652E-02  8.074E-02  7.485E-02  6.941E-02  6.409E-02  5.903E-02  5.403E-02  4.921E-02  4.459E-02  4.019E-02  3.600E-02  3.205E-02  2.833E-02  2.486E-02  2.164E-02  1.868E-02  1.597E-02  1.351E-02  1.131E-02  9.364E-03  7.654E-03  6.177E-03  4.919E-03  3.865E-03  2.998E-03  2.298E-03  1.744E-03  1.314E-03  9.853E-04  7.351E-04  5.440E-04  3.964E-04  2.810E-04  1.925E-04
  310.0000  1.367E-01  1.305E-01  1.243E-01  1.181E-01  1.120E-01  1.060E-01  1.000E-01  9.414E-02  8.835E-02  8.245E-02  7.691E-02  7.148E-02  6.631E-02  6.114E-02  5.614E-02  5.130E-02  4.666E-02  4.220E-02  3.796E-02  3.392E-02  3.012E-02  2.654E-02  2.320E-02  2.011E-02  1.727E-02  1.468E-02  1.234E-02  1.025E-02  8.403E-03  6.794E-03  5.413E-03  4.246E-03  3.280E-03  2.495E-03  1.872E-03  1.387E-03  1.017E-03  7.377E-04  5.263E-04  3.657E-04  2.455E-04
  311.0000  2.360E-01  2.256E-01  2.153E-01  2.050E-01  1.948E-01  1.846E-01  1.746E-01  1.647E-01  1.549E-01  1.449E-01  1.355E-01  1.263E-01  1.175E-01  1.087E-01  1.001E-01  9.180E-02  8.379E-02  7.609E-02  6.871E-02  6.168E-02  5.502E-02  4.873E-02  4.283E-02  3.733E-02  3.225E-02  2.758E-02  2.334E-02  1.952E-02  1.611E-02  1.312E-02  1.052E-02  8.303E-03  6.444E-03  4.917E-03  3.690E-03  2.728E-03  1.989E-03  1.430E-03  1.011E-03  6.958E-04  4.628E-04
  312.0000  2.189E-01  2.097E-01  2.006E-01  1.915E-01  1.824E-01  1.734E-01  1.644E-01  1.556E-01  1.468E-01  1.379E-01  1.294E-01  1.210E-01  1.130E-01  1.050E-01  9.717E-02  8.956E-02  8.217E-02  7.504E-02  6.817E-02  6.159E-02  5.531E-02  4.934E-02  4.370E-02  3.841E-02  3.347E-02  2.889E-02  2.469E-02  2.086E-02  1.740E-02  1.432E-02  1.161E-02  9.260E-03  7.252E-03  5.572E-03  4.197E-03  3.100E-03  2.246E-03  1.598E-03  1.113E-03  7.547E-04  4.942E-04
  313.0000  2.539E-01  2.438E-01  2.337E-01  2.236E-01  2.136E-01  2.036E-01  1.936E-01  1.837E-01  1.739E-01  1.639E-01  1.544E-01  1.449E-01  1.359E-01  1.268E-01  1.178E-01  1.091E-01  1.006E-01  9.239E-02  8.443E-02  7.675E-02  6.938E-02  6.233E-02  5.563E-02  4.929E-02  4.333E-02  3.775E-02  3.258E-02  2.781E-02  2.347E-02  1.954E-02  1.603E-02  1.293E-02  1.024E-02  7.950E-03  6.034E-03  4.473E-03  3.236E-03  2.285E-03  1.572E-03  1.049E-03  6.754E-04
  314.0000  2.806E-01  2.697E-01  2.588E-01  2.479E-01  2.369E-01  2.261E-01  2.152E-01  2.045E-01  1.938E-01  1.829E-01  1.725E-01  1.622E-01  1.523E-01  1.423E-01  1.325E-01  1.229E-01  1.136E-01  1.045E-01  9.570E-02  8.720E-02  7.902E-02  7.119E-02  6.372E-02  5.663E-02  4.994E-02  4.367E-02  3.783E-02  3.242E-02  2.747E-02  2.297E-02  1.893E-02  1.535E-02  1.221E-02  9.520E-03  7.252E-03  5.387E-03  3.898E-03  2.746E-03  1.881E-03  1.247E-03  7.975E-04
  315.0000  2.971E-01  2.862E-01  2.753E-01  2.643E-01  2.534E-01  2.425E-01  2.315E-01  2.207E-01  2.099E-01  1.988E-01  1.882E-01  1.777E-01  1.675E-01  1.573E-01  1.472E-01  1.372E-01  1.275E-01  1.180E-01  1.088E-01  9.978E-02  9.109E-02  8.270E-02  7.465E-02  6.695E-02  5.962E-02  5.268E-02  4.615E-02  4.005E-02  3.438E-02  2.915E-02  2.439E-02  2.008E-02  1.624E-02  1.286E-02  9.939E-03  7.474E-03  5.449E-03  3.840E-03  2.609E-03  1.704E-03  1.067E-03
  316.0000  2.421E-01  2.333E-01  2.244E-01  2.156E-01  2.067E-01  1.979E-01  1.890E-01  1.802E-01  1.715E-01  1.625E-01  1.539E-01  1.453E-01  1.371E-01  1.288E-01  1.205E-01  1.125E-01  1.046E-01  9.684E-02  8.931E-02  8.199E-02  7.490E-02  6.805E-02  6.148E-02  5.518E-02  4.918E-02  4.350E-02  3.815E-02  3.314E-02  2.848E-02  2.418E-02  2.025E-02  1.670E-02  1.352E-02  1.073E-02  8.303E-03  6.252E-03  4.562E-03  3.216E-03  2.184E-03  1.424E-03  8.908E-04
  317.0000  3.732E-01  3.602E-01  3.472E-01  3.341E-01  3.210E-01  3.079E-01  2.948E-01  2.817E-01  2.687E-01  2.553E-01  2.424E-01  2.297E-01  2.173E-01  2.047E-01  1.923E-01  1.801E-01  1.681E-01  1.564E-01  1.449E-01  1.337E-01  1.227E-01  1.122E-01  1.019E-01  9.210E-02  8.267E-02  7.369E-02  6.516E-02  5.711E-02  4.957E-02  4.254E-02  3.604E-02  3.009E-02  2.469E-02  1.985E-02  1.558E-02  1.189E-02  8.776E-03  6.232E-03  4.237E-03  2.745E-03  1.694E-03
  318.0000  3.285E-01  3.171E-01  3.057E-01  2.943E-01  2.828E-01  2.713E-01  2.598E-01  2.484E-01  2.369E-01  2.252E-01  2.139E-01  2.027E-01  1.919E-01  1.809E-01  1.700E-01  1.593E-01  1.487E-01  1.384E-01  1.283E-01  1.184E-01  1.088E-01  9.945E-02  9.044E-02  8.177E-02  7.345E-02  6.552E-02  5.798E-02  5.086E-02  4.418E-02  3.795E-02  3.219E-02  2.690E-02  2.210E-02  1.780E-02  1.399E-02  1.069E-02  7.897E-03  5.613E-03  3.817E-03  2.472E-03  1.523E-03
  319.0000  3.811E-01  3.687E-01  3.561E-01  3.435E-01  3.309E-01  3.182E-01  3.055E-01  2.928E-01  2.801E-01  2.671E-01  2.545E-01  2.419E-01  2.298E-01  2.174E-01  2.052E-01  1.930E-01  1.811E-01  1.693E-01  1.578E-01  1.465E-01  1.354E-01  1.246E-01  1.141E-01  1.040E-01  9.418E-02  8.477E-02  7.576E-02  6.718E-02  5.905E-02  5.138E-02  4.420E-02  3.752E-02  3.135E-02  2.571E-02  2.062E-02  1.608E-02  1.213E-02  8.774E-03  6.042E-03  3.926E-03  2.402E-03
  320.0000  4.236E-01  4.095E-01  3.953E-01  3.810E-01  3.666E-01  3.523E-01  3.379E-01  3.235E-01  3.092E-01  2.945E-01  2.802E-01  2.661E-01  2.524E-01  2.384E-01  2.247E-01  2.110E-01  1.976E-01  1.844E-01  1.715E-01  1.588E-01  1.465E-01  1.344E-01  1.228E-01  1.115E-01  1.007E-01  9.026E-02  8.033E-02  7.091E-02  6.202E-02  5.368E-02  4.590E-02  3.870E-02  3.211E-02  2.612E-02  2.077E-02  1.605E-02  1.199E-02  8.599E-03  5.881E-03  3.808E-03  2.334E-03
  321.0000  4.526E-01  4.383E-01  4.240E-01  4.095E-01  3.950E-01  3.805E-01  3.659E-01  3.513E-01  3.367E-01  3.217E-01  3.072E-01  2.927E-01  2.786E-01  2.642E-01  2.500E-01  2.359E-01  2.220E-01  2.082E-01  1.947E-01  1.813E-01  1.683E-01  1.555E-01  1.431E-01  1.310E-01  1.193E-01  1.080E-01  9.715E-02  8.674E-02  7.682E-02  6.741E-02  5.853E-02  5.020E-02  4.243E-02  3.524E-02  2.866E-02  2.270E-02  1.740E-02  1.280E-02  8.942E-03  5.870E-03  3.604E-03
  322.0000  4.513E-01  4.370E-01  4.226E-01  4.080E-01  3.935E-01  3.788E-01  3.642E-01  3.495E-01  3.349E-01  3.198E-01  3.052E-01  2.907E-01  2.765E-01  2.621E-01  2.478E-01  2.337E-01  2.197E-01  2.060E-01  1.924E-01  1.791E-01  1.660E-01  1.533E-01  1.409E-01  1.288E-01  1.171E-01  1.058E-01  9.503E-02  8.468E-02  7.484E-02  6.551E-02  5.673E-02  4.851E-02  4.087E-02  3.383E-02  2.740E-02  2.160E-02  1.648E-02  1.206E-02  8.391E-03  5.489E-03  3.365E-03
  323.0000  3.968E-01  3.843E-01  3.717E-01  3.591E-01  3.464E-01  3.336E-01  3.208E-01  3.080E-01  2.952E-01  2.821E-01  2.693E-01  2.566E-01  2.442E-01  2.316E-01  2.191E-01  2.067E-01  1.945E-01  1.824E-01  1.705E-01  1.588E-01  1.474E-01  1.362E-01  1.252E-01  1.146E-01  1.043E-01  9.440E-02  8.486E-02  7.572E-02  6.701E-02  5.876E-02  5.097E-02  4.367E-02  3.687E-02  3.059E-02  2.484E-02  1.965E-02  1.503E-02  1.104E-02  7.697E-03  5.043E-03  3.091E-03
  324.0000  4.738E-01  4.595E-01  4.452E-01  4.308E-01  4.162E-01  4.017E-01  3.870E-01  3.723E-01  3.576E-01  3.425E-01  3.279E-01  3.132E-01  2.989E-01  2.843E-01  2.699E-01  2.555E-01  2.412E-01  2.271E-01  2.132E-01  1.995E-01  1.860E-01  1.728E-01  1.598E-01  1.472E-01  1.349E-01  1.229E-01  1.114E-01  1.003E-01  8.963E-02  7.945E-02  6.976E-02  6.059E-02  5.195E-02  4.386E-02  3.632E-02  2.937E-02  2.304E-02  1.738E-02  1.246E-02  8.377E-03  5.235E-03
  325.0000  4.945E-01  4.793E-01  4.639E-01  4.485E-01  4.330E-01  4.174E-01  4.017E-01  3.861E-01  3.704E-01  3.543E-01  3.386E-01  3.230E-01  3.078E-01  2.923E-01  2.770E-01  2.617E-01  2.466E-01  2.317E-01  2.170E-01  2.025E-01  1.883E-01  1.744E-01  1.608E-01  1.475E-01  1.347E-01  1.222E-01  1.102E-01  9.871E-02  8.772E-02  7.725E-02  6.735E-02  5.802E-02  4.930E-02  4.119E-02  3.371E-02  2.690E-02  2.079E-02  1.542E-02  1.086E-02  7.181E-03  4.426E-03
  326.0000  6.618E-01  6.420E-01  6.219E-01  6.018E-01  5.815E-01  5.612E-01  5.407E-01  5.202E-01  4.997E-01  4.786E-01  4.581E-01  4.376E-01  4.176E-01  3.973E-01  3.770E-01  3.569E-01  3.370E-01  3.173E-01  2.978E-01  2.786E-01  2.597E-01  2.412E-01  2.231E-01  2.054E-01  1.882E-01  1.714E-01  1.553E-01  1.398E-01  1.248E-01  1.106E-01  9.705E-02  8.423E-02  7.216E-02  6.086E-02  5.035E-02  4.067E-02  3.186E-02  2.399E-02  1.718E-02  1.152E-02  7.185E-03
  327.0000  6.496E-01  6.305E-01  6.112E-01  5.918E-01  5.723E-01  5.526E-01  5.329E-01  5.131E-01  4.933E-01  4.730E-01  4.531E-01  4.333E-01  4.140E-01  3.943E-01  3.746E-01  3.551E-01  3.358E-01  3.166E-01  2.977E-01  2.790E-01  2.605E-01  2.425E-01  2.247E-01  2.074E-01  1.905E-01  1.741E-01  1.582E-01  1.428E-01  1.281E-01  1.139E-01  1.005E-01  8.766E-02  7.556E-02  6.418E-02  5.352E-02  4.364E-02  3.455E-02  2.634E-02  1.911E-02  1.300E-02  8.211E-03
  328.0000  6.142E-01  5.958E-01  5.772E-01  5.585E-01  5.397E-01  5.207E-01  5.018E-01  4.827E-01  4.636E-01  4.441E-01  4.250E-01  4.060E-01  3.874E-01  3.685E-01  3.497E-01  3.310E-01  3.124E-01  2.941E-01  2.760E-01  2.581E-01  2.406E-01  2.234E-01  2.065E-01  1.900E-01  1.740E-01  1.585E-01  1.435E-01  1.290E-01  1.152E-01  1.019E-01  8.935E-02  7.747E-02  6.628E-02  5.583E-02  4.612E-02  3.718E-02  2.907E-02  2.184E-02  1.559E-02  1.043E-02  6.489E-03
  329.0000  6.551E-01  6.361E-01  6.169E-01  5.976E-01  5.781E-01  5.586E-01  5.389E-01  5.192E-01  4.994E-01  4.791E-01  4.593E-01  4.395E-01  4.201E-01  4.004E-01  3.807E-01  3.612E-01  3.418E-01  3.226E-01  3.036E-01  2.848E-01  2.663E-01  2.481E-01  2.302E-01  2.128E-01  1.957E-01  1.791E-01  1.630E-01  1.475E-01  1.325E-01  1.182E-01  1.045E-01  9.141E-02  7.905E-02  6.740E-02  5.646E-02  4.627E-02  3.685E-02  2.829E-02  2.068E-02  1.418E-02  9.018E-03
  330.0000  7.585E-01  7.366E-01  7.145E-01  6.922E-01  6.698E-01  6.472E-01  6.246E-01  6.018E-01  5.790E-01  5.556E-01  5.327E-01  5.099E-01  4.876E-01  4.648E-01  4.421E-01  4.195E-01  3.971E-01  3.749E-01  3.530E-01  3.312E-01  3.098E-01  2.888E-01  2.681E-01  2.479E-01  2.281E-01  2.089E-01  1.902E-01  1.722E-01  1.548E-01  1.382E-01  1.222E-01  1.071E-01  9.272E-02  7.915E-02  6.641E-02  5.452E-02  4.353E-02  3.350E-02  2.456E-02  1.690E-02  1.079E-02
  331.0000  6.393E-01  6.205E-01  6.016E-01  5.826E-01  5.635E-01  5.442E-01  5.249E-01  5.055E-01  4.860E-01  4.660E-01  4.466E-01  4.271E-01  4.081E-01  3.887E-01  3.694E-01  3.502E-01  3.311E-01  3.122E-01  2.936E-01  2.751E-01  2.570E-01  2.391E-01  2.216E-01  2.045E-01  1.878E-01  1.716E-01  1.559E-01  1.407E-01  1.261E-01  1.121E-01  9.880E-02  8.615E-02  7.420E-02  6.297E-02  5.248E-02  4.274E-02  3.380E-02  2.573E-02  1.864E-02  1.265E-02  7.963E-03
  332.0000  6.464E-01  6.279E-01  6.092E-01  5.903E-01  5.713E-01  5.522E-01  5.330E-01  5.137E-01  4.944E-01  4.745E-01  4.552E-01  4.358E-01  4.168E-01  3.975E-01  3.782E-01  3.591E-01  3.400E-01  3.212E-01  3.025E-01  2.840E-01  2.657E-01  2.478E-01  2.302E-01  2.129E-01  1.961E-01  1.797E-01  1.637E-01  1.483E-01  1.335E-01  1.192E-01  1.056E-01  9.258E-02  8.025E-02  6.862E-02  5.767E-02  4.745E-02  3.797E-02  2.930E-02  2.155E-02  1.487E-02  9.522E-03
  333.0000  6.839E-01  6.645E-01  6.448E-01  6.250E-01  6.051E-01  5.850E-01  5.648E-01  5.446E-01  5.243E-01  5.034E-01  4.830E-01  4.626E-01  4.427E-01  4.223E-01  4.021E-01  3.819E-01  3.618E-01  3.419E-01  3.222E-01  3.027E-01  2.835E-01  2.645E-01  2.459E-01  2.277E-01  2.098E-01  1.925E-01  1.756E-01  1.593E-01  1.435E-01  1.284E-01  1.139E-01  1.000E-01  8.691E-02  7.449E-02  6.280E-02  5.185E-02  4.166E-02  3.231E-02  2.390E-02  1.660E-02  1.070E-02
  334.0000  6.100E-01  5.924E-01  5.747E-01  5.568E-01  5.389E-01  5.208E-01  5.026E-01  4.844E-01  4.661E-01  4.473E-01  4.289E-01  4.106E-01  3.926E-01  3.743E-01  3.561E-01  3.380E-01  3.199E-01  3.021E-01  2.843E-01  2.669E-01  2.496E-01  2.326E-01  2.159E-01  1.996E-01  1.837E-01  1.681E-01  1.531E-01  1.385E-01  1.245E-01  1.110E-01  9.816E-02  8.592E-02  7.433E-02  6.340E-02  5.314E-02  4.358E-02  3.475E-02  2.670E-02  1.954E-02  1.340E-02  8.526E-03
  335.0000  6.924E-01  6.728E-01  6.530E-01  6.331E-01  6.130E-01  5.928E-01  5.725E-01  5.521E-01  5.316E-01  5.105E-01  4.900E-01  4.694E-01  4.493E-01  4.287E-01  4.083E-01  3.879E-01  3.676E-01  3.475E-01  3.276E-01  3.079E-01  2.884E-01  2.692E-01  2.504E-01  2.319E-01  2.138E-01  1.962E-01  1.791E-01  1.625E-01  1.465E-01  1.311E-01  1.164E-01  1.023E-01  8.898E-02  7.635E-02  6.445E-02  5.328E-02  4.289E-02  3.334E-02  2.472E-02  1.721E-02  1.112E-02
  336.0000  5.879E-01  5.713E-01  5.546E-01  5.377E-01  5.208E-01  5.037E-01  4.865E-01  4.692E-01  4.519E-01  4.341E-01  4.167E-01  3.993E-01  3.823E-01  3.649E-01  3.475E-01  3.303E-01  3.131E-01  2.961E-01  2.792E-01  2.625E-01  2.460E-01  2.297E-01  2.137E-01  1.980E-01  1.827E-01  1.677E-01  1.531E-01  1.390E-01  1.254E-01  1.123E-01  9.980E-02  8.783E-02  7.645E-02  6.568E-02  5.552E-02  4.599E-02  3.710E-02  2.890E-02  2.149E-02  1.501E-02  9.728E-03
  337.0000  5.602E-01  5.443E-01  5.282E-01  5.120E-01  4.957E-01  4.794E-01  4.629E-01  4.463E-01  4.297E-01  4.126E-01  3.959E-01  3.792E-01  3.629E-01  3.463E-01  3.296E-01  3.131E-01  2.967E-01  2.803E-01  2.642E-01  2.482E-01  2.324E-01  2.168E-01  2.015E-01  1.865E-01  1.718E-01  1.576E-01  1.437E-01  1.302E-01  1.173E-01  1.048E-01  9.289E-02  8.153E-02  7.075E-02  6.057E-02  5.100E-02  4.204E-02  3.372E-02  2.609E-02  1.925E-02  1.332E-02  8.548E-03
  338.0000  6.269E-01  6.092E-01  5.913E-01  5.733E-01  5.552E-01  5.369E-01  5.186E-01  5.001E-01  4.816E-01  4.626E-01  4.440E-01  4.254E-01  4.072E-01  3.886E-01  3.701E-01  3.516E-01  3.333E-01  3.151E-01  2.970E-01  2.791E-01  2.615E-01  2.441E-01  2.270E-01  2.102E-01  1.938E-01  1.778E-01  1.622E-01  1.472E-01  1.326E-01  1.187E-01  1.053E-01  9.251E-02  8.039E-02  6.893E-02  5.815E-02  4.804E-02  3.864E-02  2.999E-02  2.221E-02  1.543E-02  9.943E-03
  339.0000  6.634E-01  6.449E-01  6.261E-01  6.072E-01  5.882E-01  5.690E-01  5.497E-01  5.303E-01  5.109E-01  4.909E-01  4.713E-01  4.518E-01  4.326E-01  4.131E-01  3.935E-01  3.741E-01  3.548E-01  3.356E-01  3.165E-01  2.977E-01  2.791E-01  2.607E-01  2.426E-01  2.249E-01  2.076E-01  1.906E-01  1.741E-01  1.582E-01  1.427E-01  1.279E-01  1.137E-01  1.001E-01  8.719E-02  7.496E-02  6.343E-02  5.260E-02  4.250E-02  3.317E-02  2.471E-02  1.729E-02  1.123E-02
  340.0000  7.480E-01  7.270E-01  7.058E-01  6.845E-01  6.629E-01  6.413E-01  6.195E-01  5.976E-01  5.756E-01  5.530E-01  5.310E-01  5.089E-01  4.872E-01  4.651E-01  4.431E-01  4.211E-01  3.993E-01  3.776E-01  3.561E-01  3.348E-01  3.138E-01  2.930E-01  2.726E-01  2.526E-01  2.330E-01  2.139E-01  1.953E-01  1.773E-01  1.599E-01  1.431E-01  1.271E-01  1.118E-01  9.724E-02  8.349E-02  7.053E-02  5.838E-02  4.706E-02  3.663E-02  2.720E-02  1.896E-02  1.226E-02
  341.0000  6.568E-01  6.385E-01  6.200E-01  6.013E-01  5.824E-01  5.635E-01  5.444E-01  5.252E-01  5.060E-01  4.862E-01  4.669E-01  4.475E-01  4.286E-01  4.092E-01  3.899E-01  3.707E-01  3.515E-01  3.325E-01  3.137E-01  2.950E-01  2.765E-01  2.583E-01  2.404E-01  2.228E-01  2.056E-01  1.888E-01  1.725E-01  1.566E-01  1.413E-01  1.266E-01  1.124E-01  9.898E-02  8.618E-02  7.406E-02  6.263E-02  5.191E-02  4.191E-02  3.269E-02  2.433E-02  1.700E-02  1.102E-02
  342.0000  6.698E-01  6.512E-01  6.324E-01  6.134E-01  5.943E-01  5.750E-01  5.556E-01  5.362E-01  5.166E-01  4.965E-01  4.769E-01  4.572E-01  4.379E-01  4.182E-01  3.986E-01  3.790E-01  3.596E-01  3.402E-01  3.210E-01  3.020E-01  2.832E-01  2.646E-01  2.464E-01  2.284E-01  2.109E-01  1.937E-01  1.771E-01  1.609E-01  1.452E-01  1.302E-01  1.157E-01  1.020E-01  8.887E-02  7.646E-02  6.475E-02  5.376E-02  4.349E-02  3.400E-02  2.537E-02  1.779E-02  1.157E-02
  343.0000  7.041E-01  6.846E-01  6.648E-01  6.449E-01  6.248E-01  6.046E-01  5.842E-01  5.638E-01  5.432E-01  5.221E-01  5.015E-01  4.808E-01  4.605E-01  4.398E-01  4.192E-01  3.986E-01  3.782E-01  3.578E-01  3.376E-01  3.176E-01  2.978E-01  2.783E-01  2.591E-01  2.403E-01  2.218E-01  2.038E-01  1.862E-01  1.692E-01  1.527E-01  1.369E-01  1.217E-01  1.072E-01  9.339E-02  8.034E-02  6.802E-02  5.646E-02  4.567E-02  3.569E-02  2.663E-02  1.866E-02  1.212E-02
  344.0000  5.720E-01  5.560E-01  5.399E-01  5.237E-01  5.074E-01  4.909E-01  4.743E-01  4.577E-01  4.409E-01  4.238E-01  4.070E-01  3.901E-01  3.736E-01  3.568E-01  3.400E-01  3.232E-01  3.066E-01  2.900E-01  2.736E-01  2.573E-01  2.412E-01  2.253E-01  2.097E-01  1.943E-01  1.793E-01  1.646E-01  1.503E-01  1.365E-01  1.231E-01  1.102E-01  9.790E-02  8.613E-02  7.495E-02  6.438E-02  5.441E-02  4.507E-02  3.636E-02  2.833E-02  2.106E-02  1.469E-02  9.501E-03
  345.0000  6.382E-01  6.205E-01  6.027E-01  5.846E-01  5.665E-01  5.482E-01  5.298E-01  5.113E-01  4.927E-01  4.736E-01  4.549E-01  4.362E-01  4.179E-01  3.991E-01  3.804E-01  3.618E-01  3.432E-01  3.248E-01  3.065E-01  2.884E-01  2.704E-01  2.527E-01  2.353E-01  2.182E-01  2.014E-01  1.850E-01  1.691E-01  1.536E-01  1.387E-01  1.243E-01  1.105E-01  9.728E-02  8.475E-02  7.289E-02  6.171E-02  5.122E-02  4.142E-02  3.237E-02  2.415E-02  1.691E-02  1.098E-02
  346.0000  6.504E-01  6.324E-01  6.142E-01  5.958E-01  5.773E-01  5.586E-01  5.398E-01  5.209E-01  5.020E-01  4.825E-01  4.635E-01  4.444E-01  4.256E-01  4.065E-01  3.875E-01  3.684E-01  3.495E-01  3.307E-01  3.120E-01  2.935E-01  2.752E-01  2.572E-01  2.394E-01  2.219E-01  2.048E-01  1.881E-01  1.718E-01  1.560E-01  1.408E-01  1.261E-01  1.120E-01  9.858E-02  8.582E-02  7.374E-02  6.237E-02  5.170E-02  4.175E-02  3.257E-02  2.424E-02  1.694E-02  1.096E-02
  347.0000  6.996E-01  6.802E-01  6.606E-01  6.409E-01  6.210E-01  6.010E-01  5.809E-01  5.606E-01  5.402E-01  5.193E-01  4.989E-01  4.784E-01  4.583E-01  4.377E-01  4.172E-01  3.968E-01  3.765E-01  3.562E-01  3.362E-01  3.163E-01  2.966E-01  2.772E-01  2.580E-01  2.392E-01  2.208E-01  2.028E-01  1.853E-01  1.683E-01  1.519E-01  1.361E-01  1.209E-01  1.064E-01  9.268E-02  7.967E-02  6.741E-02  5.591E-02  4.518E-02  3.527E-02  2.628E-02  1.837E-02  1.190E-02
  348.0000  6.094E-01  5.925E-01  5.755E-01  5.584E-01  5.411E-01  5.237E-01  5.062E-01  4.885E-01  4.708E-01  4.527E-01  4.349E-01  4.170E-01  3.995E-01  3.817E-01  3.638E-01  3.461E-01  3.284E-01  3.108E-01  2.933E-01  2.760E-01  2.588E-01  2.419E-01  2.252E-01  2.089E-01  1.928E-01  1.771E-01  1.619E-01  1.470E-01  1.327E-01  1.189E-01  1.057E-01  9.304E-02  8.104E-02  6.968E-02  5.898E-02  4.894E-02  3.957E-02  3.091E-02  2.305E-02  1.613E-02  1.046E-02
  349.0000  6.254E-01  6.082E-01  5.907E-01  5.732E-01  5.555E-01  5.376E-01  5.197E-01  5.016E-01  4.835E-01  4.649E-01  4.466E-01  4.283E-01  4.104E-01  3.921E-01  3.738E-01  3.556E-01  3.374E-01  3.193E-01  3.014E-01  2.836E-01  2.660E-01  2.487E-01  2.316E-01  2.148E-01  1.983E-01  1.822E-01  1.665E-01  1.512E-01  1.365E-01  1.223E-01  1.087E-01  9.574E-02  8.340E-02  7.172E-02  6.072E-02  5.040E-02  4.077E-02  3.186E-02  2.377E-02  1.664E-02  1.079E-02
  350.0000  7.227E-01  7.028E-01  6.827E-01  6.624E-01  6.420E-01  6.214E-01  6.006E-01  5.798E-01  5.588E-01  5.373E-01  5.162E-01  4.951E-01  4.744E-01  4.532E-01  4.321E-01  4.110E-01  3.901E-01  3.692E-01  3.485E-01  3.279E-01  3.076E-01  2.875E-01  2.677E-01  2.483E-01  2.292E-01  2.106E-01  1.924E-01  1.748E-01  1.578E-01  1.414E-01  1.256E-01  1.106E-01  9.633E-02  8.283E-02  7.011E-02  5.817E-02  4.704E-02  3.676E-02  2.741E-02  1.918E-02  1.243E-02
------------------------------------------------------------
