Spectral Irradiance, W m-2 nm-1
values at z =      3.233 km
Columns: wavelength (nm), solar zenith angles (deg.)
    wc, nm     50.000     51.000     52.000     53.000     54.000     55.000     56.000     57.000     58.000     59.000     60.000     61.000     62.000     63.000     64.000     65.000     66.000     67.000     68.000     69.000     70.000     71.000     72.000     73.000     74.000     75.000     76.000     77.000     78.000     79.000     80.000     81.000     82.000     83.000     84.000     85.000     86.000     87.000     88.000     89.000     90.000
  280.0000  0.000E+00  0.000E+00  0.000E+00  0.000E+00  0.000E+00  0.000E+00  0.000E+00  0.000E+00  0.000E+00  0.000E+00  0.000E+00  0.000E+00  0.000E+00  0.000E+00  0.000E+00  0.000E+00  0.000E+00  0.000E+00  0.000E+00  0.000E+00  0.000E+00  0.000E+00  0.000E+00  0.000E+00  0.000E+00  0.000E+00  0.000E+00  0.000E+00  0.000E+00  0.000E+00  0.000E+00  0.000E+00  0.000E+00  0.000E+00  0.000E+00  0.000E+00  0.000E+00  0.000E+00  0.000E+00  0.000E+00  0.000E+00
  281.0000  0.000E+00  0.000E+00  0.000E+00  0.000E+00  0.000E+00  0.000E+00  0.000E+00  0.000E+00  0.000E+00  0.000E+00  0.000E+00  0.000E+00  0.000E+00  0.000E+00  0.000E+00  0.000E+00  0.000E+00  0.000E+00  0.000E+00  0.000E+00  0.000E+00  0.000E+00  0.000E+00  0.000E+00  0.000E+00  0.000E+00  0.000E+00  0.000E+00  0.000E+00  0.000E+00  0.000E+00  0.000E+00  0.000E+00  0.000E+00  0.000E+00  0.000E+00  0.000E+00  0.000E+00  0.000E+00  0.000E+00  0.000E+00
  282.0000  0.000E+00  0.000E+00  0.000E+00  0.000E+00  0.000E+00  0.000E+00  0.000E+00  0.000E+00  0.000E+00  0.000E+00  0.000E+00  0.000E+00  0.000E+00  0.000E+00  0.000E+00  0.000E+00  0.000E+00  0.000E+00  0.000E+00  0.000E+00  0.000E+00  0.000E+00  0.000E+00  0.000E+00  0.000E+00  0.000E+00  0.000E+00  0.000E+00  0.000E+00  0.000E+00  0.000E+00  0.000E+00  0.000E+00  0.000E+00  0.000E+00  0.000E+00  0.000E+00  0.000E+00  0.000E+00  0.000E+00  0.000E+00
  283.0000  0.000E+00  0.000E+00  0.000E+00  0.000E+00  0.000E+00  0.000E+00  0.000E+00  0.000E+00  0.000E+00  0.000E+00  0.000E+00  0.000E+00  0.000E+00  0.000E+00  0.000E+00  0.000E+00  0.000E+00  0.000E+00  0.000E+00  0.000E+00  0.000E+00  0.000E+00  0.000E+00  0.000E+00  0.000E+00  0.000E+00  0.000E+00  0.000E+00  0.000E+00  0.000E+00  0.000E+00  0.000E+00  0.000E+00  0.000E+00  0.000E+00  0.000E+00  0.000E+00  0.000E+00  0.000E+00  0.000E+00  0.000E+00
  284.0000  0.000E+00  0.000E+00  0.000E+00  0.000E+00  0.000E+00  0.000E+00  0.000E+00  0.000E+00  0.000E+00  0.000E+00  0.000E+00  0.000E+00  0.000E+00  0.000E+00  0.000E+00  0.000E+00  0.000E+00  0.000E+00  0.000E+00  0.000E+00  0.000E+00  0.000E+00  0.000E+00  0.000E+00  0.000E+00  0.000E+00  0.000E+00  0.000E+00  0.000E+00  0.000E+00  0.000E+00  0.000E+00  0.000E+00  0.000E+00  0.000E+00  0.000E+00  0.000E+00  0.000E+00  0.000E+00  0.000E+00  0.000E+00
  285.0000  0.000E+00  0.000E+00  0.000E+00  0.000E+00  0.000E+00  0.000E+00  0.000E+00  0.000E+00  0.000E+00  0.000E+00  0.000E+00  0.000E+00  0.000E+00  0.000E+00  0.000E+00  0.000E+00  0.000E+00  0.000E+00  0.000E+00  0.000E+00  0.000E+00  0.000E+00  0.000E+00  0.000E+00  0.000E+00  0.000E+00  0.000E+00  0.000E+00  0.000E+00  0.000E+00  0.000E+00  0.000E+00  0.000E+00  0.000E+00  0.000E+00  0.000E+00  0.000E+00  0.000E+00  0.000E+00  0.000E+00  0.000E+00
  286.0000  0.000E+00  0.000E+00  0.000E+00  0.000E+00  0.000E+00  0.000E+00  0.000E+00  0.000E+00  0.000E+00  0.000E+00  0.000E+00  0.000E+00  0.000E+00  0.000E+00  0.000E+00  0.000E+00  0.000E+00  0.000E+00  0.000E+00  0.000E+00  0.000E+00  0.000E+00  0.000E+00  0.000E+00  0.000E+00  0.000E+00  0.000E+00  0.000E+00  0.000E+00  0.000E+00  0.000E+00  0.000E+00  0.000E+00  0.000E+00  0.000E+00  0.000E+00  0.000E+00  0.000E+00  0.000E+00  0.000E+00  0.000E+00
  287.0000  0.000E+00  0.000E+00  0.000E+00  0.000E+00  0.000E+00  0.000E+00  0.000E+00  0.000E+00  0.000E+00  0.000E+00  0.000E+00  0.000E+00  0.000E+00  0.000E+00  0.000E+00  0.000E+00  0.000E+00  0.000E+00  0.000E+00  0.000E+00  0.000E+00  0.000E+00  0.000E+00  0.000E+00  0.000E+00  0.000E+00  0.000E+00  0.000E+00  0.000E+00  0.000E+00  0.000E+00  0.000E+00  0.000E+00  0.000E+00  0.000E+00  0.000E+00  0.000E+00  0.000E+00  0.000E+00  0.000E+00  0.000E+00
  288.0000  0.000E+00  0.000E+00  0.000E+00  0.000E+00  0.000E+00  0.000E+00  0.000E+00  0.000E+00  0.000E+00  0.000E+00  0.000E+00  0.000E+00  0.000E+00  0.000E+00  0.000E+00  0.000E+00  0.000E+00  0.000E+00  0.000E+00  0.000E+00  0.000E+00  0.000E+00  0.000E+00  0.000E+00  0.000E+00  0.000E+00  0.000E+00  0.000E+00  0.000E+00  0.000E+00  0.000E+00  0.000E+00  0.000E+00  0.000E+00  0.000E+00  0.000E+00  0.000E+00  0.000E+00  0.000E+00  0.000E+00  0.000E+00
  289.0000  0.000E+00  0.000E+00  0.000E+00  0.000E+00  0.000E+00  0.000E+00  0.000E+00  0.000E+00  0.000E+00  0.000E+00  0.000E+00  0.000E+00  0.000E+00  0.000E+00  0.000E+00  0.000E+00  0.000E+00  0.000E+00  0.000E+00  0.000E+00  0.000E+00  0.000E+00  0.000E+00  0.000E+00  0.000E+00  0.000E+00  0.000E+00  0.000E+00  0.000E+00  0.000E+00  0.000E+00  0.000E+00  0.000E+00  0.000E+00  0.000E+00  0.000E+00  0.000E+00  0.000E+00  0.000E+00  0.000E+00  0.000E+00
  290.0000  1.601E-07  1.155E-07  8.196E-08  5.709E-08  3.900E-08  2.611E-08  1.711E-08  1.095E-08  6.849E-09  4.226E-09  2.440E-09  1.446E-09  8.334E-10  4.743E-10  2.700E-10  1.572E-10  9.585E-11  6.253E-11  4.408E-11  3.337E-11  2.671E-11  2.222E-11  1.896E-11  1.645E-11  1.444E-11  1.278E-11  1.139E-11  1.019E-11  9.154E-12  8.239E-12  7.422E-12  6.684E-12  6.009E-12  5.385E-12  4.799E-12  4.243E-12  3.708E-12  3.188E-12  2.675E-12  2.167E-12  1.673E-12
  291.0000  7.278E-07  5.413E-07  3.964E-07  2.855E-07  2.021E-07  1.404E-07  9.570E-08  6.390E-08  4.177E-08  2.644E-08  1.639E-08  1.017E-08  6.156E-09  3.669E-09  2.173E-09  1.301E-09  8.019E-10  5.192E-10  3.583E-10  2.644E-10  2.068E-10  1.691E-10  1.425E-10  1.226E-10  1.069E-10  9.409E-11  8.342E-11  7.434E-11  6.650E-11  5.963E-11  5.354E-11  4.806E-11  4.308E-11  3.850E-11  3.423E-11  3.019E-11  2.633E-11  2.260E-11  1.893E-11  1.531E-11  1.182E-11
  292.0000  4.017E-06  3.102E-06  2.364E-06  1.776E-06  1.314E-06  9.568E-07  6.851E-07  4.818E-07  3.328E-07  2.273E-07  1.473E-07  9.701E-08  6.244E-08  3.952E-08  2.473E-08  1.546E-08  9.785E-09  6.363E-09  4.319E-09  3.092E-09  2.338E-09  1.856E-09  1.530E-09  1.294E-09  1.115E-09  9.728E-10  8.559E-10  7.576E-10  6.735E-10  6.004E-10  5.362E-10  4.790E-10  4.274E-10  3.803E-10  3.368E-10  2.960E-10  2.574E-10  2.202E-10  1.840E-10  1.485E-10  1.145E-10
  293.0000  1.200E-05  9.483E-06  7.404E-06  5.707E-06  4.339E-06  3.251E-06  2.399E-06  1.742E-06  1.244E-06  8.655E-07  5.929E-07  4.049E-07  2.707E-07  1.780E-07  1.154E-07  7.443E-08  4.817E-08  3.167E-08  2.144E-08  1.513E-08  1.120E-08  8.702E-09  7.037E-09  5.870E-09  5.005E-09  4.331E-09  3.787E-09  3.334E-09  2.950E-09  2.619E-09  2.329E-09  2.072E-09  1.843E-09  1.634E-09  1.443E-09  1.265E-09  1.097E-09  9.359E-10  7.804E-10  6.289E-10  4.842E-10
  294.0000  4.593E-05  3.734E-05  3.003E-05  2.389E-05  1.877E-05  1.457E-05  1.115E-05  8.420E-06  6.264E-06  4.605E-06  3.266E-06  2.333E-06  1.635E-06  1.127E-06  7.654E-07  5.149E-07  3.450E-07  2.321E-07  1.584E-07  1.109E-07  8.040E-08  6.073E-08  4.777E-08  3.890E-08  3.256E-08  2.779E-08  2.403E-08  2.098E-08  1.843E-08  1.625E-08  1.436E-08  1.271E-08  1.124E-08  9.914E-09  8.711E-09  7.602E-09  6.565E-09  5.582E-09  4.639E-09  3.727E-09  2.864E-09
  295.0000  1.194E-04  9.901E-05  8.131E-05  6.611E-05  5.317E-05  4.228E-05  3.322E-05  2.577E-05  1.973E-05  1.473E-05  1.095E-05  8.074E-06  5.852E-06  4.172E-06  2.930E-06  2.034E-06  1.402E-06  9.640E-07  6.665E-07  4.677E-07  3.363E-07  2.497E-07  1.923E-07  1.533E-07  1.260E-07  1.061E-07  9.076E-08  7.857E-08  6.853E-08  6.007E-08  5.282E-08  4.649E-08  4.092E-08  3.594E-08  3.145E-08  2.734E-08  2.352E-08  1.993E-08  1.651E-08  1.323E-08  1.015E-08
  296.0000  4.376E-04  3.712E-04  3.123E-04  2.604E-04  2.151E-04  1.759E-04  1.424E-04  1.140E-04  9.017E-05  7.071E-05  5.384E-05  4.117E-05  3.102E-05  2.302E-05  1.683E-05  1.215E-05  8.684E-06  6.162E-06  4.363E-06  3.101E-06  2.230E-06  1.636E-06  1.233E-06  9.578E-07  7.671E-07  6.311E-07  5.304E-07  4.527E-07  3.906E-07  3.392E-07  2.959E-07  2.585E-07  2.260E-07  1.972E-07  1.714E-07  1.481E-07  1.268E-07  1.069E-07  8.816E-08  7.036E-08  5.377E-08
  297.0000  6.052E-04  5.214E-04  4.458E-04  3.781E-04  3.181E-04  2.651E-04  2.190E-04  1.790E-04  1.448E-04  1.151E-04  9.081E-05  7.119E-05  5.508E-05  4.200E-05  3.157E-05  2.344E-05  1.720E-05  1.251E-05  9.043E-06  6.524E-06  4.727E-06  3.463E-06  2.584E-06  1.976E-06  1.552E-06  1.253E-06  1.035E-06  8.718E-07  7.441E-07  6.408E-07  5.549E-07  4.818E-07  4.187E-07  3.633E-07  3.142E-07  2.701E-07  2.301E-07  1.931E-07  1.586E-07  1.261E-07  9.611E-08
  298.0000  1.984E-03  1.738E-03  1.513E-03  1.308E-03  1.122E-03  9.553E-04  8.066E-04  6.750E-04  5.596E-04  4.615E-04  3.704E-04  2.985E-04  2.379E-04  1.870E-04  1.450E-04  1.112E-04  8.421E-05  6.311E-05  4.687E-05  3.458E-05  2.545E-05  1.878E-05  1.397E-05  1.055E-05  8.131E-06  6.413E-06  5.180E-06  4.273E-06  3.586E-06  3.047E-06  2.610E-06  2.245E-06  1.935E-06  1.666E-06  1.430E-06  1.221E-06  1.033E-06  8.616E-07  7.036E-07  5.566E-07  4.223E-07
  299.0000  3.176E-03  2.816E-03  2.482E-03  2.173E-03  1.890E-03  1.633E-03  1.400E-03  1.190E-03  1.004E-03  8.380E-04  6.895E-04  5.664E-04  4.606E-04  3.699E-04  2.933E-04  2.299E-04  1.781E-04  1.365E-04  1.035E-04  7.785E-05  5.818E-05  4.338E-05  3.241E-05  2.441E-05  1.863E-05  1.448E-05  1.149E-05  9.317E-06  7.698E-06  6.456E-06  5.471E-06  4.667E-06  3.991E-06  3.414E-06  2.912E-06  2.470E-06  2.077E-06  1.723E-06  1.400E-06  1.102E-06  8.325E-07
  300.0000  4.899E-03  4.399E-03  3.930E-03  3.491E-03  3.083E-03  2.706E-03  2.359E-03  2.042E-03  1.754E-03  1.492E-03  1.256E-03  1.054E-03  8.763E-04  7.206E-04  5.857E-04  4.709E-04  3.745E-04  2.945E-04  2.292E-04  1.765E-04  1.348E-04  1.022E-04  7.725E-05  5.842E-05  4.441E-05  3.412E-05  2.661E-05  2.113E-05  1.709E-05  1.407E-05  1.173E-05  9.873E-06  8.351E-06  7.073E-06  5.980E-06  5.029E-06  4.194E-06  3.451E-06  2.783E-06  2.177E-06  1.635E-06
  301.0000  9.840E-03  8.924E-03  8.055E-03  7.234E-03  6.462E-03  5.740E-03  5.068E-03  4.446E-03  3.874E-03  3.343E-03  2.861E-03  2.440E-03  2.065E-03  1.729E-03  1.432E-03  1.175E-03  9.532E-04  7.653E-04  6.079E-04  4.777E-04  3.717E-04  2.867E-04  2.196E-04  1.676E-04  1.278E-04  9.786E-05  7.559E-05  5.916E-05  4.704E-05  3.802E-05  3.120E-05  2.589E-05  2.165E-05  1.816E-05  1.522E-05  1.269E-05  1.050E-05  8.575E-06  6.864E-06  5.332E-06  3.981E-06
  302.0000  1.307E-02  1.195E-02  1.088E-02  9.867E-03  8.904E-03  7.990E-03  7.132E-03  6.329E-03  5.582E-03  4.884E-03  4.236E-03  3.664E-03  3.147E-03  2.676E-03  2.254E-03  1.881E-03  1.554E-03  1.271E-03  1.028E-03  8.234E-04  6.524E-04  5.119E-04  3.980E-04  3.073E-04  2.362E-04  1.813E-04  1.396E-04  1.082E-04  8.490E-05  6.752E-05  5.449E-05  4.454E-05  3.676E-05  3.049E-05  2.531E-05  2.093E-05  1.717E-05  1.391E-05  1.104E-05  8.515E-06  6.317E-06
  303.0000  2.918E-02  2.692E-02  2.474E-02  2.264E-02  2.063E-02  1.871E-02  1.689E-02  1.517E-02  1.355E-02  1.198E-02  1.057E-02  9.272E-03  8.088E-03  6.990E-03  5.989E-03  5.087E-03  4.282E-03  3.570E-03  2.947E-03  2.408E-03  1.947E-03  1.558E-03  1.234E-03  9.683E-04  7.538E-04  5.835E-04  4.503E-04  3.479E-04  2.701E-04  2.115E-04  1.675E-04  1.343E-04  1.089E-04  8.894E-05  7.286E-05  5.955E-05  4.833E-05  3.872E-05  3.043E-05  2.323E-05  1.707E-05
  304.0000  3.568E-02  3.310E-02  3.059E-02  2.817E-02  2.583E-02  2.359E-02  2.145E-02  1.940E-02  1.747E-02  1.559E-02  1.387E-02  1.228E-02  1.081E-02  9.441E-03  8.177E-03  7.025E-03  5.984E-03  5.052E-03  4.225E-03  3.498E-03  2.867E-03  2.325E-03  1.866E-03  1.482E-03  1.166E-03  9.103E-04  7.064E-04  5.465E-04  4.230E-04  3.289E-04  2.577E-04  2.040E-04  1.632E-04  1.317E-04  1.068E-04  8.648E-05  6.960E-05  5.533E-05  4.314E-05  3.269E-05  2.387E-05
  305.0000  5.630E-02  5.257E-02  4.895E-02  4.542E-02  4.199E-02  3.867E-02  3.547E-02  3.240E-02  2.946E-02  2.652E-02  2.391E-02  2.142E-02  1.910E-02  1.689E-02  1.483E-02  1.293E-02  1.119E-02  9.599E-03  8.164E-03  6.879E-03  5.740E-03  4.741E-03  3.874E-03  3.132E-03  2.506E-03  1.985E-03  1.558E-03  1.214E-03  9.411E-04  7.284E-04  5.648E-04  4.403E-04  3.459E-04  2.739E-04  2.181E-04  1.739E-04  1.381E-04  1.084E-04  8.343E-05  6.244E-05  4.508E-05
  306.0000  5.797E-02  5.439E-02  5.086E-02  4.743E-02  4.407E-02  4.081E-02  3.765E-02  3.460E-02  3.166E-02  2.874E-02  2.606E-02  2.351E-02  2.114E-02  1.885E-02  1.670E-02  1.470E-02  1.284E-02  1.113E-02  9.572E-03  8.158E-03  6.888E-03  5.758E-03  4.765E-03  3.900E-03  3.158E-03  2.529E-03  2.005E-03  1.574E-03  1.226E-03  9.499E-04  7.341E-04  5.679E-04  4.412E-04  3.448E-04  2.710E-04  2.134E-04  1.676E-04  1.302E-04  9.930E-05  7.361E-05  5.268E-05
  307.0000  8.222E-02  7.749E-02  7.283E-02  6.826E-02  6.377E-02  5.940E-02  5.513E-02  5.098E-02  4.696E-02  4.292E-02  3.924E-02  3.568E-02  3.235E-02  2.910E-02  2.603E-02  2.314E-02  2.043E-02  1.791E-02  1.558E-02  1.344E-02  1.150E-02  9.741E-03  8.171E-03  6.783E-03  5.570E-03  4.522E-03  3.629E-03  2.881E-03  2.263E-03  1.761E-03  1.362E-03  1.048E-03  8.064E-04  6.215E-04  4.806E-04  3.725E-04  2.882E-04  2.210E-04  1.664E-04  1.218E-04  8.617E-05
  308.0000  1.053E-01  9.963E-02  9.406E-02  8.856E-02  8.316E-02  7.785E-02  7.265E-02  6.758E-02  6.263E-02  5.757E-02  5.305E-02  4.859E-02  4.438E-02  4.025E-02  3.631E-02  3.257E-02  2.904E-02  2.572E-02  2.262E-02  1.974E-02  1.709E-02  1.466E-02  1.246E-02  1.049E-02  8.730E-03  7.186E-03  5.846E-03  4.699E-03  3.732E-03  2.930E-03  2.276E-03  1.753E-03  1.342E-03  1.024E-03  7.806E-04  5.953E-04  4.532E-04  3.423E-04  2.542E-04  1.836E-04  1.281E-04
  309.0000  1.146E-01  1.087E-01  1.029E-01  9.711E-02  9.143E-02  8.584E-02  8.036E-02  7.499E-02  6.974E-02  6.439E-02  5.951E-02  5.473E-02  5.020E-02  4.573E-02  4.146E-02  3.738E-02  3.350E-02  2.984E-02  2.640E-02  2.319E-02  2.021E-02  1.746E-02  1.495E-02  1.268E-02  1.064E-02  8.829E-03  7.241E-03  5.866E-03  4.692E-03  3.706E-03  2.892E-03  2.232E-03  1.707E-03  1.297E-03  9.823E-04  7.422E-04  5.592E-04  4.182E-04  3.077E-04  2.203E-04  1.524E-04
  310.0000  1.234E-01  1.176E-01  1.118E-01  1.060E-01  1.003E-01  9.471E-02  8.915E-02  8.368E-02  7.831E-02  7.285E-02  6.776E-02  6.277E-02  5.803E-02  5.331E-02  4.875E-02  4.437E-02  4.017E-02  3.616E-02  3.236E-02  2.876E-02  2.539E-02  2.224E-02  1.931E-02  1.663E-02  1.417E-02  1.195E-02  9.966E-03  8.209E-03  6.674E-03  5.351E-03  4.230E-03  3.296E-03  2.532E-03  1.921E-03  1.442E-03  1.073E-03  7.923E-04  5.799E-04  4.179E-04  2.932E-04  1.989E-04
  311.0000  2.149E-01  2.052E-01  1.954E-01  1.857E-01  1.761E-01  1.666E-01  1.572E-01  1.479E-01  1.387E-01  1.294E-01  1.207E-01  1.122E-01  1.040E-01  9.589E-02  8.801E-02  8.041E-02  7.309E-02  6.609E-02  5.941E-02  5.307E-02  4.708E-02  4.146E-02  3.622E-02  3.137E-02  2.692E-02  2.286E-02  1.919E-02  1.592E-02  1.304E-02  1.053E-02  8.377E-03  6.563E-03  5.062E-03  3.846E-03  2.883E-03  2.135E-03  1.565E-03  1.135E-03  8.102E-04  5.632E-04  3.784E-04
  312.0000  2.019E-01  1.932E-01  1.845E-01  1.758E-01  1.672E-01  1.586E-01  1.502E-01  1.418E-01  1.335E-01  1.251E-01  1.171E-01  1.093E-01  1.018E-01  9.426E-02  8.696E-02  7.988E-02  7.304E-02  6.645E-02  6.012E-02  5.408E-02  4.834E-02  4.292E-02  3.781E-02  3.305E-02  2.862E-02  2.455E-02  2.084E-02  1.748E-02  1.447E-02  1.182E-02  9.508E-03  7.523E-03  5.851E-03  4.470E-03  3.354E-03  2.475E-03  1.798E-03  1.287E-03  9.044E-04  6.189E-04  4.093E-04
  313.0000  2.371E-01  2.274E-01  2.177E-01  2.081E-01  1.984E-01  1.888E-01  1.793E-01  1.698E-01  1.605E-01  1.509E-01  1.419E-01  1.329E-01  1.243E-01  1.157E-01  1.073E-01  9.906E-02  9.109E-02  8.337E-02  7.592E-02  6.876E-02  6.192E-02  5.540E-02  4.922E-02  4.340E-02  3.795E-02  3.288E-02  2.821E-02  2.393E-02  2.005E-02  1.658E-02  1.350E-02  1.081E-02  8.502E-03  6.554E-03  4.947E-03  3.654E-03  2.642E-03  1.871E-03  1.296E-03  8.719E-04  5.667E-04
  314.0000  2.633E-01  2.528E-01  2.423E-01  2.317E-01  2.212E-01  2.108E-01  2.004E-01  1.901E-01  1.798E-01  1.694E-01  1.595E-01  1.496E-01  1.402E-01  1.307E-01  1.214E-01  1.124E-01  1.035E-01  9.497E-02  8.670E-02  7.873E-02  7.109E-02  6.379E-02  5.686E-02  5.031E-02  4.415E-02  3.840E-02  3.308E-02  2.818E-02  2.372E-02  1.971E-02  1.613E-02  1.298E-02  1.025E-02  7.934E-03  6.007E-03  4.443E-03  3.210E-03  2.265E-03  1.560E-03  1.042E-03  6.726E-04
  315.0000  2.826E-01  2.720E-01  2.613E-01  2.507E-01  2.401E-01  2.295E-01  2.189E-01  2.084E-01  1.979E-01  1.872E-01  1.769E-01  1.668E-01  1.570E-01  1.471E-01  1.374E-01  1.279E-01  1.186E-01  1.095E-01  1.007E-01  9.209E-02  8.383E-02  7.588E-02  6.826E-02  6.100E-02  5.411E-02  4.762E-02  4.152E-02  3.585E-02  3.061E-02  2.581E-02  2.146E-02  1.756E-02  1.410E-02  1.109E-02  8.513E-03  6.363E-03  4.618E-03  3.248E-03  2.210E-03  1.449E-03  9.144E-04
  316.0000  2.306E-01  2.220E-01  2.134E-01  2.048E-01  1.962E-01  1.876E-01  1.790E-01  1.704E-01  1.619E-01  1.533E-01  1.449E-01  1.367E-01  1.287E-01  1.207E-01  1.128E-01  1.050E-01  9.743E-02  9.003E-02  8.282E-02  7.584E-02  6.908E-02  6.258E-02  5.635E-02  5.040E-02  4.476E-02  3.942E-02  3.442E-02  2.975E-02  2.544E-02  2.148E-02  1.788E-02  1.465E-02  1.178E-02  9.281E-03  7.136E-03  5.340E-03  3.878E-03  2.728E-03  1.854E-03  1.214E-03  7.647E-04
  317.0000  3.590E-01  3.463E-01  3.335E-01  3.207E-01  3.079E-01  2.950E-01  2.822E-01  2.694E-01  2.567E-01  2.437E-01  2.311E-01  2.187E-01  2.066E-01  1.944E-01  1.824E-01  1.706E-01  1.589E-01  1.475E-01  1.364E-01  1.256E-01  1.151E-01  1.049E-01  9.510E-02  8.568E-02  7.668E-02  6.812E-02  6.002E-02  5.240E-02  4.528E-02  3.868E-02  3.261E-02  2.707E-02  2.208E-02  1.764E-02  1.376E-02  1.043E-02  7.652E-03  5.409E-03  3.670E-03  2.380E-03  1.475E-03
  318.0000  3.163E-01  3.052E-01  2.940E-01  2.828E-01  2.715E-01  2.603E-01  2.491E-01  2.378E-01  2.267E-01  2.152E-01  2.042E-01  1.933E-01  1.827E-01  1.720E-01  1.614E-01  1.510E-01  1.408E-01  1.308E-01  1.210E-01  1.114E-01  1.022E-01  9.320E-02  8.454E-02  7.622E-02  6.827E-02  6.069E-02  5.352E-02  4.677E-02  4.046E-02  3.460E-02  2.920E-02  2.427E-02  1.982E-02  1.586E-02  1.239E-02  9.402E-03  6.905E-03  4.884E-03  3.314E-03  2.147E-03  1.329E-03
  319.0000  3.712E-01  3.589E-01  3.465E-01  3.341E-01  3.216E-01  3.091E-01  2.966E-01  2.840E-01  2.716E-01  2.587E-01  2.464E-01  2.340E-01  2.221E-01  2.099E-01  1.979E-01  1.860E-01  1.743E-01  1.628E-01  1.515E-01  1.404E-01  1.296E-01  1.191E-01  1.089E-01  9.901E-02  8.949E-02  8.037E-02  7.165E-02  6.336E-02  5.552E-02  4.815E-02  4.127E-02  3.489E-02  2.903E-02  2.369E-02  1.889E-02  1.465E-02  1.098E-02  7.898E-03  5.412E-03  3.506E-03  2.144E-03
  320.0000  4.108E-01  3.968E-01  3.828E-01  3.688E-01  3.546E-01  3.405E-01  3.264E-01  3.123E-01  2.982E-01  2.837E-01  2.698E-01  2.559E-01  2.425E-01  2.289E-01  2.154E-01  2.021E-01  1.890E-01  1.761E-01  1.635E-01  1.512E-01  1.391E-01  1.275E-01  1.162E-01  1.053E-01  9.480E-02  8.478E-02  7.524E-02  6.620E-02  5.770E-02  4.974E-02  4.236E-02  3.555E-02  2.934E-02  2.374E-02  1.876E-02  1.441E-02  1.070E-02  7.629E-03  5.196E-03  3.360E-03  2.062E-03
  321.0000  4.441E-01  4.299E-01  4.157E-01  4.014E-01  3.870E-01  3.726E-01  3.582E-01  3.437E-01  3.293E-01  3.145E-01  3.001E-01  2.858E-01  2.718E-01  2.577E-01  2.436E-01  2.297E-01  2.159E-01  2.024E-01  1.890E-01  1.759E-01  1.631E-01  1.506E-01  1.383E-01  1.265E-01  1.150E-01  1.039E-01  9.331E-02  8.315E-02  7.348E-02  6.432E-02  5.569E-02  4.762E-02  4.011E-02  3.319E-02  2.687E-02  2.118E-02  1.615E-02  1.181E-02  8.212E-03  5.367E-03  3.285E-03
  322.0000  4.420E-01  4.278E-01  4.135E-01  3.991E-01  3.847E-01  3.703E-01  3.558E-01  3.413E-01  3.268E-01  3.119E-01  2.975E-01  2.831E-01  2.692E-01  2.550E-01  2.409E-01  2.270E-01  2.132E-01  1.996E-01  1.863E-01  1.732E-01  1.604E-01  1.479E-01  1.357E-01  1.239E-01  1.125E-01  1.015E-01  9.091E-02  8.083E-02  7.126E-02  6.222E-02  5.372E-02  4.578E-02  3.843E-02  3.167E-02  2.553E-02  2.003E-02  1.520E-02  1.106E-02  7.653E-03  4.986E-03  3.049E-03
  323.0000  3.892E-01  3.768E-01  3.643E-01  3.518E-01  3.392E-01  3.266E-01  3.139E-01  3.012E-01  2.886E-01  2.756E-01  2.629E-01  2.504E-01  2.382E-01  2.257E-01  2.134E-01  2.012E-01  1.891E-01  1.772E-01  1.655E-01  1.540E-01  1.427E-01  1.317E-01  1.210E-01  1.106E-01  1.005E-01  9.076E-02  8.143E-02  7.251E-02  6.402E-02  5.599E-02  4.844E-02  4.137E-02  3.481E-02  2.876E-02  2.326E-02  1.830E-02  1.393E-02  1.017E-02  7.054E-03  4.602E-03  2.813E-03
  324.0000  4.689E-01  4.547E-01  4.405E-01  4.261E-01  4.117E-01  3.971E-01  3.826E-01  3.680E-01  3.534E-01  3.383E-01  3.237E-01  3.092E-01  2.950E-01  2.805E-01  2.661E-01  2.518E-01  2.377E-01  2.237E-01  2.099E-01  1.962E-01  1.829E-01  1.697E-01  1.569E-01  1.444E-01  1.322E-01  1.204E-01  1.090E-01  9.801E-02  8.749E-02  7.745E-02  6.790E-02  5.887E-02  5.038E-02  4.243E-02  3.505E-02  2.826E-02  2.209E-02  1.660E-02  1.185E-02  7.935E-03  4.939E-03
  325.0000  4.869E-01  4.718E-01  4.565E-01  4.412E-01  4.258E-01  4.103E-01  3.948E-01  3.793E-01  3.637E-01  3.478E-01  3.323E-01  3.168E-01  3.017E-01  2.864E-01  2.712E-01  2.561E-01  2.411E-01  2.264E-01  2.118E-01  1.975E-01  1.835E-01  1.698E-01  1.564E-01  1.433E-01  1.307E-01  1.184E-01  1.066E-01  9.535E-02  8.457E-02  7.433E-02  6.465E-02  5.556E-02  4.707E-02  3.920E-02  3.197E-02  2.540E-02  1.953E-02  1.442E-02  1.011E-02  6.649E-03  4.084E-03
  326.0000  6.548E-01  6.351E-01  6.152E-01  5.951E-01  5.749E-01  5.547E-01  5.344E-01  5.140E-01  4.935E-01  4.726E-01  4.522E-01  4.318E-01  4.120E-01  3.917E-01  3.716E-01  3.517E-01  3.319E-01  3.123E-01  2.930E-01  2.739E-01  2.552E-01  2.369E-01  2.189E-01  2.014E-01  1.843E-01  1.678E-01  1.518E-01  1.365E-01  1.218E-01  1.077E-01  9.437E-02  8.176E-02  6.990E-02  5.882E-02  4.854E-02  3.908E-02  3.051E-02  2.289E-02  1.631E-02  1.090E-02  6.768E-03
  327.0000  6.450E-01  6.260E-01  6.067E-01  5.874E-01  5.679E-01  5.484E-01  5.287E-01  5.090E-01  4.893E-01  4.690E-01  4.492E-01  4.295E-01  4.102E-01  3.906E-01  3.710E-01  3.516E-01  3.324E-01  3.133E-01  2.944E-01  2.758E-01  2.575E-01  2.395E-01  2.219E-01  2.047E-01  1.879E-01  1.716E-01  1.558E-01  1.406E-01  1.260E-01  1.120E-01  9.860E-02  8.594E-02  7.397E-02  6.272E-02  5.222E-02  4.248E-02  3.355E-02  2.551E-02  1.845E-02  1.250E-02  7.871E-03
  328.0000  6.074E-01  5.891E-01  5.706E-01  5.519E-01  5.332E-01  5.144E-01  4.955E-01  4.766E-01  4.576E-01  4.382E-01  4.192E-01  4.003E-01  3.819E-01  3.631E-01  3.444E-01  3.258E-01  3.074E-01  2.892E-01  2.713E-01  2.536E-01  2.362E-01  2.191E-01  2.024E-01  1.861E-01  1.703E-01  1.549E-01  1.401E-01  1.258E-01  1.122E-01  9.912E-02  8.675E-02  7.507E-02  6.409E-02  5.385E-02  4.436E-02  3.565E-02  2.777E-02  2.078E-02  1.477E-02  9.838E-03  6.095E-03
  329.0000  6.518E-01  6.328E-01  6.137E-01  5.944E-01  5.750E-01  5.554E-01  5.358E-01  5.161E-01  4.964E-01  4.762E-01  4.564E-01  4.366E-01  4.174E-01  3.977E-01  3.781E-01  3.586E-01  3.393E-01  3.202E-01  3.012E-01  2.825E-01  2.641E-01  2.459E-01  2.282E-01  2.108E-01  1.938E-01  1.773E-01  1.613E-01  1.458E-01  1.309E-01  1.167E-01  1.031E-01  9.010E-02  7.784E-02  6.629E-02  5.546E-02  4.537E-02  3.607E-02  2.763E-02  2.014E-02  1.377E-02  8.736E-03
  330.0000  7.552E-01  7.333E-01  7.112E-01  6.890E-01  6.666E-01  6.441E-01  6.215E-01  5.988E-01  5.760E-01  5.527E-01  5.298E-01  5.070E-01  4.848E-01  4.621E-01  4.395E-01  4.170E-01  3.946E-01  3.725E-01  3.506E-01  3.289E-01  3.076E-01  2.866E-01  2.660E-01  2.458E-01  2.262E-01  2.070E-01  1.885E-01  1.705E-01  1.532E-01  1.367E-01  1.208E-01  1.058E-01  9.148E-02  7.802E-02  6.539E-02  5.361E-02  4.273E-02  3.282E-02  2.401E-02  1.648E-02  1.049E-02
  331.0000  6.347E-01  6.160E-01  5.972E-01  5.782E-01  5.591E-01  5.399E-01  5.207E-01  5.013E-01  4.819E-01  4.620E-01  4.426E-01  4.232E-01  4.043E-01  3.850E-01  3.658E-01  3.466E-01  3.277E-01  3.089E-01  2.903E-01  2.720E-01  2.539E-01  2.362E-01  2.188E-01  2.018E-01  1.852E-01  1.691E-01  1.535E-01  1.384E-01  1.240E-01  1.101E-01  9.692E-02  8.440E-02  7.259E-02  6.151E-02  5.116E-02  4.157E-02  3.280E-02  2.489E-02  1.797E-02  1.215E-02  7.624E-03
  332.0000  6.441E-01  6.256E-01  6.069E-01  5.881E-01  5.691E-01  5.500E-01  5.309E-01  5.116E-01  4.923E-01  4.725E-01  4.531E-01  4.338E-01  4.149E-01  3.956E-01  3.764E-01  3.573E-01  3.383E-01  3.194E-01  3.008E-01  2.823E-01  2.642E-01  2.463E-01  2.287E-01  2.115E-01  1.947E-01  1.783E-01  1.625E-01  1.471E-01  1.323E-01  1.181E-01  1.046E-01  9.163E-02  7.938E-02  6.781E-02  5.694E-02  4.679E-02  3.739E-02  2.881E-02  2.115E-02  1.456E-02  9.303E-03
  333.0000  6.823E-01  6.629E-01  6.432E-01  6.235E-01  6.035E-01  5.835E-01  5.633E-01  5.431E-01  5.228E-01  5.020E-01  4.816E-01  4.612E-01  4.413E-01  4.210E-01  4.007E-01  3.806E-01  3.606E-01  3.407E-01  3.210E-01  3.016E-01  2.823E-01  2.634E-01  2.449E-01  2.267E-01  2.089E-01  1.915E-01  1.747E-01  1.584E-01  1.427E-01  1.276E-01  1.131E-01  9.936E-02  8.628E-02  7.391E-02  6.227E-02  5.137E-02  4.124E-02  3.195E-02  2.360E-02  1.636E-02  1.053E-02
  334.0000  6.071E-01  5.896E-01  5.719E-01  5.541E-01  5.362E-01  5.181E-01  5.000E-01  4.818E-01  4.635E-01  4.448E-01  4.265E-01  4.082E-01  3.903E-01  3.720E-01  3.538E-01  3.357E-01  3.178E-01  3.000E-01  2.823E-01  2.649E-01  2.477E-01  2.308E-01  2.142E-01  1.979E-01  1.820E-01  1.666E-01  1.516E-01  1.371E-01  1.231E-01  1.097E-01  9.694E-02  8.479E-02  7.328E-02  6.243E-02  5.227E-02  4.280E-02  3.406E-02  2.612E-02  1.907E-02  1.305E-02  8.277E-03
  335.0000  6.911E-01  6.716E-01  6.518E-01  6.319E-01  6.118E-01  5.916E-01  5.713E-01  5.509E-01  5.304E-01  5.094E-01  4.889E-01  4.683E-01  4.482E-01  4.277E-01  4.073E-01  3.869E-01  3.667E-01  3.466E-01  3.267E-01  3.070E-01  2.875E-01  2.684E-01  2.496E-01  2.311E-01  2.131E-01  1.955E-01  1.784E-01  1.618E-01  1.459E-01  1.305E-01  1.158E-01  1.018E-01  8.848E-02  7.589E-02  6.402E-02  5.290E-02  4.256E-02  3.305E-02  2.447E-02  1.702E-02  1.098E-02
  336.0000  5.871E-01  5.706E-01  5.539E-01  5.370E-01  5.201E-01  5.030E-01  4.858E-01  4.686E-01  4.512E-01  4.335E-01  4.161E-01  3.987E-01  3.817E-01  3.643E-01  3.470E-01  3.297E-01  3.126E-01  2.955E-01  2.787E-01  2.620E-01  2.455E-01  2.292E-01  2.132E-01  1.976E-01  1.822E-01  1.673E-01  1.527E-01  1.387E-01  1.251E-01  1.120E-01  9.947E-02  8.752E-02  7.617E-02  6.541E-02  5.528E-02  4.576E-02  3.690E-02  2.873E-02  2.135E-02  1.490E-02  9.647E-03
  337.0000  5.586E-01  5.427E-01  5.267E-01  5.105E-01  4.943E-01  4.779E-01  4.614E-01  4.449E-01  4.283E-01  4.112E-01  3.946E-01  3.779E-01  3.616E-01  3.450E-01  3.284E-01  3.119E-01  2.954E-01  2.792E-01  2.630E-01  2.470E-01  2.313E-01  2.157E-01  2.005E-01  1.855E-01  1.709E-01  1.567E-01  1.428E-01  1.294E-01  1.165E-01  1.041E-01  9.219E-02  8.088E-02  7.015E-02  6.001E-02  5.048E-02  4.157E-02  3.331E-02  2.575E-02  1.896E-02  1.310E-02  8.391E-03
  338.0000  6.256E-01  6.079E-01  5.901E-01  5.721E-01  5.540E-01  5.357E-01  5.174E-01  4.989E-01  4.804E-01  4.615E-01  4.429E-01  4.243E-01  4.061E-01  3.876E-01  3.691E-01  3.506E-01  3.323E-01  3.141E-01  2.961E-01  2.782E-01  2.606E-01  2.432E-01  2.261E-01  2.094E-01  1.930E-01  1.771E-01  1.615E-01  1.465E-01  1.320E-01  1.180E-01  1.047E-01  9.197E-02  7.989E-02  6.847E-02  5.772E-02  4.765E-02  3.830E-02  2.970E-02  2.197E-02  1.524E-02  9.808E-03
  339.0000  6.629E-01  6.444E-01  6.256E-01  6.067E-01  5.877E-01  5.685E-01  5.492E-01  5.298E-01  5.104E-01  4.904E-01  4.709E-01  4.513E-01  4.322E-01  4.126E-01  3.931E-01  3.737E-01  3.544E-01  3.352E-01  3.162E-01  2.973E-01  2.787E-01  2.604E-01  2.423E-01  2.246E-01  2.072E-01  1.903E-01  1.739E-01  1.579E-01  1.425E-01  1.277E-01  1.134E-01  9.987E-02  8.698E-02  7.477E-02  6.325E-02  5.244E-02  4.235E-02  3.304E-02  2.461E-02  1.721E-02  1.117E-02
  340.0000  7.470E-01  7.260E-01  7.048E-01  6.835E-01  6.620E-01  6.403E-01  6.185E-01  5.967E-01  5.747E-01  5.521E-01  5.301E-01  5.080E-01  4.864E-01  4.643E-01  4.423E-01  4.203E-01  3.985E-01  3.768E-01  3.553E-01  3.341E-01  3.131E-01  2.923E-01  2.719E-01  2.519E-01  2.324E-01  2.133E-01  1.947E-01  1.767E-01  1.593E-01  1.426E-01  1.266E-01  1.113E-01  9.683E-02  8.311E-02  7.018E-02  5.806E-02  4.678E-02  3.639E-02  2.700E-02  1.880E-02  1.214E-02
  341.0000  6.562E-01  6.379E-01  6.194E-01  6.007E-01  5.819E-01  5.629E-01  5.438E-01  5.247E-01  5.054E-01  4.857E-01  4.664E-01  4.470E-01  4.281E-01  4.087E-01  3.894E-01  3.702E-01  3.511E-01  3.321E-01  3.132E-01  2.945E-01  2.761E-01  2.579E-01  2.400E-01  2.224E-01  2.052E-01  1.884E-01  1.721E-01  1.563E-01  1.410E-01  1.263E-01  1.122E-01  9.871E-02  8.593E-02  7.383E-02  6.242E-02  5.172E-02  4.174E-02  3.254E-02  2.420E-02  1.690E-02  1.095E-02
  342.0000  6.696E-01  6.510E-01  6.321E-01  6.132E-01  5.940E-01  5.748E-01  5.554E-01  5.359E-01  5.164E-01  4.963E-01  4.767E-01  4.570E-01  4.377E-01  4.180E-01  3.984E-01  3.788E-01  3.594E-01  3.400E-01  3.208E-01  3.018E-01  2.830E-01  2.645E-01  2.462E-01  2.283E-01  2.107E-01  1.936E-01  1.769E-01  1.607E-01  1.451E-01  1.301E-01  1.156E-01  1.019E-01  8.877E-02  7.636E-02  6.467E-02  5.368E-02  4.342E-02  3.394E-02  2.532E-02  1.775E-02  1.154E-02
  343.0000  7.038E-01  6.843E-01  6.645E-01  6.446E-01  6.245E-01  6.043E-01  5.839E-01  5.635E-01  5.429E-01  5.219E-01  5.012E-01  4.805E-01  4.603E-01  4.396E-01  4.190E-01  3.984E-01  3.779E-01  3.576E-01  3.374E-01  3.174E-01  2.976E-01  2.781E-01  2.589E-01  2.401E-01  2.216E-01  2.036E-01  1.860E-01  1.690E-01  1.526E-01  1.367E-01  1.215E-01  1.070E-01  9.327E-02  8.022E-02  6.792E-02  5.637E-02  4.558E-02  3.562E-02  2.657E-02  1.861E-02  1.209E-02
  344.0000  5.714E-01  5.554E-01  5.393E-01  5.231E-01  5.068E-01  4.903E-01  4.738E-01  4.571E-01  4.404E-01  4.232E-01  4.064E-01  3.896E-01  3.731E-01  3.563E-01  3.395E-01  3.227E-01  3.061E-01  2.895E-01  2.731E-01  2.568E-01  2.407E-01  2.249E-01  2.093E-01  1.939E-01  1.789E-01  1.643E-01  1.500E-01  1.362E-01  1.228E-01  1.099E-01  9.762E-02  8.587E-02  7.470E-02  6.414E-02  5.420E-02  4.487E-02  3.619E-02  2.818E-02  2.094E-02  1.460E-02  9.430E-03
  345.0000  6.380E-01  6.203E-01  6.024E-01  5.844E-01  5.662E-01  5.479E-01  5.295E-01  5.110E-01  4.924E-01  4.734E-01  4.547E-01  4.360E-01  4.176E-01  3.989E-01  3.802E-01  3.616E-01  3.430E-01  3.246E-01  3.063E-01  2.882E-01  2.702E-01  2.525E-01  2.351E-01  2.180E-01  2.012E-01  1.849E-01  1.689E-01  1.535E-01  1.385E-01  1.241E-01  1.103E-01  9.716E-02  8.464E-02  7.279E-02  6.162E-02  5.113E-02  4.135E-02  3.230E-02  2.409E-02  1.687E-02  1.095E-02
  346.0000  6.499E-01  6.319E-01  6.137E-01  5.953E-01  5.768E-01  5.581E-01  5.394E-01  5.205E-01  5.015E-01  4.821E-01  4.630E-01  4.439E-01  4.252E-01  4.061E-01  3.870E-01  3.680E-01  3.491E-01  3.303E-01  3.116E-01  2.931E-01  2.749E-01  2.568E-01  2.390E-01  2.216E-01  2.045E-01  1.878E-01  1.715E-01  1.557E-01  1.405E-01  1.258E-01  1.118E-01  9.835E-02  8.561E-02  7.355E-02  6.219E-02  5.154E-02  4.161E-02  3.244E-02  2.414E-02  1.685E-02  1.090E-02
  347.0000  6.991E-01  6.798E-01  6.602E-01  6.405E-01  6.206E-01  6.006E-01  5.805E-01  5.602E-01  5.399E-01  5.190E-01  4.985E-01  4.780E-01  4.579E-01  4.374E-01  4.169E-01  3.965E-01  3.761E-01  3.559E-01  3.358E-01  3.160E-01  2.963E-01  2.769E-01  2.578E-01  2.390E-01  2.206E-01  2.026E-01  1.851E-01  1.681E-01  1.517E-01  1.359E-01  1.207E-01  1.062E-01  9.251E-02  7.951E-02  6.726E-02  5.577E-02  4.506E-02  3.516E-02  2.619E-02  1.830E-02  1.185E-02
  348.0000  6.091E-01  5.923E-01  5.753E-01  5.581E-01  5.408E-01  5.234E-01  5.059E-01  4.883E-01  4.706E-01  4.524E-01  4.346E-01  4.168E-01  3.993E-01  3.814E-01  3.636E-01  3.459E-01  3.282E-01  3.106E-01  2.931E-01  2.758E-01  2.586E-01  2.417E-01  2.251E-01  2.087E-01  1.926E-01  1.770E-01  1.617E-01  1.469E-01  1.326E-01  1.188E-01  1.055E-01  9.292E-02  8.092E-02  6.957E-02  5.888E-02  4.885E-02  3.949E-02  3.084E-02  2.299E-02  1.608E-02  1.042E-02
  349.0000  6.252E-01  6.079E-01  5.905E-01  5.730E-01  5.553E-01  5.374E-01  5.195E-01  5.014E-01  4.833E-01  4.647E-01  4.464E-01  4.281E-01  4.102E-01  3.919E-01  3.736E-01  3.554E-01  3.372E-01  3.192E-01  3.012E-01  2.835E-01  2.659E-01  2.485E-01  2.314E-01  2.146E-01  1.981E-01  1.820E-01  1.663E-01  1.511E-01  1.364E-01  1.222E-01  1.086E-01  9.564E-02  8.331E-02  7.164E-02  6.065E-02  5.033E-02  4.070E-02  3.181E-02  2.372E-02  1.661E-02  1.077E-02
  350.0000  7.224E-01  7.025E-01  6.824E-01  6.621E-01  6.417E-01  6.211E-01  6.004E-01  5.795E-01  5.586E-01  5.371E-01  5.160E-01  4.949E-01  4.741E-01  4.530E-01  4.319E-01  4.108E-01  3.898E-01  3.690E-01  3.482E-01  3.277E-01  3.074E-01  2.873E-01  2.675E-01  2.481E-01  2.290E-01  2.104E-01  1.923E-01  1.747E-01  1.576E-01  1.412E-01  1.255E-01  1.105E-01  9.621E-02  8.272E-02  7.000E-02  5.808E-02  4.696E-02  3.668E-02  2.735E-02  1.913E-02  1.239E-02
------------------------------------------------------------
