Spectral Irradiance, W m-2 nm-1
values at z =      3.233 km
Columns: wavelength (nm), solar zenith angles (deg.)
    wc, nm     50.000     51.000     52.000     53.000     54.000     55.000     56.000     57.000     58.000     59.000     60.000     61.000     62.000     63.000     64.000     65.000     66.000     67.000     68.000     69.000     70.000     71.000     72.000     73.000     74.000     75.000     76.000     77.000     78.000     79.000     80.000     81.000     82.000     83.000     84.000     85.000     86.000     87.000     88.000     89.000     90.000
  280.0000  0.000E+00  0.000E+00  0.000E+00  0.000E+00  0.000E+00  0.000E+00  0.000E+00  0.000E+00  0.000E+00  0.000E+00  0.000E+00  0.000E+00  0.000E+00  0.000E+00  0.000E+00  0.000E+00  0.000E+00  0.000E+00  0.000E+00  0.000E+00  0.000E+00  0.000E+00  0.000E+00  0.000E+00  0.000E+00  0.000E+00  0.000E+00  0.000E+00  0.000E+00  0.000E+00  0.000E+00  0.000E+00  0.000E+00  0.000E+00  0.000E+00  0.000E+00  0.000E+00  0.000E+00  0.000E+00  0.000E+00  0.000E+00
  281.0000  0.000E+00  0.000E+00  0.000E+00  0.000E+00  0.000E+00  0.000E+00  0.000E+00  0.000E+00  0.000E+00  0.000E+00  0.000E+00  0.000E+00  0.000E+00  0.000E+00  0.000E+00  0.000E+00  0.000E+00  0.000E+00  0.000E+00  0.000E+00  0.000E+00  0.000E+00  0.000E+00  0.000E+00  0.000E+00  0.000E+00  0.000E+00  0.000E+00  0.000E+00  0.000E+00  0.000E+00  0.000E+00  0.000E+00  0.000E+00  0.000E+00  0.000E+00  0.000E+00  0.000E+00  0.000E+00  0.000E+00  0.000E+00
  282.0000  0.000E+00  0.000E+00  0.000E+00  0.000E+00  0.000E+00  0.000E+00  0.000E+00  0.000E+00  0.000E+00  0.000E+00  0.000E+00  0.000E+00  0.000E+00  0.000E+00  0.000E+00  0.000E+00  0.000E+00  0.000E+00  0.000E+00  0.000E+00  0.000E+00  0.000E+00  0.000E+00  0.000E+00  0.000E+00  0.000E+00  0.000E+00  0.000E+00  0.000E+00  0.000E+00  0.000E+00  0.000E+00  0.000E+00  0.000E+00  0.000E+00  0.000E+00  0.000E+00  0.000E+00  0.000E+00  0.000E+00  0.000E+00
  283.0000  0.000E+00  0.000E+00  0.000E+00  0.000E+00  0.000E+00  0.000E+00  0.000E+00  0.000E+00  0.000E+00  0.000E+00  0.000E+00  0.000E+00  0.000E+00  0.000E+00  0.000E+00  0.000E+00  0.000E+00  0.000E+00  0.000E+00  0.000E+00  0.000E+00  0.000E+00  0.000E+00  0.000E+00  0.000E+00  0.000E+00  0.000E+00  0.000E+00  0.000E+00  0.000E+00  0.000E+00  0.000E+00  0.000E+00  0.000E+00  0.000E+00  0.000E+00  0.000E+00  0.000E+00  0.000E+00  0.000E+00  0.000E+00
  284.0000  0.000E+00  0.000E+00  0.000E+00  0.000E+00  0.000E+00  0.000E+00  0.000E+00  0.000E+00  0.000E+00  0.000E+00  0.000E+00  0.000E+00  0.000E+00  0.000E+00  0.000E+00  0.000E+00  0.000E+00  0.000E+00  0.000E+00  0.000E+00  0.000E+00  0.000E+00  0.000E+00  0.000E+00  0.000E+00  0.000E+00  0.000E+00  0.000E+00  0.000E+00  0.000E+00  0.000E+00  0.000E+00  0.000E+00  0.000E+00  0.000E+00  0.000E+00  0.000E+00  0.000E+00  0.000E+00  0.000E+00  0.000E+00
  285.0000  0.000E+00  0.000E+00  0.000E+00  0.000E+00  0.000E+00  0.000E+00  0.000E+00  0.000E+00  0.000E+00  0.000E+00  0.000E+00  0.000E+00  0.000E+00  0.000E+00  0.000E+00  0.000E+00  0.000E+00  0.000E+00  0.000E+00  0.000E+00  0.000E+00  0.000E+00  0.000E+00  0.000E+00  0.000E+00  0.000E+00  0.000E+00  0.000E+00  0.000E+00  0.000E+00  0.000E+00  0.000E+00  0.000E+00  0.000E+00  0.000E+00  0.000E+00  0.000E+00  0.000E+00  0.000E+00  0.000E+00  0.000E+00
  286.0000  0.000E+00  0.000E+00  0.000E+00  0.000E+00  0.000E+00  0.000E+00  0.000E+00  0.000E+00  0.000E+00  0.000E+00  0.000E+00  0.000E+00  0.000E+00  0.000E+00  0.000E+00  0.000E+00  0.000E+00  0.000E+00  0.000E+00  0.000E+00  0.000E+00  0.000E+00  0.000E+00  0.000E+00  0.000E+00  0.000E+00  0.000E+00  0.000E+00  0.000E+00  0.000E+00  0.000E+00  0.000E+00  0.000E+00  0.000E+00  0.000E+00  0.000E+00  0.000E+00  0.000E+00  0.000E+00  0.000E+00  0.000E+00
  287.0000  0.000E+00  0.000E+00  0.000E+00  0.000E+00  0.000E+00  0.000E+00  0.000E+00  0.000E+00  0.000E+00  0.000E+00  0.000E+00  0.000E+00  0.000E+00  0.000E+00  0.000E+00  0.000E+00  0.000E+00  0.000E+00  0.000E+00  0.000E+00  0.000E+00  0.000E+00  0.000E+00  0.000E+00  0.000E+00  0.000E+00  0.000E+00  0.000E+00  0.000E+00  0.000E+00  0.000E+00  0.000E+00  0.000E+00  0.000E+00  0.000E+00  0.000E+00  0.000E+00  0.000E+00  0.000E+00  0.000E+00  0.000E+00
  288.0000  0.000E+00  0.000E+00  0.000E+00  0.000E+00  0.000E+00  0.000E+00  0.000E+00  0.000E+00  0.000E+00  0.000E+00  0.000E+00  0.000E+00  0.000E+00  0.000E+00  0.000E+00  0.000E+00  0.000E+00  0.000E+00  0.000E+00  0.000E+00  0.000E+00  0.000E+00  0.000E+00  0.000E+00  0.000E+00  0.000E+00  0.000E+00  0.000E+00  0.000E+00  0.000E+00  0.000E+00  0.000E+00  0.000E+00  0.000E+00  0.000E+00  0.000E+00  0.000E+00  0.000E+00  0.000E+00  0.000E+00  0.000E+00
  289.0000  0.000E+00  0.000E+00  0.000E+00  0.000E+00  0.000E+00  0.000E+00  0.000E+00  0.000E+00  0.000E+00  0.000E+00  0.000E+00  0.000E+00  0.000E+00  0.000E+00  0.000E+00  0.000E+00  0.000E+00  0.000E+00  0.000E+00  0.000E+00  0.000E+00  0.000E+00  0.000E+00  0.000E+00  0.000E+00  0.000E+00  0.000E+00  0.000E+00  0.000E+00  0.000E+00  0.000E+00  0.000E+00  0.000E+00  0.000E+00  0.000E+00  0.000E+00  0.000E+00  0.000E+00  0.000E+00  0.000E+00  0.000E+00
  290.0000  3.817E-08  2.674E-08  1.838E-08  1.238E-08  8.169E-09  5.268E-09  3.318E-09  2.038E-09  1.220E-09  7.065E-10  3.946E-10  2.232E-10  1.226E-10  6.671E-11  3.660E-11  2.082E-11  1.263E-11  8.348E-12  6.017E-12  4.659E-12  3.796E-12  3.197E-12  2.751E-12  2.402E-12  2.119E-12  1.884E-12  1.685E-12  1.513E-12  1.363E-12  1.231E-12  1.112E-12  1.004E-12  9.044E-13  8.121E-13  7.251E-13  6.422E-13  5.622E-13  4.841E-13  4.067E-13  3.296E-13  2.545E-13
  291.0000  2.000E-07  1.448E-07  1.031E-07  7.208E-08  4.944E-08  3.323E-08  2.187E-08  1.406E-08  8.835E-09  5.481E-09  3.180E-09  1.893E-09  1.096E-09  6.264E-10  3.577E-10  2.085E-10  1.270E-10  8.261E-11  5.799E-11  4.374E-11  3.490E-11  2.897E-11  2.468E-11  2.139E-11  1.876E-11  1.659E-11  1.477E-11  1.321E-11  1.186E-11  1.067E-11  9.608E-12  8.649E-12  7.773E-12  6.962E-12  6.202E-12  5.482E-12  4.790E-12  4.117E-12  3.454E-12  2.797E-12  2.159E-12
  292.0000  1.319E-06  9.955E-07  7.404E-07  5.421E-07  3.904E-07  2.763E-07  1.919E-07  1.308E-07  8.730E-08  5.693E-08  3.589E-08  2.279E-08  1.412E-08  8.608E-09  5.202E-09  3.161E-09  1.963E-09  1.269E-09  8.676E-10  6.315E-10  4.873E-10  3.940E-10  3.294E-10  2.816E-10  2.445E-10  2.145E-10  1.897E-10  1.686E-10  1.504E-10  1.346E-10  1.206E-10  1.081E-10  9.670E-11  8.628E-11  7.659E-11  6.748E-11  5.879E-11  5.039E-11  4.218E-11  3.410E-11  2.630E-11
  293.0000  4.395E-06  3.403E-06  2.599E-06  1.958E-06  1.453E-06  1.061E-06  7.622E-07  5.378E-07  3.727E-07  2.555E-07  1.662E-07  1.098E-07  7.093E-08  4.504E-08  2.826E-08  1.771E-08  1.122E-08  7.288E-09  4.936E-09  3.522E-09  2.655E-09  2.101E-09  1.727E-09  1.459E-09  1.256E-09  1.094E-09  9.622E-10  8.511E-10  7.562E-10  6.738E-10  6.014E-10  5.370E-10  4.789E-10  4.260E-10  3.771E-10  3.314E-10  2.880E-10  2.463E-10  2.058E-10  1.661E-10  1.280E-10
  294.0000  1.923E-05  1.536E-05  1.212E-05  9.454E-06  7.279E-06  5.522E-06  4.131E-06  3.043E-06  2.206E-06  1.566E-06  1.086E-06  7.540E-07  5.128E-07  3.428E-07  2.259E-07  1.478E-07  9.674E-08  6.400E-08  4.334E-08  3.042E-08  2.231E-08  1.713E-08  1.371E-08  1.134E-08  9.609E-09  8.277E-09  7.210E-09  6.329E-09  5.584E-09  4.945E-09  4.389E-09  3.897E-09  3.458E-09  3.062E-09  2.698E-09  2.361E-09  2.045E-09  1.743E-09  1.452E-09  1.169E-09  8.992E-10
  295.0000  5.494E-05  4.484E-05  3.622E-05  2.893E-05  2.284E-05  1.781E-05  1.371E-05  1.040E-05  7.782E-06  5.765E-06  4.107E-06  2.951E-06  2.082E-06  1.444E-06  9.865E-07  6.672E-07  4.490E-07  3.030E-07  2.069E-07  1.446E-07  1.045E-07  7.859E-08  6.150E-08  4.986E-08  4.157E-08  3.538E-08  3.054E-08  2.661E-08  2.334E-08  2.056E-08  1.815E-08  1.604E-08  1.417E-08  1.249E-08  1.097E-08  9.565E-09  8.255E-09  7.015E-09  5.826E-09  4.679E-09  3.594E-09
  296.0000  2.245E-04  1.879E-04  1.558E-04  1.280E-04  1.041E-04  8.367E-05  6.658E-05  5.229E-05  4.056E-05  3.093E-05  2.319E-05  1.735E-05  1.277E-05  9.252E-06  6.600E-06  4.653E-06  3.251E-06  2.261E-06  1.576E-06  1.109E-06  7.954E-07  5.865E-07  4.469E-07  3.524E-07  2.866E-07  2.391E-07  2.032E-07  1.750E-07  1.520E-07  1.328E-07  1.164E-07  1.021E-07  8.965E-08  7.855E-08  6.856E-08  5.946E-08  5.105E-08  4.318E-08  3.572E-08  2.858E-08  2.189E-08
  297.0000  3.343E-04  2.845E-04  2.402E-04  2.011E-04  1.668E-04  1.370E-04  1.114E-04  8.957E-05  7.121E-05  5.628E-05  4.297E-05  3.304E-05  2.503E-05  1.868E-05  1.374E-05  9.977E-06  7.168E-06  5.110E-06  3.630E-06  2.586E-06  1.860E-06  1.362E-06  1.022E-06  7.907E-07  6.301E-07  5.161E-07  4.321E-07  3.678E-07  3.165E-07  2.744E-07  2.390E-07  2.085E-07  1.820E-07  1.586E-07  1.378E-07  1.189E-07  1.017E-07  8.565E-08  7.058E-08  5.628E-08  4.298E-08
  298.0000  1.189E-03  1.031E-03  8.879E-04  7.588E-04  6.433E-04  5.408E-04  4.505E-04  3.717E-04  3.036E-04  2.449E-04  1.945E-04  1.541E-04  1.206E-04  9.308E-05  7.082E-05  5.322E-05  3.953E-05  2.907E-05  2.122E-05  1.542E-05  1.122E-05  8.229E-06  6.121E-06  4.648E-06  3.619E-06  2.893E-06  2.369E-06  1.979E-06  1.679E-06  1.439E-06  1.241E-06  1.074E-06  9.299E-07  8.046E-07  6.939E-07  5.950E-07  5.054E-07  4.233E-07  3.470E-07  2.753E-07  2.094E-07
  299.0000  2.014E-03  1.770E-03  1.545E-03  1.339E-03  1.153E-03  9.844E-04  8.340E-04  7.004E-04  5.828E-04  4.767E-04  3.890E-04  3.148E-04  2.519E-04  1.990E-04  1.551E-04  1.194E-04  9.086E-05  6.839E-05  5.100E-05  3.776E-05  2.785E-05  2.057E-05  1.530E-05  1.153E-05  8.855E-06  6.954E-06  5.591E-06  4.593E-06  3.841E-06  3.254E-06  2.781E-06  2.388E-06  2.054E-06  1.766E-06  1.514E-06  1.290E-06  1.090E-06  9.082E-07  7.408E-07  5.854E-07  4.437E-07
  300.0000  3.307E-03  2.947E-03  2.611E-03  2.300E-03  2.013E-03  1.749E-03  1.510E-03  1.293E-03  1.098E-03  9.272E-04  7.668E-04  6.352E-04  5.211E-04  4.224E-04  3.381E-04  2.677E-04  2.095E-04  1.621E-04  1.241E-04  9.415E-05  7.089E-05  5.314E-05  3.982E-05  2.999E-05  2.281E-05  1.762E-05  1.387E-05  1.115E-05  9.133E-06  7.603E-06  6.405E-06  5.436E-06  4.630E-06  3.945E-06  3.353E-06  2.835E-06  2.377E-06  1.965E-06  1.592E-06  1.250E-06  9.426E-07
  301.0000  6.968E-03  6.276E-03  5.625E-03  5.013E-03  4.443E-03  3.914E-03  3.425E-03  2.977E-03  2.568E-03  2.202E-03  1.856E-03  1.565E-03  1.308E-03  1.082E-03  8.842E-04  7.151E-04  5.721E-04  4.526E-04  3.542E-04  2.743E-04  2.105E-04  1.604E-04  1.216E-04  9.205E-05  6.995E-05  5.361E-05  4.164E-05  3.288E-05  2.645E-05  2.164E-05  1.796E-05  1.505E-05  1.269E-05  1.071E-05  9.033E-06  7.579E-06  6.304E-06  5.176E-06  4.164E-06  3.250E-06  2.437E-06
  302.0000  9.643E-03  8.767E-03  7.934E-03  7.145E-03  6.401E-03  5.703E-03  5.052E-03  4.447E-03  3.888E-03  3.377E-03  2.895E-03  2.479E-03  2.107E-03  1.772E-03  1.475E-03  1.215E-03  9.913E-04  8.000E-04  6.387E-04  5.045E-04  3.944E-04  3.055E-04  2.349E-04  1.797E-04  1.372E-04  1.050E-04  8.091E-05  6.309E-05  4.992E-05  4.015E-05  3.278E-05  2.709E-05  2.257E-05  1.887E-05  1.577E-05  1.312E-05  1.083E-05  8.822E-06  7.045E-06  5.461E-06  4.070E-06
  303.0000  2.246E-02  2.061E-02  1.884E-02  1.715E-02  1.553E-02  1.400E-02  1.256E-02  1.120E-02  9.926E-03  8.705E-03  7.618E-03  6.627E-03  5.727E-03  4.903E-03  4.158E-03  3.494E-03  2.908E-03  2.397E-03  1.955E-03  1.578E-03  1.260E-03  9.958E-04  7.796E-04  6.053E-04  4.671E-04  3.593E-04  2.764E-04  2.137E-04  1.667E-04  1.316E-04  1.053E-04  8.541E-05  6.998E-05  5.770E-05  4.764E-05  3.922E-05  3.203E-05  2.583E-05  2.042E-05  1.569E-05  1.159E-05
  304.0000  2.821E-02  2.605E-02  2.396E-02  2.196E-02  2.003E-02  1.819E-02  1.644E-02  1.478E-02  1.321E-02  1.170E-02  1.034E-02  9.084E-03  7.935E-03  6.869E-03  5.895E-03  5.016E-03  4.230E-03  3.533E-03  2.922E-03  2.392E-03  1.938E-03  1.553E-03  1.232E-03  9.684E-04  7.547E-04  5.845E-04  4.511E-04  3.483E-04  2.700E-04  2.110E-04  1.668E-04  1.334E-04  1.079E-04  8.797E-05  7.194E-05  5.873E-05  4.760E-05  3.809E-05  2.989E-05  2.279E-05  1.673E-05
  305.0000  4.605E-02  4.284E-02  3.972E-02  3.670E-02  3.378E-02  3.096E-02  2.826E-02  2.568E-02  2.321E-02  2.079E-02  1.861E-02  1.656E-02  1.466E-02  1.288E-02  1.122E-02  9.700E-03  8.318E-03  7.072E-03  5.957E-03  4.969E-03  4.103E-03  3.353E-03  2.711E-03  2.169E-03  1.718E-03  1.348E-03  1.050E-03  8.140E-04  6.296E-04  4.878E-04  3.800E-04  2.986E-04  2.368E-04  1.895E-04  1.524E-04  1.226E-04  9.812E-05  7.756E-05  6.014E-05  4.532E-05  3.294E-05
  306.0000  4.847E-02  4.531E-02  4.223E-02  3.922E-02  3.630E-02  3.348E-02  3.075E-02  2.812E-02  2.560E-02  2.309E-02  2.084E-02  1.870E-02  1.671E-02  1.480E-02  1.302E-02  1.138E-02  9.861E-03  8.479E-03  7.227E-03  6.103E-03  5.105E-03  4.226E-03  3.462E-03  2.805E-03  2.249E-03  1.784E-03  1.402E-03  1.094E-03  8.480E-04  6.558E-04  5.077E-04  3.948E-04  3.092E-04  2.440E-04  1.937E-04  1.540E-04  1.220E-04  9.552E-05  7.339E-05  5.480E-05  3.950E-05
  307.0000  7.034E-02  6.609E-02  6.193E-02  5.785E-02  5.386E-02  4.998E-02  4.621E-02  4.256E-02  3.904E-02  3.551E-02  3.231E-02  2.923E-02  2.636E-02  2.358E-02  2.096E-02  1.851E-02  1.623E-02  1.413E-02  1.220E-02  1.044E-02  8.854E-03  7.435E-03  6.181E-03  5.083E-03  4.134E-03  3.325E-03  2.645E-03  2.083E-03  1.626E-03  1.260E-03  9.726E-04  7.500E-04  5.798E-04  4.504E-04  3.517E-04  2.753E-04  2.150E-04  1.662E-04  1.262E-04  9.313E-05  6.637E-05
  308.0000  9.197E-02  8.682E-02  8.174E-02  7.675E-02  7.185E-02  6.706E-02  6.237E-02  5.781E-02  5.338E-02  4.877E-02  4.484E-02  4.090E-02  3.719E-02  3.356E-02  3.012E-02  2.687E-02  2.381E-02  2.096E-02  1.831E-02  1.587E-02  1.363E-02  1.160E-02  9.783E-03  8.162E-03  6.736E-03  5.496E-03  4.432E-03  3.533E-03  2.785E-03  2.173E-03  1.681E-03  1.293E-03  9.910E-04  7.599E-04  5.840E-04  4.496E-04  3.455E-04  2.634E-04  1.972E-04  1.437E-04  1.011E-04
  309.0000  1.013E-01  9.585E-02  9.050E-02  8.521E-02  8.002E-02  7.491E-02  6.991E-02  6.503E-02  6.027E-02  5.540E-02  5.105E-02  4.676E-02  4.272E-02  3.874E-02  3.495E-02  3.135E-02  2.795E-02  2.475E-02  2.177E-02  1.899E-02  1.644E-02  1.410E-02  1.198E-02  1.008E-02  8.390E-03  6.903E-03  5.613E-03  4.509E-03  3.579E-03  2.808E-03  2.179E-03  1.677E-03  1.282E-03  9.772E-04  7.444E-04  5.673E-04  4.315E-04  3.257E-04  2.418E-04  1.746E-04  1.218E-04
  310.0000  1.115E-01  1.060E-01  1.006E-01  9.520E-02  8.989E-02  8.464E-02  7.949E-02  7.442E-02  6.945E-02  6.440E-02  5.973E-02  5.515E-02  5.081E-02  4.651E-02  4.236E-02  3.839E-02  3.461E-02  3.101E-02  2.761E-02  2.441E-02  2.142E-02  1.865E-02  1.609E-02  1.376E-02  1.164E-02  9.746E-03  8.063E-03  6.589E-03  5.315E-03  4.230E-03  3.321E-03  2.573E-03  1.970E-03  1.493E-03  1.123E-03  8.398E-04  6.252E-04  4.618E-04  3.359E-04  2.378E-04  1.627E-04
  311.0000  1.959E-01  1.866E-01  1.775E-01  1.683E-01  1.593E-01  1.504E-01  1.415E-01  1.329E-01  1.244E-01  1.157E-01  1.076E-01  9.969E-02  9.216E-02  8.467E-02  7.743E-02  7.047E-02  6.380E-02  5.744E-02  5.139E-02  4.568E-02  4.032E-02  3.531E-02  3.066E-02  2.639E-02  2.249E-02  1.896E-02  1.581E-02  1.301E-02  1.058E-02  8.475E-03  6.695E-03  5.212E-03  4.001E-03  3.033E-03  2.274E-03  1.690E-03  1.247E-03  9.125E-04  6.572E-04  4.610E-04  3.125E-04
  312.0000  1.863E-01  1.780E-01  1.697E-01  1.615E-01  1.533E-01  1.452E-01  1.372E-01  1.293E-01  1.214E-01  1.135E-01  1.060E-01  9.868E-02  9.166E-02  8.466E-02  7.786E-02  7.129E-02  6.495E-02  5.887E-02  5.305E-02  4.752E-02  4.228E-02  3.735E-02  3.274E-02  2.845E-02  2.450E-02  2.088E-02  1.760E-02  1.466E-02  1.206E-02  9.774E-03  7.805E-03  6.134E-03  4.742E-03  3.607E-03  2.701E-03  1.994E-03  1.455E-03  1.048E-03  7.432E-04  5.132E-04  3.425E-04
  313.0000  2.215E-01  2.122E-01  2.029E-01  1.936E-01  1.844E-01  1.752E-01  1.661E-01  1.571E-01  1.481E-01  1.390E-01  1.304E-01  1.219E-01  1.138E-01  1.056E-01  9.770E-02  8.997E-02  8.248E-02  7.525E-02  6.829E-02  6.163E-02  5.528E-02  4.925E-02  4.357E-02  3.823E-02  3.326E-02  2.866E-02  2.444E-02  2.061E-02  1.716E-02  1.409E-02  1.139E-02  9.061E-03  7.078E-03  5.425E-03  4.077E-03  3.006E-03  2.176E-03  1.548E-03  1.079E-03  7.324E-04  4.802E-04
  314.0000  2.472E-01  2.370E-01  2.269E-01  2.167E-01  2.067E-01  1.966E-01  1.866E-01  1.767E-01  1.669E-01  1.569E-01  1.475E-01  1.381E-01  1.291E-01  1.201E-01  1.113E-01  1.027E-01  9.440E-02  8.634E-02  7.857E-02  7.111E-02  6.398E-02  5.719E-02  5.076E-02  4.471E-02  3.905E-02  3.379E-02  2.894E-02  2.452E-02  2.051E-02  1.692E-02  1.376E-02  1.099E-02  8.627E-03  6.636E-03  5.000E-03  3.688E-03  2.664E-03  1.886E-03  1.306E-03  8.801E-04  5.729E-04
  315.0000  2.689E-01  2.585E-01  2.482E-01  2.379E-01  2.275E-01  2.172E-01  2.070E-01  1.968E-01  1.866E-01  1.763E-01  1.664E-01  1.566E-01  1.472E-01  1.377E-01  1.283E-01  1.192E-01  1.103E-01  1.016E-01  9.317E-02  8.502E-02  7.717E-02  6.963E-02  6.244E-02  5.560E-02  4.913E-02  4.305E-02  3.738E-02  3.212E-02  2.728E-02  2.288E-02  1.891E-02  1.537E-02  1.226E-02  9.582E-03  7.313E-03  5.438E-03  3.934E-03  2.765E-03  1.886E-03  1.244E-03  7.904E-04
  316.0000  2.197E-01  2.113E-01  2.030E-01  1.946E-01  1.862E-01  1.778E-01  1.695E-01  1.612E-01  1.530E-01  1.446E-01  1.365E-01  1.286E-01  1.209E-01  1.131E-01  1.055E-01  9.808E-02  9.081E-02  8.372E-02  7.683E-02  7.017E-02  6.374E-02  5.757E-02  5.167E-02  4.606E-02  4.074E-02  3.574E-02  3.107E-02  2.673E-02  2.274E-02  1.909E-02  1.580E-02  1.287E-02  1.028E-02  8.048E-03  6.150E-03  4.578E-03  3.313E-03  2.328E-03  1.586E-03  1.044E-03  6.622E-04
  317.0000  3.454E-01  3.329E-01  3.204E-01  3.079E-01  2.953E-01  2.828E-01  2.702E-01  2.577E-01  2.453E-01  2.326E-01  2.204E-01  2.082E-01  1.965E-01  1.847E-01  1.730E-01  1.615E-01  1.502E-01  1.392E-01  1.285E-01  1.181E-01  1.079E-01  9.815E-02  8.874E-02  7.973E-02  7.114E-02  6.299E-02  5.530E-02  4.809E-02  4.138E-02  3.519E-02  2.952E-02  2.437E-02  1.977E-02  1.570E-02  1.217E-02  9.171E-03  6.694E-03  4.715E-03  3.196E-03  2.077E-03  1.293E-03
  318.0000  3.047E-01  2.937E-01  2.827E-01  2.718E-01  2.607E-01  2.497E-01  2.387E-01  2.278E-01  2.169E-01  2.057E-01  1.950E-01  1.843E-01  1.740E-01  1.636E-01  1.533E-01  1.432E-01  1.333E-01  1.236E-01  1.141E-01  1.049E-01  9.599E-02  8.735E-02  7.904E-02  7.107E-02  6.346E-02  5.624E-02  4.942E-02  4.302E-02  3.706E-02  3.155E-02  2.650E-02  2.191E-02  1.779E-02  1.415E-02  1.098E-02  8.289E-03  6.056E-03  4.268E-03  2.892E-03  1.877E-03  1.167E-03
  319.0000  3.616E-01  3.494E-01  3.372E-01  3.249E-01  3.126E-01  3.003E-01  2.879E-01  2.756E-01  2.633E-01  2.507E-01  2.385E-01  2.264E-01  2.146E-01  2.027E-01  1.909E-01  1.793E-01  1.678E-01  1.565E-01  1.455E-01  1.346E-01  1.241E-01  1.138E-01  1.039E-01  9.428E-02  8.505E-02  7.620E-02  6.776E-02  5.976E-02  5.221E-02  4.514E-02  3.855E-02  3.246E-02  2.688E-02  2.183E-02  1.732E-02  1.336E-02  9.955E-03  7.124E-03  4.861E-03  3.142E-03  1.923E-03
  320.0000  3.983E-01  3.846E-01  3.708E-01  3.570E-01  3.431E-01  3.292E-01  3.153E-01  3.014E-01  2.876E-01  2.734E-01  2.598E-01  2.462E-01  2.330E-01  2.197E-01  2.065E-01  1.935E-01  1.807E-01  1.682E-01  1.559E-01  1.439E-01  1.322E-01  1.209E-01  1.099E-01  9.940E-02  8.929E-02  7.964E-02  7.047E-02  6.182E-02  5.369E-02  4.611E-02  3.910E-02  3.267E-02  2.683E-02  2.159E-02  1.696E-02  1.295E-02  9.561E-03  6.787E-03  4.608E-03  2.978E-03  1.832E-03
  321.0000  4.357E-01  4.217E-01  4.076E-01  3.934E-01  3.792E-01  3.650E-01  3.507E-01  3.364E-01  3.221E-01  3.074E-01  2.932E-01  2.790E-01  2.653E-01  2.513E-01  2.374E-01  2.237E-01  2.101E-01  1.967E-01  1.836E-01  1.707E-01  1.581E-01  1.457E-01  1.337E-01  1.221E-01  1.109E-01  1.000E-01  8.964E-02  7.971E-02  7.029E-02  6.138E-02  5.300E-02  4.518E-02  3.793E-02  3.127E-02  2.521E-02  1.978E-02  1.501E-02  1.092E-02  7.553E-03  4.917E-03  3.003E-03
  322.0000  4.329E-01  4.188E-01  4.047E-01  3.905E-01  3.762E-01  3.619E-01  3.476E-01  3.332E-01  3.189E-01  3.042E-01  2.900E-01  2.758E-01  2.620E-01  2.480E-01  2.341E-01  2.204E-01  2.069E-01  1.935E-01  1.804E-01  1.675E-01  1.549E-01  1.427E-01  1.307E-01  1.192E-01  1.080E-01  9.726E-02  8.697E-02  7.717E-02  6.786E-02  5.909E-02  5.087E-02  4.321E-02  3.614E-02  2.966E-02  2.381E-02  1.859E-02  1.403E-02  1.015E-02  6.992E-03  4.540E-03  2.773E-03
  323.0000  3.817E-01  3.694E-01  3.571E-01  3.447E-01  3.322E-01  3.197E-01  3.072E-01  2.946E-01  2.821E-01  2.692E-01  2.568E-01  2.443E-01  2.323E-01  2.200E-01  2.078E-01  1.958E-01  1.839E-01  1.721E-01  1.606E-01  1.493E-01  1.382E-01  1.274E-01  1.168E-01  1.066E-01  9.676E-02  8.725E-02  7.814E-02  6.944E-02  6.117E-02  5.337E-02  4.604E-02  3.920E-02  3.287E-02  2.706E-02  2.178E-02  1.706E-02  1.292E-02  9.381E-03  6.476E-03  4.208E-03  2.568E-03
  324.0000  4.641E-01  4.500E-01  4.358E-01  4.215E-01  4.071E-01  3.927E-01  3.782E-01  3.637E-01  3.491E-01  3.342E-01  3.197E-01  3.052E-01  2.911E-01  2.767E-01  2.624E-01  2.482E-01  2.342E-01  2.203E-01  2.066E-01  1.931E-01  1.798E-01  1.668E-01  1.541E-01  1.417E-01  1.296E-01  1.179E-01  1.066E-01  9.579E-02  8.540E-02  7.550E-02  6.609E-02  5.721E-02  4.886E-02  4.106E-02  3.383E-02  2.720E-02  2.119E-02  1.586E-02  1.128E-02  7.522E-03  4.665E-03
  325.0000  4.794E-01  4.644E-01  4.493E-01  4.341E-01  4.188E-01  4.034E-01  3.880E-01  3.726E-01  3.572E-01  3.414E-01  3.260E-01  3.107E-01  2.958E-01  2.806E-01  2.655E-01  2.506E-01  2.358E-01  2.212E-01  2.068E-01  1.927E-01  1.789E-01  1.653E-01  1.521E-01  1.392E-01  1.268E-01  1.148E-01  1.032E-01  9.211E-02  8.154E-02  7.152E-02  6.207E-02  5.320E-02  4.494E-02  3.731E-02  3.031E-02  2.399E-02  1.837E-02  1.349E-02  9.413E-03  6.166E-03  3.777E-03
  326.0000  6.480E-01  6.283E-01  6.085E-01  5.885E-01  5.684E-01  5.483E-01  5.281E-01  5.078E-01  4.875E-01  4.666E-01  4.463E-01  4.261E-01  4.064E-01  3.863E-01  3.663E-01  3.465E-01  3.268E-01  3.074E-01  2.882E-01  2.693E-01  2.508E-01  2.326E-01  2.148E-01  1.974E-01  1.806E-01  1.642E-01  1.485E-01  1.333E-01  1.188E-01  1.049E-01  9.177E-02  7.937E-02  6.772E-02  5.685E-02  4.679E-02  3.756E-02  2.922E-02  2.184E-02  1.550E-02  1.031E-02  6.382E-03
  327.0000  6.405E-01  6.215E-01  6.023E-01  5.830E-01  5.636E-01  5.441E-01  5.246E-01  5.049E-01  4.852E-01  4.650E-01  4.453E-01  4.257E-01  4.065E-01  3.869E-01  3.675E-01  3.482E-01  3.290E-01  3.100E-01  2.913E-01  2.727E-01  2.545E-01  2.367E-01  2.191E-01  2.020E-01  1.853E-01  1.692E-01  1.535E-01  1.384E-01  1.239E-01  1.100E-01  9.678E-02  8.424E-02  7.241E-02  6.131E-02  5.095E-02  4.136E-02  3.259E-02  2.470E-02  1.781E-02  1.203E-02  7.550E-03
  328.0000  6.007E-01  5.824E-01  5.640E-01  5.455E-01  5.269E-01  5.082E-01  4.894E-01  4.706E-01  4.517E-01  4.324E-01  4.135E-01  3.947E-01  3.764E-01  3.577E-01  3.392E-01  3.208E-01  3.025E-01  2.845E-01  2.667E-01  2.491E-01  2.319E-01  2.150E-01  1.984E-01  1.823E-01  1.666E-01  1.515E-01  1.368E-01  1.227E-01  1.092E-01  9.640E-02  8.423E-02  7.275E-02  6.198E-02  5.195E-02  4.267E-02  3.419E-02  2.653E-02  1.978E-02  1.400E-02  9.285E-03  5.732E-03
  329.0000  6.485E-01  6.295E-01  6.104E-01  5.912E-01  5.718E-01  5.523E-01  5.328E-01  5.131E-01  4.935E-01  4.733E-01  4.536E-01  4.339E-01  4.146E-01  3.950E-01  3.755E-01  3.561E-01  3.368E-01  3.177E-01  2.989E-01  2.802E-01  2.619E-01  2.438E-01  2.261E-01  2.088E-01  1.919E-01  1.755E-01  1.595E-01  1.442E-01  1.294E-01  1.152E-01  1.017E-01  8.882E-02  7.665E-02  6.520E-02  5.447E-02  4.449E-02  3.531E-02  2.698E-02  1.963E-02  1.338E-02  8.465E-03
  330.0000  7.519E-01  7.300E-01  7.080E-01  6.858E-01  6.635E-01  6.410E-01  6.184E-01  5.958E-01  5.731E-01  5.497E-01  5.270E-01  5.042E-01  4.820E-01  4.594E-01  4.368E-01  4.144E-01  3.921E-01  3.700E-01  3.482E-01  3.266E-01  3.053E-01  2.844E-01  2.639E-01  2.438E-01  2.242E-01  2.052E-01  1.867E-01  1.688E-01  1.516E-01  1.352E-01  1.194E-01  1.044E-01  9.027E-02  7.691E-02  6.438E-02  5.271E-02  4.194E-02  3.215E-02  2.347E-02  1.607E-02  1.021E-02
  331.0000  6.301E-01  6.115E-01  5.927E-01  5.738E-01  5.548E-01  5.357E-01  5.165E-01  4.972E-01  4.779E-01  4.581E-01  4.387E-01  4.194E-01  4.005E-01  3.813E-01  3.622E-01  3.432E-01  3.243E-01  3.056E-01  2.871E-01  2.689E-01  2.509E-01  2.333E-01  2.160E-01  1.991E-01  1.826E-01  1.666E-01  1.511E-01  1.362E-01  1.218E-01  1.081E-01  9.507E-02  8.269E-02  7.102E-02  6.008E-02  4.987E-02  4.044E-02  3.182E-02  2.408E-02  1.733E-02  1.168E-02  7.302E-03
  332.0000  6.418E-01  6.233E-01  6.046E-01  5.858E-01  5.669E-01  5.479E-01  5.287E-01  5.095E-01  4.902E-01  4.705E-01  4.511E-01  4.318E-01  4.130E-01  3.937E-01  3.745E-01  3.555E-01  3.365E-01  3.177E-01  2.991E-01  2.807E-01  2.626E-01  2.447E-01  2.272E-01  2.101E-01  1.933E-01  1.770E-01  1.612E-01  1.459E-01  1.312E-01  1.171E-01  1.036E-01  9.069E-02  7.851E-02  6.701E-02  5.621E-02  4.614E-02  3.682E-02  2.833E-02  2.075E-02  1.426E-02  9.091E-03
  333.0000  6.807E-01  6.613E-01  6.416E-01  6.219E-01  6.020E-01  5.820E-01  5.618E-01  5.416E-01  5.213E-01  5.005E-01  4.802E-01  4.598E-01  4.400E-01  4.197E-01  3.994E-01  3.793E-01  3.593E-01  3.395E-01  3.198E-01  3.004E-01  2.812E-01  2.624E-01  2.438E-01  2.257E-01  2.079E-01  1.906E-01  1.738E-01  1.576E-01  1.419E-01  1.268E-01  1.124E-01  9.869E-02  8.565E-02  7.333E-02  6.174E-02  5.089E-02  4.082E-02  3.159E-02  2.331E-02  1.614E-02  1.037E-02
  334.0000  6.043E-01  5.868E-01  5.692E-01  5.514E-01  5.335E-01  5.155E-01  4.974E-01  4.792E-01  4.610E-01  4.423E-01  4.240E-01  4.058E-01  3.879E-01  3.697E-01  3.516E-01  3.336E-01  3.156E-01  2.979E-01  2.803E-01  2.629E-01  2.458E-01  2.289E-01  2.124E-01  1.962E-01  1.804E-01  1.650E-01  1.501E-01  1.356E-01  1.218E-01  1.084E-01  9.574E-02  8.367E-02  7.224E-02  6.148E-02  5.141E-02  4.203E-02  3.340E-02  2.556E-02  1.861E-02  1.270E-02  8.038E-03
  335.0000  6.899E-01  6.703E-01  6.506E-01  6.306E-01  6.106E-01  5.904E-01  5.701E-01  5.497E-01  5.293E-01  5.083E-01  4.878E-01  4.672E-01  4.472E-01  4.267E-01  4.062E-01  3.859E-01  3.657E-01  3.456E-01  3.257E-01  3.061E-01  2.867E-01  2.675E-01  2.487E-01  2.303E-01  2.123E-01  1.948E-01  1.777E-01  1.612E-01  1.452E-01  1.299E-01  1.152E-01  1.013E-01  8.799E-02  7.543E-02  6.360E-02  5.252E-02  4.222E-02  3.276E-02  2.424E-02  1.683E-02  1.085E-02
  336.0000  5.864E-01  5.699E-01  5.532E-01  5.363E-01  5.194E-01  5.023E-01  4.851E-01  4.679E-01  4.506E-01  4.328E-01  4.154E-01  3.981E-01  3.811E-01  3.637E-01  3.464E-01  3.291E-01  3.120E-01  2.950E-01  2.781E-01  2.614E-01  2.450E-01  2.287E-01  2.128E-01  1.971E-01  1.818E-01  1.669E-01  1.523E-01  1.383E-01  1.247E-01  1.116E-01  9.914E-02  8.721E-02  7.588E-02  6.515E-02  5.503E-02  4.554E-02  3.670E-02  2.856E-02  2.121E-02  1.479E-02  9.568E-03
  337.0000  5.570E-01  5.412E-01  5.252E-01  5.090E-01  4.928E-01  4.764E-01  4.600E-01  4.434E-01  4.269E-01  4.098E-01  3.932E-01  3.766E-01  3.603E-01  3.437E-01  3.271E-01  3.106E-01  2.942E-01  2.780E-01  2.619E-01  2.459E-01  2.302E-01  2.147E-01  1.995E-01  1.846E-01  1.700E-01  1.558E-01  1.419E-01  1.286E-01  1.157E-01  1.033E-01  9.150E-02  8.023E-02  6.954E-02  5.945E-02  4.997E-02  4.112E-02  3.291E-02  2.540E-02  1.868E-02  1.288E-02  8.238E-03
  338.0000  6.243E-01  6.067E-01  5.888E-01  5.709E-01  5.528E-01  5.345E-01  5.162E-01  4.978E-01  4.793E-01  4.603E-01  4.418E-01  4.232E-01  4.051E-01  3.865E-01  3.680E-01  3.496E-01  3.313E-01  3.131E-01  2.951E-01  2.773E-01  2.597E-01  2.424E-01  2.253E-01  2.086E-01  1.923E-01  1.763E-01  1.608E-01  1.458E-01  1.314E-01  1.174E-01  1.041E-01  9.144E-02  7.939E-02  6.801E-02  5.730E-02  4.727E-02  3.796E-02  2.941E-02  2.173E-02  1.506E-02  9.676E-03
  339.0000  6.624E-01  6.439E-01  6.251E-01  6.062E-01  5.872E-01  5.680E-01  5.488E-01  5.294E-01  5.099E-01  4.900E-01  4.704E-01  4.509E-01  4.317E-01  4.122E-01  3.927E-01  3.733E-01  3.540E-01  3.348E-01  3.158E-01  2.970E-01  2.784E-01  2.600E-01  2.420E-01  2.243E-01  2.069E-01  1.900E-01  1.736E-01  1.576E-01  1.422E-01  1.274E-01  1.132E-01  9.965E-02  8.677E-02  7.458E-02  6.307E-02  5.228E-02  4.221E-02  3.292E-02  2.450E-02  1.713E-02  1.111E-02
  340.0000  7.459E-01  7.250E-01  7.038E-01  6.825E-01  6.610E-01  6.394E-01  6.176E-01  5.957E-01  5.738E-01  5.512E-01  5.292E-01  5.071E-01  4.855E-01  4.634E-01  4.414E-01  4.195E-01  3.977E-01  3.761E-01  3.546E-01  3.333E-01  3.123E-01  2.916E-01  2.713E-01  2.513E-01  2.318E-01  2.127E-01  1.941E-01  1.762E-01  1.588E-01  1.421E-01  1.261E-01  1.109E-01  9.642E-02  8.273E-02  6.983E-02  5.775E-02  4.650E-02  3.615E-02  2.680E-02  1.865E-02  1.203E-02
  341.0000  6.556E-01  6.373E-01  6.188E-01  6.001E-01  5.813E-01  5.623E-01  5.433E-01  5.241E-01  5.049E-01  4.852E-01  4.658E-01  4.465E-01  4.276E-01  4.082E-01  3.889E-01  3.697E-01  3.506E-01  3.316E-01  3.128E-01  2.941E-01  2.757E-01  2.575E-01  2.396E-01  2.220E-01  2.049E-01  1.881E-01  1.718E-01  1.560E-01  1.407E-01  1.260E-01  1.119E-01  9.845E-02  8.568E-02  7.360E-02  6.221E-02  5.153E-02  4.157E-02  3.239E-02  2.408E-02  1.681E-02  1.088E-02
  342.0000  6.693E-01  6.507E-01  6.319E-01  6.129E-01  5.938E-01  5.746E-01  5.552E-01  5.357E-01  5.162E-01  4.961E-01  4.765E-01  4.568E-01  4.375E-01  4.178E-01  3.982E-01  3.786E-01  3.592E-01  3.398E-01  3.206E-01  3.016E-01  2.828E-01  2.643E-01  2.460E-01  2.281E-01  2.106E-01  1.935E-01  1.768E-01  1.606E-01  1.450E-01  1.299E-01  1.155E-01  1.018E-01  8.867E-02  7.627E-02  6.458E-02  5.360E-02  4.335E-02  3.388E-02  2.527E-02  1.771E-02  1.151E-02
  343.0000  7.035E-01  6.840E-01  6.642E-01  6.443E-01  6.242E-01  6.040E-01  5.837E-01  5.632E-01  5.427E-01  5.216E-01  5.010E-01  4.803E-01  4.600E-01  4.394E-01  4.187E-01  3.982E-01  3.777E-01  3.574E-01  3.372E-01  3.172E-01  2.974E-01  2.779E-01  2.587E-01  2.399E-01  2.214E-01  2.034E-01  1.859E-01  1.689E-01  1.524E-01  1.366E-01  1.214E-01  1.069E-01  9.315E-02  8.011E-02  6.782E-02  5.627E-02  4.550E-02  3.554E-02  2.650E-02  1.856E-02  1.205E-02
  344.0000  5.707E-01  5.548E-01  5.387E-01  5.225E-01  5.062E-01  4.897E-01  4.732E-01  4.565E-01  4.398E-01  4.227E-01  4.059E-01  3.891E-01  3.726E-01  3.558E-01  3.390E-01  3.223E-01  3.056E-01  2.891E-01  2.726E-01  2.564E-01  2.403E-01  2.245E-01  2.089E-01  1.935E-01  1.785E-01  1.639E-01  1.496E-01  1.358E-01  1.225E-01  1.096E-01  9.733E-02  8.560E-02  7.445E-02  6.391E-02  5.398E-02  4.468E-02  3.602E-02  2.803E-02  2.081E-02  1.450E-02  9.359E-03
  345.0000  6.377E-01  6.200E-01  6.021E-01  5.841E-01  5.660E-01  5.477E-01  5.293E-01  5.108E-01  4.922E-01  4.731E-01  4.544E-01  4.357E-01  4.174E-01  3.987E-01  3.800E-01  3.614E-01  3.428E-01  3.244E-01  3.061E-01  2.880E-01  2.700E-01  2.524E-01  2.349E-01  2.178E-01  2.011E-01  1.847E-01  1.688E-01  1.533E-01  1.384E-01  1.240E-01  1.102E-01  9.704E-02  8.453E-02  7.269E-02  6.152E-02  5.105E-02  4.127E-02  3.224E-02  2.403E-02  1.682E-02  1.092E-02
  346.0000  6.494E-01  6.314E-01  6.132E-01  5.948E-01  5.763E-01  5.576E-01  5.389E-01  5.200E-01  5.011E-01  4.816E-01  4.626E-01  4.435E-01  4.248E-01  4.057E-01  3.866E-01  3.676E-01  3.487E-01  3.299E-01  3.113E-01  2.928E-01  2.745E-01  2.565E-01  2.387E-01  2.213E-01  2.042E-01  1.875E-01  1.712E-01  1.555E-01  1.402E-01  1.256E-01  1.115E-01  9.813E-02  8.540E-02  7.335E-02  6.201E-02  5.137E-02  4.146E-02  3.232E-02  2.403E-02  1.677E-02  1.084E-02
  347.0000  6.987E-01  6.794E-01  6.598E-01  6.401E-01  6.202E-01  6.002E-01  5.801E-01  5.598E-01  5.395E-01  5.186E-01  4.981E-01  4.776E-01  4.575E-01  4.370E-01  4.165E-01  3.961E-01  3.758E-01  3.556E-01  3.355E-01  3.157E-01  2.960E-01  2.766E-01  2.575E-01  2.387E-01  2.203E-01  2.023E-01  1.848E-01  1.679E-01  1.515E-01  1.357E-01  1.205E-01  1.061E-01  9.233E-02  7.934E-02  6.711E-02  5.563E-02  4.494E-02  3.506E-02  2.610E-02  1.823E-02  1.180E-02
  348.0000  6.088E-01  5.920E-01  5.750E-01  5.579E-01  5.406E-01  5.232E-01  5.057E-01  4.880E-01  4.704E-01  4.522E-01  4.344E-01  4.166E-01  3.991E-01  3.812E-01  3.634E-01  3.456E-01  3.279E-01  3.103E-01  2.929E-01  2.756E-01  2.584E-01  2.415E-01  2.249E-01  2.085E-01  1.925E-01  1.768E-01  1.615E-01  1.467E-01  1.324E-01  1.186E-01  1.054E-01  9.280E-02  8.081E-02  6.947E-02  5.878E-02  4.876E-02  3.941E-02  3.077E-02  2.293E-02  1.604E-02  1.039E-02
  349.0000  6.250E-01  6.077E-01  5.903E-01  5.728E-01  5.551E-01  5.372E-01  5.193E-01  5.012E-01  4.831E-01  4.645E-01  4.462E-01  4.279E-01  4.100E-01  3.917E-01  3.734E-01  3.552E-01  3.371E-01  3.190E-01  3.011E-01  2.833E-01  2.657E-01  2.484E-01  2.313E-01  2.145E-01  1.980E-01  1.819E-01  1.662E-01  1.510E-01  1.363E-01  1.221E-01  1.085E-01  9.555E-02  8.322E-02  7.156E-02  6.057E-02  5.026E-02  4.064E-02  3.175E-02  2.368E-02  1.657E-02  1.074E-02
  350.0000  7.221E-01  7.022E-01  6.821E-01  6.619E-01  6.414E-01  6.208E-01  6.001E-01  5.792E-01  5.583E-01  5.368E-01  5.157E-01  4.946E-01  4.739E-01  4.528E-01  4.316E-01  4.106E-01  3.896E-01  3.687E-01  3.480E-01  3.275E-01  3.072E-01  2.871E-01  2.673E-01  2.479E-01  2.289E-01  2.102E-01  1.921E-01  1.745E-01  1.575E-01  1.411E-01  1.254E-01  1.103E-01  9.609E-02  8.260E-02  6.990E-02  5.799E-02  4.688E-02  3.661E-02  2.728E-02  1.908E-02  1.236E-02
------------------------------------------------------------
