Spectral Irradiance, W m-2 nm-1
values at z =      3.233 km
Columns: wavelength (nm), solar zenith angles (deg.)
    wc, nm     50.000     51.000     52.000     53.000     54.000     55.000     56.000     57.000     58.000     59.000     60.000     61.000     62.000     63.000     64.000     65.000     66.000     67.000     68.000     69.000     70.000     71.000     72.000     73.000     74.000     75.000     76.000     77.000     78.000     79.000     80.000     81.000     82.000     83.000     84.000     85.000     86.000     87.000     88.000     89.000     90.000
  280.0000  0.000E+00  0.000E+00  0.000E+00  0.000E+00  0.000E+00  0.000E+00  0.000E+00  0.000E+00  0.000E+00  0.000E+00  0.000E+00  0.000E+00  0.000E+00  0.000E+00  0.000E+00  0.000E+00  0.000E+00  0.000E+00  0.000E+00  0.000E+00  0.000E+00  0.000E+00  0.000E+00  0.000E+00  0.000E+00  0.000E+00  0.000E+00  0.000E+00  0.000E+00  0.000E+00  0.000E+00  0.000E+00  0.000E+00  0.000E+00  0.000E+00  0.000E+00  0.000E+00  0.000E+00  0.000E+00  0.000E+00  0.000E+00
  281.0000  0.000E+00  0.000E+00  0.000E+00  0.000E+00  0.000E+00  0.000E+00  0.000E+00  0.000E+00  0.000E+00  0.000E+00  0.000E+00  0.000E+00  0.000E+00  0.000E+00  0.000E+00  0.000E+00  0.000E+00  0.000E+00  0.000E+00  0.000E+00  0.000E+00  0.000E+00  0.000E+00  0.000E+00  0.000E+00  0.000E+00  0.000E+00  0.000E+00  0.000E+00  0.000E+00  0.000E+00  0.000E+00  0.000E+00  0.000E+00  0.000E+00  0.000E+00  0.000E+00  0.000E+00  0.000E+00  0.000E+00  0.000E+00
  282.0000  0.000E+00  0.000E+00  0.000E+00  0.000E+00  0.000E+00  0.000E+00  0.000E+00  0.000E+00  0.000E+00  0.000E+00  0.000E+00  0.000E+00  0.000E+00  0.000E+00  0.000E+00  0.000E+00  0.000E+00  0.000E+00  0.000E+00  0.000E+00  0.000E+00  0.000E+00  0.000E+00  0.000E+00  0.000E+00  0.000E+00  0.000E+00  0.000E+00  0.000E+00  0.000E+00  0.000E+00  0.000E+00  0.000E+00  0.000E+00  0.000E+00  0.000E+00  0.000E+00  0.000E+00  0.000E+00  0.000E+00  0.000E+00
  283.0000  0.000E+00  0.000E+00  0.000E+00  0.000E+00  0.000E+00  0.000E+00  0.000E+00  0.000E+00  0.000E+00  0.000E+00  0.000E+00  0.000E+00  0.000E+00  0.000E+00  0.000E+00  0.000E+00  0.000E+00  0.000E+00  0.000E+00  0.000E+00  0.000E+00  0.000E+00  0.000E+00  0.000E+00  0.000E+00  0.000E+00  0.000E+00  0.000E+00  0.000E+00  0.000E+00  0.000E+00  0.000E+00  0.000E+00  0.000E+00  0.000E+00  0.000E+00  0.000E+00  0.000E+00  0.000E+00  0.000E+00  0.000E+00
  284.0000  0.000E+00  0.000E+00  0.000E+00  0.000E+00  0.000E+00  0.000E+00  0.000E+00  0.000E+00  0.000E+00  0.000E+00  0.000E+00  0.000E+00  0.000E+00  0.000E+00  0.000E+00  0.000E+00  0.000E+00  0.000E+00  0.000E+00  0.000E+00  0.000E+00  0.000E+00  0.000E+00  0.000E+00  0.000E+00  0.000E+00  0.000E+00  0.000E+00  0.000E+00  0.000E+00  0.000E+00  0.000E+00  0.000E+00  0.000E+00  0.000E+00  0.000E+00  0.000E+00  0.000E+00  0.000E+00  0.000E+00  0.000E+00
  285.0000  0.000E+00  0.000E+00  0.000E+00  0.000E+00  0.000E+00  0.000E+00  0.000E+00  0.000E+00  0.000E+00  0.000E+00  0.000E+00  0.000E+00  0.000E+00  0.000E+00  0.000E+00  0.000E+00  0.000E+00  0.000E+00  0.000E+00  0.000E+00  0.000E+00  0.000E+00  0.000E+00  0.000E+00  0.000E+00  0.000E+00  0.000E+00  0.000E+00  0.000E+00  0.000E+00  0.000E+00  0.000E+00  0.000E+00  0.000E+00  0.000E+00  0.000E+00  0.000E+00  0.000E+00  0.000E+00  0.000E+00  0.000E+00
  286.0000  0.000E+00  0.000E+00  0.000E+00  0.000E+00  0.000E+00  0.000E+00  0.000E+00  0.000E+00  0.000E+00  0.000E+00  0.000E+00  0.000E+00  0.000E+00  0.000E+00  0.000E+00  0.000E+00  0.000E+00  0.000E+00  0.000E+00  0.000E+00  0.000E+00  0.000E+00  0.000E+00  0.000E+00  0.000E+00  0.000E+00  0.000E+00  0.000E+00  0.000E+00  0.000E+00  0.000E+00  0.000E+00  0.000E+00  0.000E+00  0.000E+00  0.000E+00  0.000E+00  0.000E+00  0.000E+00  0.000E+00  0.000E+00
  287.0000  0.000E+00  0.000E+00  0.000E+00  0.000E+00  0.000E+00  0.000E+00  0.000E+00  0.000E+00  0.000E+00  0.000E+00  0.000E+00  0.000E+00  0.000E+00  0.000E+00  0.000E+00  0.000E+00  0.000E+00  0.000E+00  0.000E+00  0.000E+00  0.000E+00  0.000E+00  0.000E+00  0.000E+00  0.000E+00  0.000E+00  0.000E+00  0.000E+00  0.000E+00  0.000E+00  0.000E+00  0.000E+00  0.000E+00  0.000E+00  0.000E+00  0.000E+00  0.000E+00  0.000E+00  0.000E+00  0.000E+00  0.000E+00
  288.0000  0.000E+00  0.000E+00  0.000E+00  0.000E+00  0.000E+00  0.000E+00  0.000E+00  0.000E+00  0.000E+00  0.000E+00  0.000E+00  0.000E+00  0.000E+00  0.000E+00  0.000E+00  0.000E+00  0.000E+00  0.000E+00  0.000E+00  0.000E+00  0.000E+00  0.000E+00  0.000E+00  0.000E+00  0.000E+00  0.000E+00  0.000E+00  0.000E+00  0.000E+00  0.000E+00  0.000E+00  0.000E+00  0.000E+00  0.000E+00  0.000E+00  0.000E+00  0.000E+00  0.000E+00  0.000E+00  0.000E+00  0.000E+00
  289.0000  0.000E+00  0.000E+00  0.000E+00  0.000E+00  0.000E+00  0.000E+00  0.000E+00  0.000E+00  0.000E+00  0.000E+00  0.000E+00  0.000E+00  0.000E+00  0.000E+00  0.000E+00  0.000E+00  0.000E+00  0.000E+00  0.000E+00  0.000E+00  0.000E+00  0.000E+00  0.000E+00  0.000E+00  0.000E+00  0.000E+00  0.000E+00  0.000E+00  0.000E+00  0.000E+00  0.000E+00  0.000E+00  0.000E+00  0.000E+00  0.000E+00  0.000E+00  0.000E+00  0.000E+00  0.000E+00  0.000E+00  0.000E+00
  290.0000  0.000E+00  0.000E+00  0.000E+00  0.000E+00  0.000E+00  0.000E+00  0.000E+00  0.000E+00  0.000E+00  0.000E+00  0.000E+00  0.000E+00  0.000E+00  0.000E+00  0.000E+00  0.000E+00  0.000E+00  0.000E+00  0.000E+00  0.000E+00  0.000E+00  0.000E+00  0.000E+00  0.000E+00  0.000E+00  0.000E+00  0.000E+00  0.000E+00  0.000E+00  0.000E+00  0.000E+00  0.000E+00  0.000E+00  0.000E+00  0.000E+00  0.000E+00  0.000E+00  0.000E+00  0.000E+00  0.000E+00  0.000E+00
  291.0000  5.510E-08  3.885E-08  2.688E-08  1.824E-08  1.212E-08  7.880E-09  5.004E-09  3.101E-09  1.874E-09  1.097E-09  6.179E-10  3.529E-10  1.957E-10  1.073E-10  5.924E-11  3.378E-11  2.046E-11  1.345E-11  9.633E-12  7.417E-12  6.018E-12  5.055E-12  4.341E-12  3.785E-12  3.335E-12  2.962E-12  2.646E-12  2.375E-12  2.138E-12  1.928E-12  1.741E-12  1.570E-12  1.414E-12  1.269E-12  1.133E-12  1.003E-12  8.777E-13  7.554E-13  6.345E-13  5.142E-13  3.971E-13
  292.0000  4.341E-07  3.201E-07  2.324E-07  1.659E-07  1.163E-07  7.995E-08  5.388E-08  3.556E-08  2.295E-08  1.428E-08  8.761E-09  5.366E-09  3.201E-09  1.881E-09  1.100E-09  6.514E-10  3.989E-10  2.579E-10  1.785E-10  1.323E-10  1.041E-10  8.543E-11  7.222E-11  6.225E-11  5.436E-11  4.792E-11  4.253E-11  3.794E-11  3.397E-11  3.048E-11  2.739E-11  2.461E-11  2.208E-11  1.974E-11  1.756E-11  1.550E-11  1.353E-11  1.161E-11  9.736E-12  7.879E-12  6.081E-12
  293.0000  1.614E-06  1.224E-06  9.146E-07  6.732E-07  4.875E-07  3.470E-07  2.426E-07  1.663E-07  1.118E-07  7.350E-08  4.665E-08  2.983E-08  1.862E-08  1.143E-08  6.947E-09  4.240E-09  2.638E-09  1.703E-09  1.160E-09  8.402E-10  6.450E-10  5.192E-10  4.326E-10  3.691E-10  3.199E-10  2.804E-10  2.476E-10  2.198E-10  1.960E-10  1.752E-10  1.569E-10  1.405E-10  1.256E-10  1.120E-10  9.940E-11  8.753E-11  7.622E-11  6.530E-11  5.465E-11  4.416E-11  3.406E-11
  294.0000  8.072E-06  6.332E-06  4.905E-06  3.750E-06  2.826E-06  2.098E-06  1.533E-06  1.102E-06  7.780E-07  5.313E-07  3.618E-07  2.441E-07  1.611E-07  1.045E-07  6.690E-08  4.264E-08  2.733E-08  1.785E-08  1.206E-08  8.522E-09  6.340E-09  4.952E-09  4.027E-09  3.373E-09  2.885E-09  2.503E-09  2.192E-09  1.933E-09  1.713E-09  1.522E-09  1.355E-09  1.207E-09  1.075E-09  9.540E-10  8.430E-10  7.396E-10  6.418E-10  5.482E-10  4.574E-10  3.688E-10  2.841E-10
  295.0000  2.533E-05  2.035E-05  1.616E-05  1.268E-05  9.829E-06  7.515E-06  5.665E-06  4.207E-06  3.075E-06  2.207E-06  1.542E-06  1.081E-06  7.420E-07  5.008E-07  3.330E-07  2.197E-07  1.447E-07  9.605E-08  6.507E-08  4.553E-08  3.320E-08  2.533E-08  2.014E-08  1.656E-08  1.397E-08  1.200E-08  1.043E-08  9.136E-09  8.048E-09  7.117E-09  6.307E-09  5.594E-09  4.958E-09  4.384E-09  3.860E-09  3.375E-09  2.920E-09  2.487E-09  2.070E-09  1.665E-09  1.281E-09
  296.0000  1.153E-04  9.525E-05  7.787E-05  6.301E-05  5.042E-05  3.988E-05  3.116E-05  2.403E-05  1.828E-05  1.356E-05  1.001E-05  7.323E-06  5.267E-06  3.725E-06  2.595E-06  1.787E-06  1.222E-06  8.350E-07  5.743E-07  4.017E-07  2.886E-07  2.147E-07  1.658E-07  1.327E-07  1.094E-07  9.231E-08  7.916E-08  6.863E-08  5.995E-08  5.261E-08  4.630E-08  4.079E-08  3.594E-08  3.159E-08  2.767E-08  2.407E-08  2.072E-08  1.758E-08  1.457E-08  1.168E-08  8.964E-09
  297.0000  1.850E-04  1.556E-04  1.297E-04  1.071E-04  8.761E-05  7.090E-05  5.675E-05  4.489E-05  3.506E-05  2.699E-05  2.037E-05  1.536E-05  1.140E-05  8.327E-06  5.991E-06  4.258E-06  2.997E-06  2.098E-06  1.468E-06  1.035E-06  7.419E-07  5.451E-07  4.130E-07  3.236E-07  2.615E-07  2.170E-07  1.837E-07  1.576E-07  1.366E-07  1.191E-07  1.042E-07  9.127E-08  7.998E-08  6.997E-08  6.099E-08  5.282E-08  4.530E-08  3.827E-08  3.162E-08  2.528E-08  1.934E-08
  298.0000  7.137E-04  6.127E-04  5.219E-04  4.410E-04  3.694E-04  3.066E-04  2.520E-04  2.050E-04  1.650E-04  1.301E-04  1.023E-04  7.970E-05  6.126E-05  4.641E-05  3.464E-05  2.553E-05  1.861E-05  1.344E-05  9.654E-06  6.928E-06  5.000E-06  3.655E-06  2.727E-06  2.089E-06  1.646E-06  1.333E-06  1.105E-06  9.334E-07  7.985E-07  6.889E-07  5.974E-07  5.195E-07  4.519E-07  3.926E-07  3.400E-07  2.926E-07  2.495E-07  2.096E-07  1.724E-07  1.372E-07  1.046E-07
  299.0000  1.279E-03  1.114E-03  9.630E-04  8.265E-04  7.038E-04  5.944E-04  4.976E-04  4.127E-04  3.391E-04  2.754E-04  2.197E-04  1.752E-04  1.380E-04  1.072E-04  8.211E-05  6.212E-05  4.645E-05  3.438E-05  2.523E-05  1.842E-05  1.344E-05  9.862E-06  7.324E-06  5.542E-06  4.292E-06  3.411E-06  2.777E-06  2.309E-06  1.950E-06  1.666E-06  1.433E-06  1.237E-06  1.069E-06  9.235E-07  7.950E-07  6.805E-07  5.772E-07  4.827E-07  3.951E-07  3.132E-07  2.380E-07
  300.0000  2.236E-03  1.977E-03  1.737E-03  1.517E-03  1.316E-03  1.133E-03  9.674E-04  8.197E-04  6.884E-04  5.705E-04  4.689E-04  3.834E-04  3.103E-04  2.479E-04  1.955E-04  1.524E-04  1.174E-04  8.943E-05  6.744E-05  5.043E-05  3.750E-05  2.784E-05  2.074E-05  1.560E-05  1.191E-05  9.268E-06  7.376E-06  5.999E-06  4.971E-06  4.180E-06  3.551E-06  3.034E-06  2.599E-06  2.225E-06  1.901E-06  1.614E-06  1.359E-06  1.129E-06  9.180E-07  7.235E-07  5.471E-07
  301.0000  4.940E-03  4.420E-03  3.933E-03  3.479E-03  3.059E-03  2.672E-03  2.317E-03  1.995E-03  1.704E-03  1.435E-03  1.205E-03  1.005E-03  8.301E-04  6.777E-04  5.467E-04  4.361E-04  3.439E-04  2.682E-04  2.069E-04  1.581E-04  1.198E-04  9.021E-05  6.781E-05  5.109E-05  3.879E-05  2.983E-05  2.335E-05  1.863E-05  1.515E-05  1.254E-05  1.050E-05  8.875E-06  7.532E-06  6.397E-06  5.422E-06  4.571E-06  3.821E-06  3.151E-06  2.547E-06  1.996E-06  1.501E-06
  302.0000  7.124E-03  6.438E-03  5.790E-03  5.180E-03  4.609E-03  4.077E-03  3.582E-03  3.128E-03  2.712E-03  2.340E-03  1.981E-03  1.679E-03  1.412E-03  1.174E-03  9.661E-04  7.864E-04  6.334E-04  5.045E-04  3.975E-04  3.099E-04  2.393E-04  1.832E-04  1.394E-04  1.058E-04  8.047E-05  6.156E-05  4.763E-05  3.741E-05  2.990E-05  2.431E-05  2.006E-05  1.673E-05  1.405E-05  1.182E-05  9.940E-06  8.316E-06  6.898E-06  5.648E-06  4.532E-06  3.528E-06  2.640E-06
  303.0000  1.730E-02  1.580E-02  1.437E-02  1.300E-02  1.171E-02  1.049E-02  9.342E-03  8.273E-03  7.282E-03  6.333E-03  5.497E-03  4.741E-03  4.060E-03  3.443E-03  2.890E-03  2.403E-03  1.978E-03  1.611E-03  1.299E-03  1.036E-03  8.173E-04  6.386E-04  4.946E-04  3.805E-04  2.916E-04  2.233E-04  1.717E-04  1.332E-04  1.046E-04  8.331E-05  6.738E-05  5.520E-05  4.565E-05  3.793E-05  3.153E-05  2.611E-05  2.145E-05  1.739E-05  1.383E-05  1.067E-05  7.923E-06
  304.0000  2.233E-02  2.052E-02  1.879E-02  1.713E-02  1.554E-02  1.403E-02  1.261E-02  1.127E-02  1.001E-02  8.803E-03  7.716E-03  6.728E-03  5.829E-03  5.003E-03  4.255E-03  3.586E-03  2.994E-03  2.475E-03  2.025E-03  1.639E-03  1.313E-03  1.041E-03  8.168E-04  6.356E-04  4.913E-04  3.782E-04  2.909E-04  2.246E-04  1.748E-04  1.376E-04  1.097E-04  8.870E-05  7.246E-05  5.958E-05  4.910E-05  4.034E-05  3.289E-05  2.647E-05  2.090E-05  1.602E-05  1.182E-05
  305.0000  3.770E-02  3.494E-02  3.227E-02  2.968E-02  2.719E-02  2.481E-02  2.253E-02  2.036E-02  1.831E-02  1.631E-02  1.449E-02  1.281E-02  1.127E-02  9.823E-03  8.492E-03  7.282E-03  6.191E-03  5.216E-03  4.352E-03  3.594E-03  2.938E-03  2.377E-03  1.902E-03  1.507E-03  1.183E-03  9.209E-04  7.131E-04  5.508E-04  4.259E-04  3.310E-04  2.595E-04  2.056E-04  1.647E-04  1.331E-04  1.080E-04  8.752E-05  7.049E-05  5.608E-05  4.375E-05  3.317E-05  2.424E-05
  306.0000  4.055E-02  3.778E-02  3.508E-02  3.246E-02  2.993E-02  2.748E-02  2.513E-02  2.287E-02  2.072E-02  1.858E-02  1.669E-02  1.488E-02  1.321E-02  1.163E-02  1.016E-02  8.812E-03  7.580E-03  6.464E-03  5.463E-03  4.572E-03  3.789E-03  3.107E-03  2.520E-03  2.023E-03  1.607E-03  1.264E-03  9.865E-04  7.652E-04  5.917E-04  4.578E-04  3.556E-04  2.784E-04  2.199E-04  1.752E-04  1.404E-04  1.126E-04  8.980E-05  7.079E-05  5.475E-05  4.115E-05  2.983E-05
  307.0000  6.021E-02  5.641E-02  5.269E-02  4.906E-02  4.552E-02  4.209E-02  3.876E-02  3.556E-02  3.247E-02  2.944E-02  2.662E-02  2.397E-02  2.149E-02  1.912E-02  1.689E-02  1.482E-02  1.291E-02  1.116E-02  9.559E-03  8.117E-03  6.826E-03  5.684E-03  4.683E-03  3.816E-03  3.076E-03  2.453E-03  1.936E-03  1.514E-03  1.176E-03  9.091E-04  7.019E-04  5.432E-04  4.226E-04  3.311E-04  2.609E-04  2.061E-04  1.623E-04  1.264E-04  9.662E-05  7.181E-05  5.150E-05
  308.0000  8.040E-02  7.571E-02  7.109E-02  6.656E-02  6.213E-02  5.780E-02  5.359E-02  4.950E-02  4.553E-02  4.156E-02  3.794E-02  3.445E-02  3.118E-02  2.800E-02  2.500E-02  2.217E-02  1.954E-02  1.709E-02  1.483E-02  1.276E-02  1.088E-02  9.195E-03  7.690E-03  6.363E-03  5.207E-03  4.213E-03  3.370E-03  2.666E-03  2.088E-03  1.621E-03  1.251E-03  9.624E-04  7.404E-04  5.713E-04  4.427E-04  3.439E-04  2.666E-04  2.049E-04  1.546E-04  1.134E-04  8.037E-05
  309.0000  8.958E-02  8.459E-02  7.967E-02  7.482E-02  7.007E-02  6.541E-02  6.087E-02  5.644E-02  5.213E-02  4.771E-02  4.383E-02  3.999E-02  3.638E-02  3.284E-02  2.949E-02  2.632E-02  2.333E-02  2.055E-02  1.796E-02  1.557E-02  1.339E-02  1.140E-02  9.616E-03  8.026E-03  6.626E-03  5.408E-03  4.362E-03  3.478E-03  2.741E-03  2.138E-03  1.653E-03  1.270E-03  9.725E-04  7.446E-04  5.713E-04  4.391E-04  3.370E-04  2.565E-04  1.919E-04  1.396E-04  9.813E-05
  310.0000  1.007E-01  9.562E-02  9.054E-02  8.553E-02  8.057E-02  7.570E-02  7.091E-02  6.621E-02  6.163E-02  5.695E-02  5.268E-02  4.849E-02  4.452E-02  4.059E-02  3.683E-02  3.324E-02  2.983E-02  2.660E-02  2.356E-02  2.072E-02  1.808E-02  1.565E-02  1.342E-02  1.139E-02  9.576E-03  7.957E-03  6.535E-03  5.300E-03  4.244E-03  3.355E-03  2.618E-03  2.020E-03  1.543E-03  1.170E-03  8.832E-04  6.650E-04  4.991E-04  3.719E-04  2.727E-04  1.946E-04  1.342E-04
  311.0000  1.786E-01  1.699E-01  1.612E-01  1.526E-01  1.442E-01  1.358E-01  1.275E-01  1.194E-01  1.115E-01  1.034E-01  9.596E-02  8.864E-02  8.168E-02  7.479E-02  6.816E-02  6.179E-02  5.572E-02  4.994E-02  4.448E-02  3.935E-02  3.454E-02  3.008E-02  2.597E-02  2.221E-02  1.881E-02  1.575E-02  1.304E-02  1.066E-02  8.596E-03  6.841E-03  5.370E-03  4.159E-03  3.182E-03  2.409E-03  1.810E-03  1.352E-03  1.005E-03  7.414E-04  5.385E-04  3.809E-04  2.603E-04
  312.0000  1.720E-01  1.641E-01  1.562E-01  1.484E-01  1.406E-01  1.330E-01  1.254E-01  1.179E-01  1.105E-01  1.030E-01  9.603E-02  8.915E-02  8.260E-02  7.606E-02  6.974E-02  6.364E-02  5.778E-02  5.218E-02  4.684E-02  4.177E-02  3.700E-02  3.253E-02  2.836E-02  2.452E-02  2.099E-02  1.778E-02  1.489E-02  1.232E-02  1.006E-02  8.099E-03  6.424E-03  5.019E-03  3.861E-03  2.927E-03  2.190E-03  1.621E-03  1.189E-03  8.631E-04  6.168E-04  4.295E-04  2.891E-04
  313.0000  2.071E-01  1.981E-01  1.891E-01  1.802E-01  1.714E-01  1.626E-01  1.539E-01  1.453E-01  1.368E-01  1.281E-01  1.199E-01  1.119E-01  1.042E-01  9.650E-02  8.901E-02  8.174E-02  7.471E-02  6.795E-02  6.146E-02  5.527E-02  4.938E-02  4.381E-02  3.858E-02  3.370E-02  2.917E-02  2.500E-02  2.120E-02  1.777E-02  1.470E-02  1.199E-02  9.632E-03  7.612E-03  5.911E-03  4.509E-03  3.379E-03  2.490E-03  1.807E-03  1.292E-03  9.074E-04  6.207E-04  4.104E-04
  314.0000  2.321E-01  2.223E-01  2.125E-01  2.028E-01  1.931E-01  1.834E-01  1.739E-01  1.644E-01  1.550E-01  1.455E-01  1.364E-01  1.275E-01  1.190E-01  1.104E-01  1.021E-01  9.396E-02  8.611E-02  7.853E-02  7.124E-02  6.425E-02  5.760E-02  5.129E-02  4.533E-02  3.975E-02  3.455E-02  2.975E-02  2.534E-02  2.134E-02  1.775E-02  1.455E-02  1.175E-02  9.333E-03  7.279E-03  5.571E-03  4.181E-03  3.079E-03  2.227E-03  1.583E-03  1.104E-03  7.497E-04  4.920E-04
  315.0000  2.558E-01  2.458E-01  2.358E-01  2.257E-01  2.157E-01  2.057E-01  1.958E-01  1.859E-01  1.761E-01  1.661E-01  1.565E-01  1.471E-01  1.380E-01  1.289E-01  1.199E-01  1.111E-01  1.026E-01  9.429E-02  8.626E-02  7.851E-02  7.106E-02  6.392E-02  5.713E-02  5.069E-02  4.462E-02  3.894E-02  3.366E-02  2.878E-02  2.432E-02  2.029E-02  1.667E-02  1.347E-02  1.068E-02  8.299E-03  6.300E-03  4.665E-03  3.367E-03  2.368E-03  1.621E-03  1.075E-03  6.884E-04
  316.0000  2.094E-01  2.012E-01  1.931E-01  1.849E-01  1.768E-01  1.686E-01  1.606E-01  1.525E-01  1.446E-01  1.364E-01  1.286E-01  1.210E-01  1.136E-01  1.061E-01  9.878E-02  9.163E-02  8.465E-02  7.786E-02  7.129E-02  6.494E-02  5.883E-02  5.297E-02  4.739E-02  4.210E-02  3.710E-02  3.242E-02  2.806E-02  2.403E-02  2.033E-02  1.699E-02  1.398E-02  1.132E-02  8.989E-03  6.993E-03  5.315E-03  3.940E-03  2.844E-03  1.999E-03  1.366E-03  9.046E-04  5.778E-04
  317.0000  3.323E-01  3.201E-01  3.079E-01  2.956E-01  2.833E-01  2.710E-01  2.588E-01  2.466E-01  2.345E-01  2.221E-01  2.101E-01  1.983E-01  1.870E-01  1.754E-01  1.641E-01  1.530E-01  1.421E-01  1.314E-01  1.210E-01  1.110E-01  1.012E-01  9.184E-02  8.283E-02  7.421E-02  6.601E-02  5.826E-02  5.097E-02  4.415E-02  3.784E-02  3.203E-02  2.673E-02  2.196E-02  1.771E-02  1.399E-02  1.078E-02  8.082E-03  5.874E-03  4.127E-03  2.798E-03  1.824E-03  1.142E-03
  318.0000  2.935E-01  2.827E-01  2.720E-01  2.612E-01  2.504E-01  2.397E-01  2.289E-01  2.182E-01  2.076E-01  1.967E-01  1.862E-01  1.758E-01  1.658E-01  1.556E-01  1.457E-01  1.358E-01  1.262E-01  1.168E-01  1.077E-01  9.880E-02  9.019E-02  8.188E-02  7.390E-02  6.627E-02  5.900E-02  5.212E-02  4.564E-02  3.959E-02  3.396E-02  2.878E-02  2.406E-02  1.979E-02  1.599E-02  1.264E-02  9.758E-03  7.324E-03  5.327E-03  3.744E-03  2.537E-03  1.651E-03  1.032E-03
  319.0000  3.522E-01  3.402E-01  3.282E-01  3.160E-01  3.039E-01  2.918E-01  2.796E-01  2.675E-01  2.553E-01  2.429E-01  2.309E-01  2.190E-01  2.075E-01  1.958E-01  1.842E-01  1.728E-01  1.615E-01  1.505E-01  1.397E-01  1.291E-01  1.188E-01  1.088E-01  9.913E-02  8.980E-02  8.083E-02  7.226E-02  6.410E-02  5.638E-02  4.911E-02  4.232E-02  3.601E-02  3.020E-02  2.491E-02  2.014E-02  1.589E-02  1.219E-02  9.039E-03  6.438E-03  4.378E-03  2.827E-03  1.732E-03
  320.0000  3.863E-01  3.728E-01  3.592E-01  3.456E-01  3.319E-01  3.183E-01  3.046E-01  2.910E-01  2.774E-01  2.635E-01  2.501E-01  2.368E-01  2.239E-01  2.109E-01  1.980E-01  1.853E-01  1.728E-01  1.606E-01  1.486E-01  1.370E-01  1.256E-01  1.147E-01  1.041E-01  9.387E-02  8.412E-02  7.483E-02  6.602E-02  5.773E-02  4.997E-02  4.275E-02  3.611E-02  3.003E-02  2.455E-02  1.965E-02  1.536E-02  1.166E-02  8.564E-03  6.054E-03  4.102E-03  2.652E-03  1.637E-03
  321.0000  4.276E-01  4.137E-01  3.997E-01  3.857E-01  3.716E-01  3.575E-01  3.433E-01  3.291E-01  3.150E-01  3.005E-01  2.864E-01  2.724E-01  2.588E-01  2.450E-01  2.313E-01  2.178E-01  2.044E-01  1.912E-01  1.783E-01  1.656E-01  1.532E-01  1.411E-01  1.293E-01  1.179E-01  1.069E-01  9.627E-02  8.611E-02  7.643E-02  6.724E-02  5.857E-02  5.044E-02  4.287E-02  3.587E-02  2.946E-02  2.366E-02  1.848E-02  1.395E-02  1.010E-02  6.957E-03  4.513E-03  2.753E-03
  322.0000  4.240E-01  4.101E-01  3.961E-01  3.820E-01  3.679E-01  3.537E-01  3.396E-01  3.254E-01  3.112E-01  2.967E-01  2.826E-01  2.687E-01  2.551E-01  2.413E-01  2.276E-01  2.141E-01  2.007E-01  1.876E-01  1.747E-01  1.621E-01  1.497E-01  1.377E-01  1.260E-01  1.147E-01  1.037E-01  9.325E-02  8.322E-02  7.367E-02  6.463E-02  5.613E-02  4.818E-02  4.079E-02  3.399E-02  2.779E-02  2.221E-02  1.725E-02  1.296E-02  9.334E-03  6.400E-03  4.144E-03  2.530E-03
  323.0000  3.744E-01  3.623E-01  3.500E-01  3.377E-01  3.254E-01  3.130E-01  3.006E-01  2.882E-01  2.758E-01  2.630E-01  2.507E-01  2.385E-01  2.265E-01  2.144E-01  2.024E-01  1.905E-01  1.788E-01  1.672E-01  1.559E-01  1.447E-01  1.338E-01  1.232E-01  1.129E-01  1.029E-01  9.319E-02  8.389E-02  7.499E-02  6.650E-02  5.846E-02  5.087E-02  4.376E-02  3.715E-02  3.104E-02  2.545E-02  2.041E-02  1.591E-02  1.199E-02  8.664E-03  5.954E-03  3.857E-03  2.351E-03
  324.0000  4.594E-01  4.453E-01  4.312E-01  4.170E-01  4.027E-01  3.883E-01  3.739E-01  3.594E-01  3.450E-01  3.301E-01  3.157E-01  3.013E-01  2.873E-01  2.730E-01  2.588E-01  2.447E-01  2.307E-01  2.169E-01  2.033E-01  1.899E-01  1.768E-01  1.639E-01  1.513E-01  1.390E-01  1.270E-01  1.155E-01  1.043E-01  9.362E-02  8.337E-02  7.360E-02  6.433E-02  5.559E-02  4.738E-02  3.973E-02  3.266E-02  2.618E-02  2.033E-02  1.516E-02  1.074E-02  7.135E-03  4.410E-03
  325.0000  4.721E-01  4.572E-01  4.422E-01  4.271E-01  4.119E-01  3.966E-01  3.814E-01  3.661E-01  3.508E-01  3.351E-01  3.199E-01  3.047E-01  2.899E-01  2.749E-01  2.600E-01  2.452E-01  2.306E-01  2.162E-01  2.020E-01  1.880E-01  1.743E-01  1.610E-01  1.479E-01  1.353E-01  1.230E-01  1.112E-01  9.985E-02  8.898E-02  7.863E-02  6.883E-02  5.959E-02  5.095E-02  4.292E-02  3.552E-02  2.876E-02  2.267E-02  1.728E-02  1.263E-02  8.775E-03  5.727E-03  3.499E-03
  326.0000  6.411E-01  6.216E-01  6.018E-01  5.820E-01  5.620E-01  5.420E-01  5.218E-01  5.017E-01  4.815E-01  4.607E-01  4.406E-01  4.205E-01  4.009E-01  3.809E-01  3.611E-01  3.414E-01  3.219E-01  3.026E-01  2.836E-01  2.648E-01  2.464E-01  2.284E-01  2.108E-01  1.936E-01  1.769E-01  1.607E-01  1.452E-01  1.302E-01  1.158E-01  1.022E-01  8.925E-02  7.705E-02  6.561E-02  5.495E-02  4.511E-02  3.611E-02  2.800E-02  2.084E-02  1.473E-02  9.764E-03  6.023E-03
  327.0000  6.360E-01  6.170E-01  5.979E-01  5.787E-01  5.594E-01  5.399E-01  5.204E-01  5.009E-01  4.812E-01  4.611E-01  4.415E-01  4.219E-01  4.028E-01  3.833E-01  3.640E-01  3.447E-01  3.257E-01  3.068E-01  2.881E-01  2.697E-01  2.516E-01  2.338E-01  2.164E-01  1.994E-01  1.828E-01  1.668E-01  1.512E-01  1.362E-01  1.218E-01  1.081E-01  9.499E-02  8.259E-02  7.089E-02  5.993E-02  4.971E-02  4.027E-02  3.165E-02  2.393E-02  1.720E-02  1.158E-02  7.244E-03
  328.0000  5.940E-01  5.759E-01  5.576E-01  5.392E-01  5.206E-01  5.020E-01  4.833E-01  4.646E-01  4.459E-01  4.266E-01  4.079E-01  3.892E-01  3.710E-01  3.525E-01  3.341E-01  3.158E-01  2.977E-01  2.798E-01  2.621E-01  2.447E-01  2.276E-01  2.109E-01  1.945E-01  1.786E-01  1.631E-01  1.481E-01  1.336E-01  1.197E-01  1.064E-01  9.376E-02  8.178E-02  7.050E-02  5.994E-02  5.012E-02  4.106E-02  3.279E-02  2.536E-02  1.883E-02  1.327E-02  8.769E-03  5.397E-03
  329.0000  6.452E-01  6.263E-01  6.072E-01  5.880E-01  5.687E-01  5.493E-01  5.298E-01  5.102E-01  4.905E-01  4.704E-01  4.507E-01  4.311E-01  4.119E-01  3.924E-01  3.729E-01  3.536E-01  3.344E-01  3.153E-01  2.965E-01  2.780E-01  2.597E-01  2.417E-01  2.240E-01  2.068E-01  1.900E-01  1.736E-01  1.578E-01  1.425E-01  1.278E-01  1.137E-01  1.003E-01  8.755E-02  7.548E-02  6.413E-02  5.350E-02  4.364E-02  3.456E-02  2.636E-02  1.912E-02  1.300E-02  8.204E-03
  330.0000  7.486E-01  7.268E-01  7.048E-01  6.826E-01  6.603E-01  6.379E-01  6.154E-01  5.928E-01  5.701E-01  5.468E-01  5.241E-01  5.015E-01  4.793E-01  4.567E-01  4.342E-01  4.118E-01  3.896E-01  3.676E-01  3.458E-01  3.243E-01  3.031E-01  2.823E-01  2.618E-01  2.418E-01  2.223E-01  2.033E-01  1.849E-01  1.672E-01  1.501E-01  1.337E-01  1.180E-01  1.031E-01  8.907E-02  7.581E-02  6.338E-02  5.182E-02  4.117E-02  3.150E-02  2.295E-02  1.567E-02  9.931E-03
  331.0000  6.256E-01  6.070E-01  5.883E-01  5.695E-01  5.505E-01  5.315E-01  5.123E-01  4.931E-01  4.739E-01  4.541E-01  4.349E-01  4.156E-01  3.968E-01  3.777E-01  3.586E-01  3.397E-01  3.209E-01  3.023E-01  2.839E-01  2.658E-01  2.479E-01  2.304E-01  2.132E-01  1.964E-01  1.801E-01  1.642E-01  1.488E-01  1.340E-01  1.198E-01  1.062E-01  9.326E-02  8.102E-02  6.949E-02  5.868E-02  4.862E-02  3.934E-02  3.088E-02  2.330E-02  1.671E-02  1.122E-02  6.998E-03
  332.0000  6.395E-01  6.210E-01  6.024E-01  5.836E-01  5.647E-01  5.457E-01  5.266E-01  5.074E-01  4.882E-01  4.684E-01  4.491E-01  4.299E-01  4.110E-01  3.918E-01  3.727E-01  3.537E-01  3.347E-01  3.160E-01  2.974E-01  2.791E-01  2.610E-01  2.432E-01  2.258E-01  2.087E-01  1.920E-01  1.757E-01  1.600E-01  1.448E-01  1.301E-01  1.160E-01  1.026E-01  8.977E-02  7.765E-02  6.622E-02  5.550E-02  4.550E-02  3.626E-02  2.785E-02  2.037E-02  1.397E-02  8.884E-03
  333.0000  6.791E-01  6.597E-01  6.401E-01  6.203E-01  6.004E-01  5.804E-01  5.603E-01  5.401E-01  5.199E-01  4.991E-01  4.788E-01  4.585E-01  4.386E-01  4.183E-01  3.982E-01  3.781E-01  3.581E-01  3.383E-01  3.187E-01  2.993E-01  2.801E-01  2.613E-01  2.428E-01  2.247E-01  2.069E-01  1.897E-01  1.729E-01  1.567E-01  1.411E-01  1.261E-01  1.117E-01  9.802E-02  8.503E-02  7.276E-02  6.122E-02  5.042E-02  4.041E-02  3.123E-02  2.301E-02  1.591E-02  1.021E-02
  334.0000  6.015E-01  5.841E-01  5.664E-01  5.487E-01  5.308E-01  5.129E-01  4.948E-01  4.767E-01  4.585E-01  4.399E-01  4.216E-01  4.034E-01  3.856E-01  3.675E-01  3.494E-01  3.314E-01  3.135E-01  2.958E-01  2.783E-01  2.610E-01  2.439E-01  2.271E-01  2.106E-01  1.945E-01  1.787E-01  1.634E-01  1.486E-01  1.342E-01  1.204E-01  1.072E-01  9.456E-02  8.256E-02  7.122E-02  6.055E-02  5.056E-02  4.128E-02  3.274E-02  2.501E-02  1.817E-02  1.237E-02  7.807E-03
  335.0000  6.886E-01  6.691E-01  6.493E-01  6.294E-01  6.094E-01  5.892E-01  5.689E-01  5.486E-01  5.281E-01  5.072E-01  4.867E-01  4.662E-01  4.461E-01  4.256E-01  4.052E-01  3.849E-01  3.647E-01  3.447E-01  3.248E-01  3.052E-01  2.858E-01  2.667E-01  2.479E-01  2.295E-01  2.115E-01  1.940E-01  1.770E-01  1.605E-01  1.446E-01  1.293E-01  1.147E-01  1.007E-01  8.749E-02  7.497E-02  6.319E-02  5.215E-02  4.189E-02  3.247E-02  2.400E-02  1.665E-02  1.072E-02
  336.0000  5.857E-01  5.692E-01  5.525E-01  5.356E-01  5.187E-01  5.016E-01  4.845E-01  4.672E-01  4.499E-01  4.322E-01  4.148E-01  3.974E-01  3.804E-01  3.631E-01  3.458E-01  3.286E-01  3.114E-01  2.944E-01  2.776E-01  2.609E-01  2.445E-01  2.282E-01  2.123E-01  1.967E-01  1.814E-01  1.664E-01  1.519E-01  1.379E-01  1.243E-01  1.113E-01  9.882E-02  8.691E-02  7.559E-02  6.488E-02  5.479E-02  4.532E-02  3.651E-02  2.839E-02  2.107E-02  1.468E-02  9.489E-03
  337.0000  5.555E-01  5.396E-01  5.236E-01  5.075E-01  4.913E-01  4.749E-01  4.585E-01  4.420E-01  4.255E-01  4.085E-01  3.919E-01  3.752E-01  3.590E-01  3.424E-01  3.259E-01  3.094E-01  2.931E-01  2.768E-01  2.607E-01  2.448E-01  2.291E-01  2.137E-01  1.985E-01  1.836E-01  1.690E-01  1.549E-01  1.411E-01  1.278E-01  1.149E-01  1.026E-01  9.081E-02  7.958E-02  6.894E-02  5.890E-02  4.947E-02  4.067E-02  3.252E-02  2.507E-02  1.841E-02  1.267E-02  8.088E-03
  338.0000  6.231E-01  6.054E-01  5.876E-01  5.696E-01  5.516E-01  5.333E-01  5.150E-01  4.966E-01  4.782E-01  4.592E-01  4.407E-01  4.221E-01  4.040E-01  3.855E-01  3.670E-01  3.486E-01  3.303E-01  3.122E-01  2.942E-01  2.764E-01  2.588E-01  2.415E-01  2.245E-01  2.078E-01  1.915E-01  1.756E-01  1.601E-01  1.452E-01  1.307E-01  1.168E-01  1.036E-01  9.090E-02  7.890E-02  6.755E-02  5.688E-02  4.690E-02  3.763E-02  2.913E-02  2.149E-02  1.488E-02  9.545E-03
  339.0000  6.619E-01  6.433E-01  6.246E-01  6.057E-01  5.867E-01  5.675E-01  5.483E-01  5.289E-01  5.095E-01  4.895E-01  4.700E-01  4.504E-01  4.313E-01  4.118E-01  3.923E-01  3.729E-01  3.536E-01  3.344E-01  3.154E-01  2.966E-01  2.780E-01  2.597E-01  2.416E-01  2.239E-01  2.066E-01  1.897E-01  1.733E-01  1.573E-01  1.420E-01  1.272E-01  1.130E-01  9.943E-02  8.657E-02  7.438E-02  6.290E-02  5.212E-02  4.207E-02  3.280E-02  2.440E-02  1.705E-02  1.105E-02
  340.0000  7.449E-01  7.240E-01  7.028E-01  6.815E-01  6.600E-01  6.384E-01  6.166E-01  5.948E-01  5.728E-01  5.503E-01  5.283E-01  5.062E-01  4.846E-01  4.626E-01  4.406E-01  4.187E-01  3.969E-01  3.753E-01  3.538E-01  3.326E-01  3.116E-01  2.909E-01  2.706E-01  2.507E-01  2.311E-01  2.121E-01  1.936E-01  1.756E-01  1.583E-01  1.416E-01  1.257E-01  1.105E-01  9.601E-02  8.235E-02  6.949E-02  5.744E-02  4.622E-02  3.591E-02  2.660E-02  1.849E-02  1.192E-02
  341.0000  6.550E-01  6.367E-01  6.182E-01  5.995E-01  5.807E-01  5.618E-01  5.427E-01  5.236E-01  5.044E-01  4.846E-01  4.653E-01  4.460E-01  4.270E-01  4.077E-01  3.884E-01  3.692E-01  3.501E-01  3.311E-01  3.123E-01  2.937E-01  2.752E-01  2.571E-01  2.392E-01  2.217E-01  2.045E-01  1.877E-01  1.714E-01  1.556E-01  1.404E-01  1.257E-01  1.116E-01  9.819E-02  8.544E-02  7.337E-02  6.201E-02  5.134E-02  4.141E-02  3.225E-02  2.396E-02  1.671E-02  1.081E-02
  342.0000  6.691E-01  6.505E-01  6.317E-01  6.127E-01  5.936E-01  5.743E-01  5.550E-01  5.355E-01  5.159E-01  4.959E-01  4.762E-01  4.566E-01  4.373E-01  4.176E-01  3.980E-01  3.784E-01  3.590E-01  3.396E-01  3.204E-01  3.014E-01  2.827E-01  2.641E-01  2.459E-01  2.280E-01  2.104E-01  1.933E-01  1.766E-01  1.605E-01  1.449E-01  1.298E-01  1.154E-01  1.016E-01  8.856E-02  7.618E-02  6.449E-02  5.352E-02  4.328E-02  3.381E-02  2.522E-02  1.767E-02  1.148E-02
  343.0000  7.032E-01  6.837E-01  6.639E-01  6.440E-01  6.239E-01  6.037E-01  5.834E-01  5.629E-01  5.424E-01  5.213E-01  5.007E-01  4.800E-01  4.598E-01  4.391E-01  4.185E-01  3.979E-01  3.775E-01  3.571E-01  3.370E-01  3.170E-01  2.972E-01  2.777E-01  2.585E-01  2.397E-01  2.213E-01  2.032E-01  1.857E-01  1.687E-01  1.523E-01  1.364E-01  1.213E-01  1.068E-01  9.303E-02  8.000E-02  6.771E-02  5.618E-02  4.542E-02  3.547E-02  2.644E-02  1.851E-02  1.202E-02
  344.0000  5.701E-01  5.542E-01  5.381E-01  5.219E-01  5.056E-01  4.892E-01  4.726E-01  4.560E-01  4.393E-01  4.221E-01  4.053E-01  3.885E-01  3.721E-01  3.553E-01  3.385E-01  3.218E-01  3.051E-01  2.886E-01  2.722E-01  2.559E-01  2.399E-01  2.240E-01  2.085E-01  1.931E-01  1.782E-01  1.635E-01  1.493E-01  1.355E-01  1.222E-01  1.093E-01  9.705E-02  8.533E-02  7.420E-02  6.368E-02  5.377E-02  4.449E-02  3.584E-02  2.788E-02  2.069E-02  1.440E-02  9.289E-03
  345.0000  6.374E-01  6.197E-01  6.019E-01  5.839E-01  5.657E-01  5.474E-01  5.290E-01  5.105E-01  4.920E-01  4.729E-01  4.542E-01  4.355E-01  4.172E-01  3.985E-01  3.798E-01  3.611E-01  3.426E-01  3.242E-01  3.059E-01  2.878E-01  2.699E-01  2.522E-01  2.348E-01  2.177E-01  2.009E-01  1.846E-01  1.686E-01  1.532E-01  1.382E-01  1.239E-01  1.101E-01  9.692E-02  8.442E-02  7.258E-02  6.143E-02  5.096E-02  4.119E-02  3.217E-02  2.398E-02  1.678E-02  1.088E-02
  346.0000  6.489E-01  6.309E-01  6.127E-01  5.943E-01  5.758E-01  5.572E-01  5.384E-01  5.195E-01  5.006E-01  4.812E-01  4.621E-01  4.430E-01  4.243E-01  4.053E-01  3.862E-01  3.672E-01  3.483E-01  3.295E-01  3.109E-01  2.924E-01  2.741E-01  2.561E-01  2.384E-01  2.209E-01  2.039E-01  1.872E-01  1.709E-01  1.552E-01  1.400E-01  1.253E-01  1.113E-01  9.790E-02  8.519E-02  7.316E-02  6.183E-02  5.121E-02  4.132E-02  3.219E-02  2.393E-02  1.669E-02  1.078E-02
  347.0000  6.983E-01  6.790E-01  6.594E-01  6.397E-01  6.198E-01  5.998E-01  5.797E-01  5.594E-01  5.391E-01  5.182E-01  4.978E-01  4.773E-01  4.572E-01  4.367E-01  4.162E-01  3.958E-01  3.755E-01  3.553E-01  3.352E-01  3.153E-01  2.957E-01  2.763E-01  2.572E-01  2.384E-01  2.200E-01  2.021E-01  1.846E-01  1.676E-01  1.512E-01  1.354E-01  1.203E-01  1.059E-01  9.216E-02  7.918E-02  6.696E-02  5.550E-02  4.481E-02  3.495E-02  2.601E-02  1.817E-02  1.175E-02
  348.0000  6.085E-01  5.917E-01  5.747E-01  5.576E-01  5.403E-01  5.229E-01  5.054E-01  4.878E-01  4.701E-01  4.520E-01  4.342E-01  4.163E-01  3.988E-01  3.810E-01  3.632E-01  3.454E-01  3.277E-01  3.101E-01  2.927E-01  2.754E-01  2.582E-01  2.413E-01  2.247E-01  2.083E-01  1.923E-01  1.766E-01  1.614E-01  1.466E-01  1.323E-01  1.185E-01  1.053E-01  9.268E-02  8.070E-02  6.936E-02  5.869E-02  4.867E-02  3.933E-02  3.071E-02  2.288E-02  1.599E-02  1.036E-02
  349.0000  6.248E-01  6.075E-01  5.901E-01  5.726E-01  5.549E-01  5.370E-01  5.191E-01  5.010E-01  4.829E-01  4.643E-01  4.460E-01  4.278E-01  4.098E-01  3.915E-01  3.733E-01  3.550E-01  3.369E-01  3.188E-01  3.009E-01  2.832E-01  2.656E-01  2.482E-01  2.311E-01  2.143E-01  1.979E-01  1.818E-01  1.661E-01  1.509E-01  1.362E-01  1.220E-01  1.084E-01  9.545E-02  8.313E-02  7.148E-02  6.049E-02  5.019E-02  4.058E-02  3.170E-02  2.363E-02  1.653E-02  1.072E-02
  350.0000  7.218E-01  7.019E-01  6.819E-01  6.616E-01  6.411E-01  6.206E-01  5.998E-01  5.790E-01  5.580E-01  5.366E-01  5.155E-01  4.944E-01  4.737E-01  4.525E-01  4.314E-01  4.104E-01  3.894E-01  3.685E-01  3.478E-01  3.273E-01  3.070E-01  2.869E-01  2.672E-01  2.477E-01  2.287E-01  2.101E-01  1.919E-01  1.743E-01  1.573E-01  1.409E-01  1.252E-01  1.102E-01  9.597E-02  8.249E-02  6.980E-02  5.789E-02  4.679E-02  3.654E-02  2.722E-02  1.903E-02  1.232E-02
------------------------------------------------------------
