Spectral Irradiance, W m-2 nm-1
values at z =      3.233 km
Columns: wavelength (nm), solar zenith angles (deg.)
    wc, nm     50.000     51.000     52.000     53.000     54.000     55.000     56.000     57.000     58.000     59.000     60.000     61.000     62.000     63.000     64.000     65.000     66.000     67.000     68.000     69.000     70.000     71.000     72.000     73.000     74.000     75.000     76.000     77.000     78.000     79.000     80.000     81.000     82.000     83.000     84.000     85.000     86.000     87.000     88.000     89.000     90.000
  280.0000  0.000E+00  0.000E+00  0.000E+00  0.000E+00  0.000E+00  0.000E+00  0.000E+00  0.000E+00  0.000E+00  0.000E+00  0.000E+00  0.000E+00  0.000E+00  0.000E+00  0.000E+00  0.000E+00  0.000E+00  0.000E+00  0.000E+00  0.000E+00  0.000E+00  0.000E+00  0.000E+00  0.000E+00  0.000E+00  0.000E+00  0.000E+00  0.000E+00  0.000E+00  0.000E+00  0.000E+00  0.000E+00  0.000E+00  0.000E+00  0.000E+00  0.000E+00  0.000E+00  0.000E+00  0.000E+00  0.000E+00  0.000E+00
  281.0000  0.000E+00  0.000E+00  0.000E+00  0.000E+00  0.000E+00  0.000E+00  0.000E+00  0.000E+00  0.000E+00  0.000E+00  0.000E+00  0.000E+00  0.000E+00  0.000E+00  0.000E+00  0.000E+00  0.000E+00  0.000E+00  0.000E+00  0.000E+00  0.000E+00  0.000E+00  0.000E+00  0.000E+00  0.000E+00  0.000E+00  0.000E+00  0.000E+00  0.000E+00  0.000E+00  0.000E+00  0.000E+00  0.000E+00  0.000E+00  0.000E+00  0.000E+00  0.000E+00  0.000E+00  0.000E+00  0.000E+00  0.000E+00
  282.0000  0.000E+00  0.000E+00  0.000E+00  0.000E+00  0.000E+00  0.000E+00  0.000E+00  0.000E+00  0.000E+00  0.000E+00  0.000E+00  0.000E+00  0.000E+00  0.000E+00  0.000E+00  0.000E+00  0.000E+00  0.000E+00  0.000E+00  0.000E+00  0.000E+00  0.000E+00  0.000E+00  0.000E+00  0.000E+00  0.000E+00  0.000E+00  0.000E+00  0.000E+00  0.000E+00  0.000E+00  0.000E+00  0.000E+00  0.000E+00  0.000E+00  0.000E+00  0.000E+00  0.000E+00  0.000E+00  0.000E+00  0.000E+00
  283.0000  0.000E+00  0.000E+00  0.000E+00  0.000E+00  0.000E+00  0.000E+00  0.000E+00  0.000E+00  0.000E+00  0.000E+00  0.000E+00  0.000E+00  0.000E+00  0.000E+00  0.000E+00  0.000E+00  0.000E+00  0.000E+00  0.000E+00  0.000E+00  0.000E+00  0.000E+00  0.000E+00  0.000E+00  0.000E+00  0.000E+00  0.000E+00  0.000E+00  0.000E+00  0.000E+00  0.000E+00  0.000E+00  0.000E+00  0.000E+00  0.000E+00  0.000E+00  0.000E+00  0.000E+00  0.000E+00  0.000E+00  0.000E+00
  284.0000  0.000E+00  0.000E+00  0.000E+00  0.000E+00  0.000E+00  0.000E+00  0.000E+00  0.000E+00  0.000E+00  0.000E+00  0.000E+00  0.000E+00  0.000E+00  0.000E+00  0.000E+00  0.000E+00  0.000E+00  0.000E+00  0.000E+00  0.000E+00  0.000E+00  0.000E+00  0.000E+00  0.000E+00  0.000E+00  0.000E+00  0.000E+00  0.000E+00  0.000E+00  0.000E+00  0.000E+00  0.000E+00  0.000E+00  0.000E+00  0.000E+00  0.000E+00  0.000E+00  0.000E+00  0.000E+00  0.000E+00  0.000E+00
  285.0000  0.000E+00  0.000E+00  0.000E+00  0.000E+00  0.000E+00  0.000E+00  0.000E+00  0.000E+00  0.000E+00  0.000E+00  0.000E+00  0.000E+00  0.000E+00  0.000E+00  0.000E+00  0.000E+00  0.000E+00  0.000E+00  0.000E+00  0.000E+00  0.000E+00  0.000E+00  0.000E+00  0.000E+00  0.000E+00  0.000E+00  0.000E+00  0.000E+00  0.000E+00  0.000E+00  0.000E+00  0.000E+00  0.000E+00  0.000E+00  0.000E+00  0.000E+00  0.000E+00  0.000E+00  0.000E+00  0.000E+00  0.000E+00
  286.0000  0.000E+00  0.000E+00  0.000E+00  0.000E+00  0.000E+00  0.000E+00  0.000E+00  0.000E+00  0.000E+00  0.000E+00  0.000E+00  0.000E+00  0.000E+00  0.000E+00  0.000E+00  0.000E+00  0.000E+00  0.000E+00  0.000E+00  0.000E+00  0.000E+00  0.000E+00  0.000E+00  0.000E+00  0.000E+00  0.000E+00  0.000E+00  0.000E+00  0.000E+00  0.000E+00  0.000E+00  0.000E+00  0.000E+00  0.000E+00  0.000E+00  0.000E+00  0.000E+00  0.000E+00  0.000E+00  0.000E+00  0.000E+00
  287.0000  0.000E+00  0.000E+00  0.000E+00  0.000E+00  0.000E+00  0.000E+00  0.000E+00  0.000E+00  0.000E+00  0.000E+00  0.000E+00  0.000E+00  0.000E+00  0.000E+00  0.000E+00  0.000E+00  0.000E+00  0.000E+00  0.000E+00  0.000E+00  0.000E+00  0.000E+00  0.000E+00  0.000E+00  0.000E+00  0.000E+00  0.000E+00  0.000E+00  0.000E+00  0.000E+00  0.000E+00  0.000E+00  0.000E+00  0.000E+00  0.000E+00  0.000E+00  0.000E+00  0.000E+00  0.000E+00  0.000E+00  0.000E+00
  288.0000  0.000E+00  0.000E+00  0.000E+00  0.000E+00  0.000E+00  0.000E+00  0.000E+00  0.000E+00  0.000E+00  0.000E+00  0.000E+00  0.000E+00  0.000E+00  0.000E+00  0.000E+00  0.000E+00  0.000E+00  0.000E+00  0.000E+00  0.000E+00  0.000E+00  0.000E+00  0.000E+00  0.000E+00  0.000E+00  0.000E+00  0.000E+00  0.000E+00  0.000E+00  0.000E+00  0.000E+00  0.000E+00  0.000E+00  0.000E+00  0.000E+00  0.000E+00  0.000E+00  0.000E+00  0.000E+00  0.000E+00  0.000E+00
  289.0000  0.000E+00  0.000E+00  0.000E+00  0.000E+00  0.000E+00  0.000E+00  0.000E+00  0.000E+00  0.000E+00  0.000E+00  0.000E+00  0.000E+00  0.000E+00  0.000E+00  0.000E+00  0.000E+00  0.000E+00  0.000E+00  0.000E+00  0.000E+00  0.000E+00  0.000E+00  0.000E+00  0.000E+00  0.000E+00  0.000E+00  0.000E+00  0.000E+00  0.000E+00  0.000E+00  0.000E+00  0.000E+00  0.000E+00  0.000E+00  0.000E+00  0.000E+00  0.000E+00  0.000E+00  0.000E+00  0.000E+00  0.000E+00
  290.0000  0.000E+00  0.000E+00  0.000E+00  0.000E+00  0.000E+00  0.000E+00  0.000E+00  0.000E+00  0.000E+00  0.000E+00  0.000E+00  0.000E+00  0.000E+00  0.000E+00  0.000E+00  0.000E+00  0.000E+00  0.000E+00  0.000E+00  0.000E+00  0.000E+00  0.000E+00  0.000E+00  0.000E+00  0.000E+00  0.000E+00  0.000E+00  0.000E+00  0.000E+00  0.000E+00  0.000E+00  0.000E+00  0.000E+00  0.000E+00  0.000E+00  0.000E+00  0.000E+00  0.000E+00  0.000E+00  0.000E+00  0.000E+00
  291.0000  0.000E+00  0.000E+00  0.000E+00  0.000E+00  0.000E+00  0.000E+00  0.000E+00  0.000E+00  0.000E+00  0.000E+00  0.000E+00  0.000E+00  0.000E+00  0.000E+00  0.000E+00  0.000E+00  0.000E+00  0.000E+00  0.000E+00  0.000E+00  0.000E+00  0.000E+00  0.000E+00  0.000E+00  0.000E+00  0.000E+00  0.000E+00  0.000E+00  0.000E+00  0.000E+00  0.000E+00  0.000E+00  0.000E+00  0.000E+00  0.000E+00  0.000E+00  0.000E+00  0.000E+00  0.000E+00  0.000E+00  0.000E+00
  292.0000  1.431E-07  1.032E-07  7.311E-08  5.085E-08  3.469E-08  2.318E-08  1.516E-08  9.691E-09  6.046E-09  3.700E-09  2.141E-09  1.265E-09  7.268E-10  4.119E-10  2.335E-10  1.353E-10  8.209E-11  5.334E-11  3.749E-11  2.834E-11  2.266E-11  1.883E-11  1.606E-11  1.393E-11  1.222E-11  1.081E-11  9.631E-12  8.618E-12  7.738E-12  6.963E-12  6.272E-12  5.647E-12  5.077E-12  4.548E-12  4.053E-12  3.584E-12  3.132E-12  2.693E-12  2.260E-12  1.830E-12  1.413E-12
  293.0000  5.935E-07  4.409E-07  3.224E-07  2.319E-07  1.639E-07  1.137E-07  7.734E-08  5.153E-08  3.361E-08  2.112E-08  1.311E-08  8.118E-09  4.896E-09  2.906E-09  1.714E-09  1.021E-09  6.268E-10  4.042E-10  2.781E-10  2.047E-10  1.599E-10  1.307E-10  1.101E-10  9.462E-11  8.248E-11  7.259E-11  6.434E-11  5.733E-11  5.127E-11  4.597E-11  4.127E-11  3.704E-11  3.320E-11  2.967E-11  2.638E-11  2.327E-11  2.030E-11  1.742E-11  1.459E-11  1.181E-11  9.111E-12
  294.0000  3.394E-06  2.615E-06  1.988E-06  1.490E-06  1.099E-06  7.985E-07  5.698E-07  3.995E-07  2.749E-07  1.864E-07  1.207E-07  7.915E-08  5.070E-08  3.192E-08  1.987E-08  1.236E-08  7.779E-09  5.037E-09  3.407E-09  2.434E-09  1.840E-09  1.460E-09  1.204E-09  1.019E-09  8.779E-10  7.658E-10  6.738E-10  5.964E-10  5.302E-10  4.727E-10  4.221E-10  3.771E-10  3.365E-10  2.995E-10  2.652E-10  2.332E-10  2.027E-10  1.735E-10  1.450E-10  1.170E-10  9.024E-11
  295.0000  1.170E-05  9.248E-06  7.224E-06  5.571E-06  4.237E-06  3.176E-06  2.345E-06  1.704E-06  1.217E-06  8.440E-07  5.801E-07  3.962E-07  2.649E-07  1.740E-07  1.127E-07  7.258E-08  4.688E-08  3.073E-08  2.073E-08  1.457E-08  1.076E-08  8.330E-09  6.722E-09  5.599E-09  4.768E-09  4.123E-09  3.602E-09  3.169E-09  2.803E-09  2.487E-09  2.211E-09  1.967E-09  1.748E-09  1.550E-09  1.368E-09  1.199E-09  1.040E-09  8.871E-10  7.397E-10  5.960E-10  4.589E-10
  296.0000  5.938E-05  4.837E-05  3.898E-05  3.107E-05  2.447E-05  1.903E-05  1.461E-05  1.106E-05  8.247E-06  6.073E-06  4.322E-06  3.095E-06  2.175E-06  1.503E-06  1.022E-06  6.886E-07  4.616E-07  3.103E-07  2.113E-07  1.475E-07  1.065E-07  8.008E-08  6.271E-08  5.089E-08  4.247E-08  3.617E-08  3.124E-08  2.724E-08  2.390E-08  2.105E-08  1.859E-08  1.644E-08  1.453E-08  1.281E-08  1.125E-08  9.812E-09  8.470E-09  7.199E-09  5.981E-09  4.804E-09  3.691E-09
  297.0000  1.025E-04  8.517E-05  7.012E-05  5.715E-05  4.609E-05  3.675E-05  2.895E-05  2.253E-05  1.730E-05  1.294E-05  9.666E-06  7.148E-06  5.197E-06  3.717E-06  2.617E-06  1.822E-06  1.257E-06  8.653E-07  5.980E-07  4.188E-07  3.001E-07  2.219E-07  1.700E-07  1.350E-07  1.105E-07  9.275E-08  7.919E-08  6.844E-08  5.961E-08  5.220E-08  4.584E-08  4.032E-08  3.545E-08  3.112E-08  2.721E-08  2.363E-08  2.032E-08  1.721E-08  1.425E-08  1.142E-08  8.752E-09
  298.0000  4.291E-04  3.646E-04  3.072E-04  2.566E-04  2.124E-04  1.741E-04  1.412E-04  1.132E-04  8.977E-05  7.048E-05  5.384E-05  4.126E-05  3.115E-05  2.317E-05  1.697E-05  1.227E-05  8.784E-06  6.238E-06  4.416E-06  3.135E-06  2.250E-06  1.645E-06  1.235E-06  9.556E-07  7.624E-07  6.252E-07  5.241E-07  4.465E-07  3.846E-07  3.336E-07  2.907E-07  2.538E-07  2.216E-07  1.932E-07  1.679E-07  1.450E-07  1.240E-07  1.045E-07  8.614E-08  6.871E-08  5.250E-08
  299.0000  8.137E-04  7.020E-04  6.012E-04  5.108E-04  4.303E-04  3.594E-04  2.973E-04  2.435E-04  1.974E-04  1.570E-04  1.243E-04  9.762E-05  7.568E-05  5.782E-05  4.354E-05  3.238E-05  2.380E-05  1.733E-05  1.253E-05  9.035E-06  6.537E-06  4.778E-06  3.554E-06  2.706E-06  2.118E-06  1.703E-06  1.403E-06  1.178E-06  1.004E-06  8.632E-07  7.465E-07  6.475E-07  5.620E-07  4.873E-07  4.210E-07  3.617E-07  3.078E-07  2.582E-07  2.120E-07  1.685E-07  1.283E-07
  300.0000  1.513E-03  1.328E-03  1.157E-03  1.002E-03  8.609E-04  7.340E-04  6.207E-04  5.203E-04  4.320E-04  3.571E-04  2.870E-04  2.317E-04  1.850E-04  1.457E-04  1.132E-04  8.689E-05  6.591E-05  4.945E-05  3.675E-05  2.713E-05  1.996E-05  1.470E-05  1.092E-05  8.219E-06  6.310E-06  4.959E-06  3.990E-06  3.282E-06  2.747E-06  2.330E-06  1.992E-06  1.711E-06  1.473E-06  1.267E-06  1.087E-06  9.266E-07  7.831E-07  6.527E-07  5.327E-07  4.211E-07  3.192E-07
  301.0000  3.506E-03  3.116E-03  2.753E-03  2.417E-03  2.108E-03  1.826E-03  1.570E-03  1.339E-03  1.133E-03  9.495E-04  7.837E-04  6.461E-04  5.273E-04  4.251E-04  3.384E-04  2.663E-04  2.071E-04  1.593E-04  1.212E-04  9.137E-05  6.842E-05  5.105E-05  3.812E-05  2.865E-05  2.178E-05  1.685E-05  1.331E-05  1.073E-05  8.823E-06  7.370E-06  6.226E-06  5.296E-06  4.519E-06  3.857E-06  3.283E-06  2.780E-06  2.334E-06  1.933E-06  1.568E-06  1.233E-06  9.302E-07
  302.0000  5.268E-03  4.733E-03  4.230E-03  3.759E-03  3.321E-03  2.916E-03  2.543E-03  2.202E-03  1.893E-03  1.608E-03  1.356E-03  1.139E-03  9.473E-04  7.793E-04  6.336E-04  5.095E-04  4.052E-04  3.187E-04  2.479E-04  1.909E-04  1.456E-04  1.103E-04  8.327E-05  6.286E-05  4.769E-05  3.655E-05  2.844E-05  2.253E-05  1.819E-05  1.494E-05  1.245E-05  1.046E-05  8.844E-06  7.485E-06  6.323E-06  5.315E-06  4.429E-06  3.642E-06  2.935E-06  2.294E-06  1.722E-06
  303.0000  1.335E-02  1.212E-02  1.096E-02  9.867E-03  8.832E-03  7.863E-03  6.958E-03  6.119E-03  5.345E-03  4.627E-03  3.970E-03  3.395E-03  2.881E-03  2.420E-03  2.011E-03  1.654E-03  1.347E-03  1.085E-03  8.644E-04  6.813E-04  5.316E-04  4.109E-04  3.152E-04  2.406E-04  1.834E-04  1.401E-04  1.079E-04  8.411E-05  6.656E-05  5.354E-05  4.374E-05  3.616E-05  3.014E-05  2.521E-05  2.108E-05  1.754E-05  1.448E-05  1.180E-05  9.425E-06  7.306E-06  5.446E-06
  304.0000  1.769E-02  1.618E-02  1.474E-02  1.337E-02  1.207E-02  1.084E-02  9.681E-03  8.596E-03  7.586E-03  6.633E-03  5.764E-03  4.988E-03  4.286E-03  3.648E-03  3.074E-03  2.566E-03  2.121E-03  1.735E-03  1.404E-03  1.125E-03  8.912E-04  6.990E-04  5.433E-04  4.191E-04  3.217E-04  2.465E-04  1.894E-04  1.466E-04  1.147E-04  9.100E-05  7.327E-05  5.979E-05  4.927E-05  4.082E-05  3.385E-05  2.797E-05  2.292E-05  1.855E-05  1.471E-05  1.133E-05  8.398E-06
  305.0000  3.089E-02  2.852E-02  2.623E-02  2.403E-02  2.192E-02  1.990E-02  1.798E-02  1.616E-02  1.445E-02  1.278E-02  1.130E-02  9.925E-03  8.667E-03  7.500E-03  6.434E-03  5.472E-03  4.612E-03  3.851E-03  3.183E-03  2.604E-03  2.108E-03  1.688E-03  1.338E-03  1.050E-03  8.175E-04  6.324E-04  4.876E-04  3.760E-04  2.912E-04  2.274E-04  1.796E-04  1.436E-04  1.161E-04  9.456E-05  7.730E-05  6.307E-05  5.110E-05  4.088E-05  3.207E-05  2.445E-05  1.790E-05
  306.0000  3.395E-02  3.153E-02  2.917E-02  2.689E-02  2.469E-02  2.258E-02  2.055E-02  1.862E-02  1.679E-02  1.501E-02  1.337E-02  1.185E-02  1.046E-02  9.148E-03  7.937E-03  6.832E-03  5.831E-03  4.933E-03  4.133E-03  3.429E-03  2.816E-03  2.287E-03  1.839E-03  1.462E-03  1.152E-03  8.995E-04  6.978E-04  5.392E-04  4.165E-04  3.229E-04  2.521E-04  1.988E-04  1.584E-04  1.274E-04  1.029E-04  8.312E-05  6.672E-05  5.291E-05  4.116E-05  3.111E-05  2.267E-05
  307.0000  5.158E-02  4.818E-02  4.487E-02  4.164E-02  3.850E-02  3.547E-02  3.254E-02  2.973E-02  2.703E-02  2.438E-02  2.195E-02  1.966E-02  1.754E-02  1.551E-02  1.363E-02  1.188E-02  1.028E-02  8.817E-03  7.498E-03  6.317E-03  5.269E-03  4.350E-03  3.553E-03  2.871E-03  2.295E-03  1.815E-03  1.423E-03  1.107E-03  8.563E-04  6.613E-04  5.116E-04  3.979E-04  3.118E-04  2.464E-04  1.959E-04  1.560E-04  1.237E-04  9.695E-05  7.458E-05  5.577E-05  4.024E-05
  308.0000  7.033E-02  6.606E-02  6.186E-02  5.776E-02  5.375E-02  4.985E-02  4.606E-02  4.240E-02  3.886E-02  3.536E-02  3.211E-02  2.904E-02  2.616E-02  2.338E-02  2.076E-02  1.831E-02  1.604E-02  1.394E-02  1.202E-02  1.027E-02  8.700E-03  7.294E-03  6.052E-03  4.968E-03  4.032E-03  3.237E-03  2.570E-03  2.020E-03  1.573E-03  1.218E-03  9.386E-04  7.234E-04  5.591E-04  4.345E-04  3.394E-04  2.659E-04  2.078E-04  1.608E-04  1.221E-04  9.021E-05  6.433E-05
  309.0000  7.927E-02  7.469E-02  7.017E-02  6.574E-02  6.140E-02  5.715E-02  5.302E-02  4.900E-02  4.512E-02  4.121E-02  3.765E-02  3.421E-02  3.099E-02  2.786E-02  2.489E-02  2.210E-02  1.949E-02  1.707E-02  1.483E-02  1.277E-02  1.091E-02  9.226E-03  7.724E-03  6.399E-03  5.242E-03  4.245E-03  3.399E-03  2.691E-03  2.108E-03  1.637E-03  1.262E-03  9.698E-04  7.448E-04  5.735E-04  4.433E-04  3.436E-04  2.659E-04  2.039E-04  1.536E-04  1.125E-04  7.961E-05
  310.0000  9.108E-02  8.629E-02  8.155E-02  7.687E-02  7.226E-02  6.773E-02  6.329E-02  5.895E-02  5.472E-02  5.037E-02  4.648E-02  4.264E-02  3.902E-02  3.545E-02  3.204E-02  2.880E-02  2.573E-02  2.284E-02  2.013E-02  1.761E-02  1.528E-02  1.314E-02  1.120E-02  9.447E-03  7.884E-03  6.506E-03  5.305E-03  4.272E-03  3.398E-03  2.670E-03  2.074E-03  1.595E-03  1.218E-03  9.251E-04  7.016E-04  5.319E-04  4.024E-04  3.022E-04  2.233E-04  1.605E-04  1.115E-04
  311.0000  1.629E-01  1.547E-01  1.465E-01  1.385E-01  1.305E-01  1.227E-01  1.150E-01  1.074E-01  1.000E-01  9.250E-02  8.561E-02  7.884E-02  7.243E-02  6.610E-02  6.002E-02  5.421E-02  4.868E-02  4.345E-02  3.852E-02  3.391E-02  2.962E-02  2.565E-02  2.202E-02  1.872E-02  1.574E-02  1.310E-02  1.076E-02  8.739E-03  7.002E-03  5.538E-03  4.323E-03  3.335E-03  2.546E-03  1.928E-03  1.453E-03  1.092E-03  8.177E-04  6.080E-04  4.451E-04  3.171E-04  2.184E-04
  312.0000  1.589E-01  1.513E-01  1.439E-01  1.364E-01  1.291E-01  1.218E-01  1.146E-01  1.076E-01  1.006E-01  9.358E-02  8.702E-02  8.058E-02  7.446E-02  6.837E-02  6.249E-02  5.684E-02  5.143E-02  4.627E-02  4.137E-02  3.674E-02  3.239E-02  2.834E-02  2.459E-02  2.114E-02  1.799E-02  1.515E-02  1.261E-02  1.036E-02  8.407E-03  6.725E-03  5.302E-03  4.120E-03  3.158E-03  2.389E-03  1.789E-03  1.329E-03  9.801E-04  7.168E-04  5.163E-04  3.623E-04  2.457E-04
  313.0000  1.935E-01  1.849E-01  1.764E-01  1.678E-01  1.594E-01  1.510E-01  1.426E-01  1.344E-01  1.263E-01  1.181E-01  1.103E-01  1.027E-01  9.545E-02  8.817E-02  8.111E-02  7.428E-02  6.770E-02  6.138E-02  5.533E-02  4.957E-02  4.412E-02  3.899E-02  3.418E-02  2.972E-02  2.559E-02  2.182E-02  1.840E-02  1.533E-02  1.260E-02  1.022E-02  8.158E-03  6.410E-03  4.953E-03  3.764E-03  2.815E-03  2.076E-03  1.512E-03  1.087E-03  7.692E-04  5.301E-04  3.533E-04
  314.0000  2.180E-01  2.086E-01  1.992E-01  1.898E-01  1.804E-01  1.712E-01  1.620E-01  1.529E-01  1.440E-01  1.348E-01  1.262E-01  1.178E-01  1.096E-01  1.015E-01  9.363E-02  8.597E-02  7.857E-02  7.144E-02  6.460E-02  5.808E-02  5.187E-02  4.601E-02  4.050E-02  3.536E-02  3.059E-02  2.621E-02  2.221E-02  1.860E-02  1.537E-02  1.253E-02  1.006E-02  7.940E-03  6.159E-03  4.693E-03  3.513E-03  2.586E-03  1.875E-03  1.340E-03  9.406E-04  6.434E-04  4.255E-04
  315.0000  2.435E-01  2.338E-01  2.240E-01  2.142E-01  2.045E-01  1.948E-01  1.852E-01  1.756E-01  1.661E-01  1.565E-01  1.473E-01  1.382E-01  1.294E-01  1.206E-01  1.120E-01  1.036E-01  9.546E-02  8.754E-02  7.988E-02  7.251E-02  6.544E-02  5.869E-02  5.228E-02  4.623E-02  4.054E-02  3.523E-02  3.032E-02  2.581E-02  2.170E-02  1.800E-02  1.471E-02  1.182E-02  9.323E-03  7.203E-03  5.443E-03  4.018E-03  2.897E-03  2.041E-03  1.403E-03  9.364E-04  6.037E-04
  316.0000  1.996E-01  1.916E-01  1.837E-01  1.758E-01  1.679E-01  1.600E-01  1.521E-01  1.443E-01  1.366E-01  1.287E-01  1.212E-01  1.138E-01  1.067E-01  9.951E-02  9.248E-02  8.561E-02  7.892E-02  7.243E-02  6.616E-02  6.011E-02  5.430E-02  4.875E-02  4.348E-02  3.849E-02  3.379E-02  2.941E-02  2.535E-02  2.161E-02  1.820E-02  1.512E-02  1.238E-02  9.961E-03  7.869E-03  6.088E-03  4.606E-03  3.402E-03  2.453E-03  1.726E-03  1.185E-03  7.890E-04  5.075E-04
  317.0000  3.198E-01  3.079E-01  2.958E-01  2.838E-01  2.718E-01  2.598E-01  2.479E-01  2.360E-01  2.241E-01  2.120E-01  2.004E-01  1.889E-01  1.779E-01  1.667E-01  1.557E-01  1.449E-01  1.343E-01  1.241E-01  1.140E-01  1.043E-01  9.497E-02  8.596E-02  7.732E-02  6.908E-02  6.127E-02  5.389E-02  4.698E-02  4.055E-02  3.461E-02  2.916E-02  2.423E-02  1.980E-02  1.589E-02  1.248E-02  9.567E-03  7.138E-03  5.170E-03  3.627E-03  2.462E-03  1.611E-03  1.014E-03
  318.0000  2.827E-01  2.722E-01  2.617E-01  2.511E-01  2.406E-01  2.300E-01  2.195E-01  2.090E-01  1.986E-01  1.880E-01  1.778E-01  1.677E-01  1.579E-01  1.481E-01  1.384E-01  1.289E-01  1.196E-01  1.105E-01  1.016E-01  9.305E-02  8.476E-02  7.677E-02  6.912E-02  6.181E-02  5.487E-02  4.832E-02  4.217E-02  3.644E-02  3.113E-02  2.627E-02  2.186E-02  1.789E-02  1.438E-02  1.131E-02  8.682E-03  6.485E-03  4.700E-03  3.297E-03  2.236E-03  1.461E-03  9.178E-04
  319.0000  3.431E-01  3.313E-01  3.194E-01  3.074E-01  2.955E-01  2.835E-01  2.715E-01  2.596E-01  2.476E-01  2.354E-01  2.236E-01  2.119E-01  2.006E-01  1.891E-01  1.777E-01  1.665E-01  1.555E-01  1.447E-01  1.341E-01  1.238E-01  1.138E-01  1.040E-01  9.460E-02  8.553E-02  7.683E-02  6.853E-02  6.064E-02  5.319E-02  4.620E-02  3.968E-02  3.365E-02  2.811E-02  2.309E-02  1.858E-02  1.459E-02  1.114E-02  8.220E-03  5.830E-03  3.954E-03  2.552E-03  1.567E-03
  320.0000  3.747E-01  3.614E-01  3.480E-01  3.346E-01  3.212E-01  3.077E-01  2.943E-01  2.810E-01  2.676E-01  2.540E-01  2.409E-01  2.278E-01  2.152E-01  2.025E-01  1.899E-01  1.775E-01  1.653E-01  1.534E-01  1.417E-01  1.304E-01  1.194E-01  1.088E-01  9.851E-02  8.867E-02  7.926E-02  7.032E-02  6.187E-02  5.393E-02  4.652E-02  3.965E-02  3.335E-02  2.762E-02  2.247E-02  1.790E-02  1.392E-02  1.051E-02  7.687E-03  5.416E-03  3.664E-03  2.373E-03  1.470E-03
  321.0000  4.196E-01  4.058E-01  3.920E-01  3.781E-01  3.641E-01  3.501E-01  3.361E-01  3.221E-01  3.081E-01  2.938E-01  2.799E-01  2.660E-01  2.526E-01  2.390E-01  2.254E-01  2.121E-01  1.989E-01  1.859E-01  1.732E-01  1.607E-01  1.485E-01  1.366E-01  1.250E-01  1.138E-01  1.030E-01  9.265E-02  8.273E-02  7.328E-02  6.433E-02  5.590E-02  4.802E-02  4.069E-02  3.394E-02  2.777E-02  2.221E-02  1.727E-02  1.298E-02  9.358E-03  6.417E-03  4.152E-03  2.530E-03
  322.0000  4.153E-01  4.015E-01  3.877E-01  3.737E-01  3.598E-01  3.458E-01  3.318E-01  3.177E-01  3.038E-01  2.894E-01  2.755E-01  2.617E-01  2.483E-01  2.347E-01  2.212E-01  2.079E-01  1.948E-01  1.819E-01  1.692E-01  1.568E-01  1.446E-01  1.328E-01  1.214E-01  1.103E-01  9.964E-02  8.940E-02  7.963E-02  7.034E-02  6.157E-02  5.332E-02  4.564E-02  3.852E-02  3.198E-02  2.605E-02  2.072E-02  1.603E-02  1.198E-02  8.591E-03  5.869E-03  3.792E-03  2.315E-03
  323.0000  3.673E-01  3.552E-01  3.431E-01  3.309E-01  3.187E-01  3.064E-01  2.942E-01  2.819E-01  2.696E-01  2.570E-01  2.448E-01  2.327E-01  2.209E-01  2.090E-01  1.971E-01  1.854E-01  1.739E-01  1.625E-01  1.513E-01  1.403E-01  1.296E-01  1.192E-01  1.090E-01  9.923E-02  8.976E-02  8.067E-02  7.197E-02  6.370E-02  5.587E-02  4.850E-02  4.160E-02  3.521E-02  2.932E-02  2.396E-02  1.913E-02  1.485E-02  1.113E-02  8.010E-03  5.483E-03  3.543E-03  2.158E-03
  324.0000  4.547E-01  4.407E-01  4.266E-01  4.125E-01  3.982E-01  3.839E-01  3.696E-01  3.552E-01  3.408E-01  3.261E-01  3.117E-01  2.974E-01  2.835E-01  2.693E-01  2.552E-01  2.412E-01  2.273E-01  2.136E-01  2.001E-01  1.868E-01  1.738E-01  1.610E-01  1.485E-01  1.364E-01  1.245E-01  1.131E-01  1.021E-01  9.151E-02  8.139E-02  7.175E-02  6.262E-02  5.402E-02  4.596E-02  3.845E-02  3.153E-02  2.520E-02  1.951E-02  1.450E-02  1.023E-02  6.771E-03  4.173E-03
  325.0000  4.649E-01  4.501E-01  4.352E-01  4.202E-01  4.051E-01  3.900E-01  3.748E-01  3.597E-01  3.445E-01  3.290E-01  3.139E-01  2.988E-01  2.842E-01  2.693E-01  2.545E-01  2.399E-01  2.255E-01  2.112E-01  1.972E-01  1.834E-01  1.699E-01  1.568E-01  1.439E-01  1.315E-01  1.194E-01  1.078E-01  9.662E-02  8.596E-02  7.582E-02  6.624E-02  5.722E-02  4.880E-02  4.100E-02  3.382E-02  2.728E-02  2.142E-02  1.626E-02  1.184E-02  8.188E-03  5.326E-03  3.249E-03
  326.0000  6.344E-01  6.149E-01  5.953E-01  5.755E-01  5.557E-01  5.357E-01  5.157E-01  4.956E-01  4.756E-01  4.550E-01  4.349E-01  4.149E-01  3.954E-01  3.756E-01  3.559E-01  3.363E-01  3.170E-01  2.979E-01  2.790E-01  2.604E-01  2.422E-01  2.243E-01  2.068E-01  1.898E-01  1.733E-01  1.573E-01  1.419E-01  1.271E-01  1.130E-01  9.954E-02  8.680E-02  7.480E-02  6.357E-02  5.312E-02  4.349E-02  3.471E-02  2.683E-02  1.990E-02  1.401E-02  9.252E-03  5.691E-03
  327.0000  6.315E-01  6.126E-01  5.936E-01  5.744E-01  5.552E-01  5.358E-01  5.163E-01  4.968E-01  4.773E-01  4.572E-01  4.377E-01  4.182E-01  3.992E-01  3.798E-01  3.605E-01  3.413E-01  3.223E-01  3.036E-01  2.850E-01  2.667E-01  2.487E-01  2.310E-01  2.137E-01  1.968E-01  1.803E-01  1.644E-01  1.490E-01  1.341E-01  1.198E-01  1.062E-01  9.324E-02  8.096E-02  6.941E-02  5.858E-02  4.850E-02  3.921E-02  3.075E-02  2.318E-02  1.661E-02  1.115E-02  6.955E-03
  328.0000  5.875E-01  5.694E-01  5.512E-01  5.329E-01  5.144E-01  4.959E-01  4.774E-01  4.588E-01  4.401E-01  4.210E-01  4.024E-01  3.838E-01  3.658E-01  3.473E-01  3.291E-01  3.109E-01  2.929E-01  2.752E-01  2.577E-01  2.404E-01  2.235E-01  2.069E-01  1.907E-01  1.749E-01  1.596E-01  1.447E-01  1.305E-01  1.168E-01  1.037E-01  9.120E-02  7.941E-02  6.833E-02  5.797E-02  4.836E-02  3.951E-02  3.146E-02  2.425E-02  1.793E-02  1.259E-02  8.289E-03  5.087E-03
  329.0000  6.419E-01  6.230E-01  6.040E-01  5.849E-01  5.656E-01  5.462E-01  5.267E-01  5.072E-01  4.876E-01  4.675E-01  4.479E-01  4.283E-01  4.092E-01  3.897E-01  3.703E-01  3.510E-01  3.319E-01  3.130E-01  2.942E-01  2.757E-01  2.575E-01  2.396E-01  2.220E-01  2.049E-01  1.881E-01  1.719E-01  1.561E-01  1.409E-01  1.263E-01  1.123E-01  9.897E-02  8.630E-02  7.433E-02  6.308E-02  5.256E-02  4.280E-02  3.384E-02  2.575E-02  1.864E-02  1.264E-02  7.953E-03
  330.0000  7.453E-01  7.235E-01  7.016E-01  6.795E-01  6.572E-01  6.348E-01  6.124E-01  5.898E-01  5.672E-01  5.440E-01  5.213E-01  4.987E-01  4.766E-01  4.540E-01  4.316E-01  4.093E-01  3.871E-01  3.652E-01  3.435E-01  3.220E-01  3.009E-01  2.801E-01  2.598E-01  2.399E-01  2.204E-01  2.015E-01  1.832E-01  1.655E-01  1.485E-01  1.322E-01  1.166E-01  1.019E-01  8.789E-02  7.473E-02  6.241E-02  5.095E-02  4.041E-02  3.087E-02  2.244E-02  1.529E-02  9.665E-03
  331.0000  6.211E-01  6.026E-01  5.840E-01  5.652E-01  5.463E-01  5.273E-01  5.082E-01  4.891E-01  4.699E-01  4.502E-01  4.310E-01  4.119E-01  3.932E-01  3.741E-01  3.551E-01  3.363E-01  3.176E-01  2.991E-01  2.808E-01  2.627E-01  2.450E-01  2.275E-01  2.105E-01  1.938E-01  1.775E-01  1.618E-01  1.465E-01  1.318E-01  1.178E-01  1.043E-01  9.149E-02  7.938E-02  6.798E-02  5.732E-02  4.741E-02  3.828E-02  2.997E-02  2.255E-02  1.612E-02  1.079E-02  6.710E-03
  332.0000  6.372E-01  6.187E-01  6.001E-01  5.814E-01  5.625E-01  5.435E-01  5.245E-01  5.053E-01  4.861E-01  4.664E-01  4.472E-01  4.279E-01  4.091E-01  3.900E-01  3.709E-01  3.519E-01  3.330E-01  3.143E-01  2.958E-01  2.775E-01  2.595E-01  2.417E-01  2.243E-01  2.073E-01  1.906E-01  1.745E-01  1.588E-01  1.436E-01  1.290E-01  1.150E-01  1.016E-01  8.885E-02  7.680E-02  6.544E-02  5.479E-02  4.487E-02  3.571E-02  2.738E-02  1.999E-02  1.368E-02  8.683E-03
  333.0000  6.775E-01  6.581E-01  6.385E-01  6.188E-01  5.989E-01  5.789E-01  5.588E-01  5.387E-01  5.184E-01  4.977E-01  4.774E-01  4.571E-01  4.373E-01  4.170E-01  3.969E-01  3.768E-01  3.569E-01  3.371E-01  3.175E-01  2.981E-01  2.790E-01  2.602E-01  2.417E-01  2.237E-01  2.060E-01  1.888E-01  1.720E-01  1.559E-01  1.403E-01  1.253E-01  1.110E-01  9.735E-02  8.441E-02  7.219E-02  6.070E-02  4.996E-02  4.000E-02  3.089E-02  2.273E-02  1.569E-02  1.005E-02
  334.0000  5.987E-01  5.813E-01  5.637E-01  5.460E-01  5.282E-01  5.103E-01  4.923E-01  4.742E-01  4.560E-01  4.374E-01  4.192E-01  4.011E-01  3.833E-01  3.652E-01  3.472E-01  3.292E-01  3.114E-01  2.938E-01  2.763E-01  2.590E-01  2.420E-01  2.253E-01  2.089E-01  1.928E-01  1.771E-01  1.619E-01  1.471E-01  1.328E-01  1.191E-01  1.059E-01  9.339E-02  8.147E-02  7.022E-02  5.963E-02  4.973E-02  4.055E-02  3.210E-02  2.447E-02  1.774E-02  1.205E-02  7.584E-03
  335.0000  6.873E-01  6.678E-01  6.481E-01  6.282E-01  6.082E-01  5.880E-01  5.678E-01  5.474E-01  5.270E-01  5.061E-01  4.856E-01  4.651E-01  4.450E-01  4.246E-01  4.042E-01  3.839E-01  3.637E-01  3.437E-01  3.239E-01  3.043E-01  2.849E-01  2.658E-01  2.471E-01  2.287E-01  2.108E-01  1.933E-01  1.763E-01  1.598E-01  1.440E-01  1.287E-01  1.141E-01  1.002E-01  8.700E-02  7.452E-02  6.277E-02  5.178E-02  4.156E-02  3.219E-02  2.377E-02  1.647E-02  1.059E-02
  336.0000  5.850E-01  5.685E-01  5.518E-01  5.349E-01  5.180E-01  5.010E-01  4.838E-01  4.666E-01  4.493E-01  4.315E-01  4.142E-01  3.968E-01  3.798E-01  3.625E-01  3.452E-01  3.280E-01  3.109E-01  2.939E-01  2.771E-01  2.604E-01  2.440E-01  2.278E-01  2.118E-01  1.962E-01  1.809E-01  1.660E-01  1.515E-01  1.375E-01  1.240E-01  1.110E-01  9.849E-02  8.660E-02  7.531E-02  6.462E-02  5.455E-02  4.511E-02  3.632E-02  2.823E-02  2.093E-02  1.457E-02  9.410E-03
  337.0000  5.539E-01  5.381E-01  5.221E-01  5.060E-01  4.898E-01  4.735E-01  4.571E-01  4.406E-01  4.241E-01  4.071E-01  3.905E-01  3.739E-01  3.577E-01  3.411E-01  3.246E-01  3.082E-01  2.919E-01  2.757E-01  2.596E-01  2.437E-01  2.281E-01  2.126E-01  1.975E-01  1.826E-01  1.681E-01  1.540E-01  1.402E-01  1.270E-01  1.142E-01  1.019E-01  9.012E-02  7.894E-02  6.835E-02  5.836E-02  4.898E-02  4.022E-02  3.212E-02  2.473E-02  1.813E-02  1.246E-02  7.941E-03
  338.0000  6.218E-01  6.042E-01  5.864E-01  5.684E-01  5.504E-01  5.322E-01  5.139E-01  4.955E-01  4.770E-01  4.581E-01  4.396E-01  4.211E-01  4.029E-01  3.844E-01  3.660E-01  3.476E-01  3.294E-01  3.112E-01  2.933E-01  2.755E-01  2.580E-01  2.407E-01  2.237E-01  2.070E-01  1.907E-01  1.749E-01  1.594E-01  1.445E-01  1.301E-01  1.162E-01  1.030E-01  9.037E-02  7.840E-02  6.710E-02  5.646E-02  4.652E-02  3.730E-02  2.885E-02  2.126E-02  1.470E-02  9.417E-03
  339.0000  6.614E-01  6.428E-01  6.241E-01  6.052E-01  5.862E-01  5.671E-01  5.478E-01  5.284E-01  5.090E-01  4.891E-01  4.695E-01  4.500E-01  4.309E-01  4.114E-01  3.919E-01  3.725E-01  3.532E-01  3.340E-01  3.150E-01  2.962E-01  2.776E-01  2.593E-01  2.413E-01  2.236E-01  2.063E-01  1.894E-01  1.730E-01  1.571E-01  1.417E-01  1.269E-01  1.127E-01  9.921E-02  8.636E-02  7.419E-02  6.272E-02  5.196E-02  4.193E-02  3.267E-02  2.430E-02  1.697E-02  1.099E-02
  340.0000  7.439E-01  7.230E-01  7.018E-01  6.805E-01  6.591E-01  6.374E-01  6.157E-01  5.939E-01  5.719E-01  5.494E-01  5.274E-01  5.054E-01  4.838E-01  4.618E-01  4.398E-01  4.179E-01  3.961E-01  3.745E-01  3.531E-01  3.319E-01  3.109E-01  2.903E-01  2.699E-01  2.500E-01  2.305E-01  2.115E-01  1.930E-01  1.751E-01  1.578E-01  1.411E-01  1.252E-01  1.100E-01  9.560E-02  8.197E-02  6.914E-02  5.712E-02  4.595E-02  3.567E-02  2.640E-02  1.834E-02  1.181E-02
  341.0000  6.544E-01  6.361E-01  6.176E-01  5.989E-01  5.801E-01  5.612E-01  5.422E-01  5.230E-01  5.038E-01  4.841E-01  4.648E-01  4.455E-01  4.265E-01  4.072E-01  3.880E-01  3.688E-01  3.497E-01  3.307E-01  3.119E-01  2.932E-01  2.748E-01  2.567E-01  2.388E-01  2.213E-01  2.041E-01  1.874E-01  1.711E-01  1.553E-01  1.401E-01  1.254E-01  1.113E-01  9.793E-02  8.520E-02  7.315E-02  6.180E-02  5.115E-02  4.124E-02  3.210E-02  2.384E-02  1.662E-02  1.074E-02
  342.0000  6.688E-01  6.502E-01  6.314E-01  6.125E-01  5.933E-01  5.741E-01  5.547E-01  5.353E-01  5.157E-01  4.957E-01  4.760E-01  4.564E-01  4.371E-01  4.174E-01  3.978E-01  3.783E-01  3.588E-01  3.395E-01  3.203E-01  3.013E-01  2.825E-01  2.640E-01  2.457E-01  2.278E-01  2.103E-01  1.932E-01  1.765E-01  1.603E-01  1.447E-01  1.297E-01  1.153E-01  1.015E-01  8.846E-02  7.608E-02  6.441E-02  5.344E-02  4.321E-02  3.375E-02  2.517E-02  1.763E-02  1.145E-02
  343.0000  7.030E-01  6.834E-01  6.637E-01  6.437E-01  6.237E-01  6.035E-01  5.831E-01  5.627E-01  5.421E-01  5.211E-01  5.004E-01  4.798E-01  4.595E-01  4.389E-01  4.183E-01  3.977E-01  3.772E-01  3.569E-01  3.367E-01  3.168E-01  2.970E-01  2.775E-01  2.584E-01  2.395E-01  2.211E-01  2.031E-01  1.855E-01  1.685E-01  1.521E-01  1.363E-01  1.211E-01  1.067E-01  9.291E-02  7.989E-02  6.761E-02  5.609E-02  4.533E-02  3.540E-02  2.638E-02  1.846E-02  1.198E-02
  344.0000  5.695E-01  5.536E-01  5.375E-01  5.213E-01  5.050E-01  4.886E-01  4.720E-01  4.554E-01  4.387E-01  4.216E-01  4.048E-01  3.880E-01  3.716E-01  3.547E-01  3.380E-01  3.213E-01  3.046E-01  2.881E-01  2.717E-01  2.555E-01  2.395E-01  2.236E-01  2.080E-01  1.928E-01  1.778E-01  1.632E-01  1.489E-01  1.352E-01  1.218E-01  1.090E-01  9.676E-02  8.506E-02  7.395E-02  6.345E-02  5.356E-02  4.430E-02  3.567E-02  2.774E-02  2.057E-02  1.431E-02  9.220E-03
  345.0000  6.372E-01  6.195E-01  6.016E-01  5.836E-01  5.655E-01  5.472E-01  5.288E-01  5.103E-01  4.917E-01  4.727E-01  4.540E-01  4.353E-01  4.169E-01  3.982E-01  3.796E-01  3.609E-01  3.424E-01  3.240E-01  3.057E-01  2.876E-01  2.697E-01  2.520E-01  2.346E-01  2.175E-01  2.007E-01  1.844E-01  1.685E-01  1.530E-01  1.381E-01  1.237E-01  1.100E-01  9.680E-02  8.431E-02  7.248E-02  6.133E-02  5.087E-02  4.112E-02  3.210E-02  2.392E-02  1.673E-02  1.085E-02
  346.0000  6.484E-01  6.304E-01  6.122E-01  5.938E-01  5.753E-01  5.567E-01  5.379E-01  5.191E-01  5.001E-01  4.807E-01  4.617E-01  4.426E-01  4.239E-01  4.048E-01  3.858E-01  3.668E-01  3.479E-01  3.291E-01  3.105E-01  2.920E-01  2.738E-01  2.558E-01  2.380E-01  2.206E-01  2.035E-01  1.869E-01  1.706E-01  1.549E-01  1.397E-01  1.251E-01  1.111E-01  9.768E-02  8.498E-02  7.296E-02  6.165E-02  5.105E-02  4.117E-02  3.207E-02  2.382E-02  1.661E-02  1.072E-02
  347.0000  6.979E-01  6.785E-01  6.590E-01  6.393E-01  6.194E-01  5.994E-01  5.793E-01  5.590E-01  5.387E-01  5.178E-01  4.974E-01  4.769E-01  4.568E-01  4.363E-01  4.159E-01  3.955E-01  3.751E-01  3.549E-01  3.349E-01  3.150E-01  2.954E-01  2.760E-01  2.569E-01  2.382E-01  2.198E-01  2.018E-01  1.844E-01  1.674E-01  1.510E-01  1.352E-01  1.201E-01  1.057E-01  9.198E-02  7.902E-02  6.681E-02  5.536E-02  4.469E-02  3.485E-02  2.592E-02  1.810E-02  1.170E-02
  348.0000  6.083E-01  5.915E-01  5.745E-01  5.573E-01  5.401E-01  5.227E-01  5.052E-01  4.876E-01  4.699E-01  4.517E-01  4.339E-01  4.161E-01  3.986E-01  3.808E-01  3.630E-01  3.452E-01  3.275E-01  3.099E-01  2.925E-01  2.752E-01  2.581E-01  2.412E-01  2.245E-01  2.082E-01  1.921E-01  1.765E-01  1.612E-01  1.464E-01  1.321E-01  1.184E-01  1.052E-01  9.256E-02  8.058E-02  6.926E-02  5.859E-02  4.858E-02  3.925E-02  3.064E-02  2.282E-02  1.595E-02  1.033E-02
  349.0000  6.246E-01  6.073E-01  5.899E-01  5.724E-01  5.547E-01  5.368E-01  5.189E-01  5.008E-01  4.827E-01  4.641E-01  4.459E-01  4.276E-01  4.097E-01  3.914E-01  3.731E-01  3.549E-01  3.367E-01  3.187E-01  3.008E-01  2.830E-01  2.654E-01  2.481E-01  2.310E-01  2.142E-01  1.977E-01  1.817E-01  1.660E-01  1.508E-01  1.361E-01  1.219E-01  1.083E-01  9.536E-02  8.305E-02  7.139E-02  6.042E-02  5.012E-02  4.052E-02  3.165E-02  2.359E-02  1.650E-02  1.069E-02
  350.0000  7.216E-01  7.017E-01  6.816E-01  6.613E-01  6.409E-01  6.203E-01  5.996E-01  5.787E-01  5.578E-01  5.363E-01  5.152E-01  4.941E-01  4.734E-01  4.523E-01  4.312E-01  4.101E-01  3.892E-01  3.683E-01  3.476E-01  3.271E-01  3.068E-01  2.867E-01  2.670E-01  2.475E-01  2.285E-01  2.099E-01  1.918E-01  1.742E-01  1.572E-01  1.408E-01  1.251E-01  1.101E-01  9.585E-02  8.238E-02  6.970E-02  5.780E-02  4.671E-02  3.646E-02  2.716E-02  1.899E-02  1.229E-02
------------------------------------------------------------
